1.244
5.418
5.69
5.889
5.909
6.003
6.199
6.374
6.55
6.593
6.595
6.606
6.64
6.658
6.666
6.673
6.695
6.695
6.832
6.836
6.87
6.892
6.909
6.911
6.916
6.919
6.974
7.004
7.012
7.031
7.053
7.076
7.08
7.104
7.107
7.108
7.14
7.154
7.208
7.213
7.24
7.253
7.254
7.256
7.261
7.291
7.328
7.33
7.336
7.35
7.365
7.384
7.388
7.391
7.397
7.401
7.41
7.411
7.428
7.443
7.454
7.463
7.488
7.5
7.515
7.52
7.52
7.526
7.538
7.539
7.542
7.544
7.553
7.557
7.572
7.574
7.574
7.58
7.588
7.589
7.591
7.596
7.598
7.607
7.615
7.626
7.629
7.629
7.632
7.638
7.641
7.642
7.643
7.645
7.646
7.664
7.671
7.68
7.682
7.689
7.692
7.698
7.705
7.713
7.73
7.731
7.739
7.741
7.743
7.75
7.758
7.761
7.761
7.78
7.781
7.785
7.79
7.798
7.804
7.813
7.817
7.824
7.824
7.837
7.837
7.839
7.843
7.844
7.847
7.852
7.858
7.859
7.872
7.872
7.873
7.878
7.882
7.885
7.89
7.901
7.905
7.907
7.915
7.922
7.925
7.932
7.948
7.949
7.954
7.956
7.969
7.971
7.973
7.98
7.991
8.001
8.004
8.028
8.03
8.032
8.038
8.043
8.046
8.047
8.05
8.064
8.065
8.07
8.073
8.075
8.083
8.085
8.089
8.09
8.095
8.098
8.102
8.108
8.109
8.125
8.128
8.128
8.133
8.144
8.145
8.148
8.151
8.159
8.162
8.165
8.167
8.17
8.175
8.182
8.188
8.188
8.193
8.193
8.198
8.2
8.206
8.207
8.208
8.219
8.22
8.225
8.226
8.227
8.23
8.239
8.241
8.242
8.256
8.261
8.262
8.263
8.264
8.271
8.272
8.277
8.279
8.286
8.288
8.288
8.299
8.303
8.306
8.306
8.306
8.309
8.317
8.32
8.324
8.333
8.334
8.336
8.338
8.348
8.348
8.355
8.36
8.362
8.376
8.378
8.388
8.388
8.392
8.394
8.397
8.399
8.403
8.421
8.425
8.428
8.431
8.431
8.431
8.442
8.444
8.444
8.449
8.45
8.453
8.457
8.458
8.462
8.464
8.465
8.467
8.473
8.474
8.48
8.483
8.483
8.503
8.505
8.506
8.508
8.51
8.512
8.512
8.513
8.514
8.521
8.524
8.529
8.529
8.533
8.533
8.534
8.535
8.536
8.538
8.539
8.551
8.555
8.561
8.566
8.573
8.573
8.573
8.576
8.576
8.579
8.58
8.581
8.583
8.583
8.583
8.583
8.584
8.584
8.584
8.584
8.585
8.585
8.598
8.598
8.6
8.604
8.606
8.61
8.613
8.617
8.619
8.619
8.625
8.626
8.629
8.63
8.632
8.633
8.638
8.64
8.644
8.644
8.644
8.645
8.646
8.647
8.651
8.652
8.657
8.657
8.664
8.673
8.673
8.675
8.675
8.678
8.68
8.682
8.685
8.687
8.695
8.7
8.706
8.706
8.708
8.71
8.71
8.711
8.712
8.712
8.714
8.72
8.724
8.725
8.728
8.739
8.745
8.746
8.746
8.751
8.755
8.757
8.758
8.758
8.759
8.76
8.761
8.765
8.766
8.77
8.773
8.776
8.778
8.784
8.784
8.785
8.79
8.792
8.794
8.796
8.803
8.805
8.809
8.811
8.823
8.828
8.829
8.836
8.84
8.842
8.843
8.849
8.849
8.85
8.852
8.86
8.87
8.871
8.877
8.879
8.881
8.887
8.888
8.89
8.893
8.893
8.895
8.895
8.902
8.904
8.906
8.911
8.912
8.915
8.931
8.934
8.935
8.936
8.938
8.945
8.948
8.948
8.952
8.956
8.956
8.956
8.96
8.963
8.969
8.969
8.971
8.971
8.973
8.975
8.976
8.977
8.977
8.978
8.981
8.987
8.988
8.994
8.996
8.996
9.002
9.005
9.005
9.006
9.007
9.007
9.007
9.01
9.013
9.016
9.018
9.02
9.027
9.028
9.031
9.032
9.034
9.035
9.038
9.046
9.047
9.047
9.05
9.052
9.053
9.055
9.06
9.069
9.071
9.076
9.078
9.082
9.086
9.086
9.086
9.093
9.096
9.096
9.096
9.097
9.1
9.101
9.103
9.103
9.105
9.105
9.105
9.106
9.115
9.116
9.12
9.121
9.125
9.125
9.127
9.129
9.131
9.132
9.133
9.138
9.138
9.144
9.145
9.15
9.155
9.158
9.161
9.161
9.165
9.166
9.173
9.174
9.18
9.183
9.183
9.187
9.187
9.19
9.196
9.197
9.201
9.205
9.209
9.216
9.217
9.221
9.224
9.224
9.224
9.23
9.232
9.235
9.239
9.241
9.242
9.242
9.248
9.248
9.252
9.252
9.255
9.256
9.258
9.26
9.262
9.263
9.268
9.272
9.273
9.274
9.275
9.28
9.283
9.284
9.288
9.289
9.29
9.29
9.291
9.299
9.302
9.303
9.304
9.306
9.307
9.308
9.308
9.314
9.315
9.32
9.323
9.324
9.324
9.325
9.325
9.327
9.329
9.329
9.331
9.333
9.333
9.335
9.344
9.344
9.352
9.353
9.357
9.362
9.363
9.363
9.366
9.37
9.371
9.379
9.379
9.38
9.38
9.381
9.385
9.385
9.386
9.387
9.388
9.39
9.398
9.399
9.402
9.405
9.406
9.406
9.407
9.408
9.41
9.411
9.415
9.42
9.424
9.424
9.428
9.43
9.432
9.434
9.444
9.448
9.451
9.452
9.453
9.454
9.457
9.458
9.458
9.464
9.469
9.476
9.478
9.479
9.481
9.483
9.488
9.491
9.497
9.498
9.498
9.5
9.501
9.502
9.504
9.506
9.507
9.507
9.511
9.512
9.512
9.514
9.515
9.515
9.521
9.521
9.522
9.526
9.527
9.528
9.53
9.535
9.536
9.537
9.542
9.542
9.544
9.545
9.546
9.547
9.548
9.55
9.556
9.557
9.558
9.559
9.561
9.562
9.563
9.563
9.565
9.566
9.568
9.574
9.575
9.577
9.578
9.579
9.579
9.585
9.587
9.588
9.588
9.591
9.594
9.597
9.599
9.6
9.603
9.607
9.611
9.612
9.612
9.613
9.613
9.615
9.617
9.617
9.618
9.618
9.618
9.619
9.62
9.62
9.623
9.624
9.625
9.628
9.629
9.632
9.633
9.634
9.639
9.643
9.643
9.646
9.648
9.653
9.654
9.656
9.659
9.659
9.659
9.661
9.665
9.666
9.668
9.67
9.672
9.674
9.681
9.683
9.686
9.69
9.692
9.695
9.698
9.698
9.698
9.699
9.699
9.703
9.705
9.714
9.715
9.718
9.718
9.722
9.727
9.728
9.728
9.731
9.731
9.733
9.733
9.738
9.739
9.741
9.742
9.744
9.744
9.748
9.749
9.75
9.755
9.757
9.757
9.758
9.761
9.764
9.768
9.769
9.769
9.77
9.772
9.775
9.779
9.78
9.781
9.782
9.784
9.785
9.786
9.786
9.787
9.787
9.788
9.788
9.792
9.794
9.794
9.794
9.797
9.797
9.803
9.811
9.811
9.822
9.828
9.829
9.83
9.83
9.831
9.832
9.833
9.84
9.851
9.853
9.855
9.857
9.861
9.861
9.862
9.864
9.867
9.878
9.881
9.881
9.883
9.884
9.885
9.885
9.889
9.889
9.889
9.891
9.892
9.892
9.892
9.894
9.898
9.899
9.899
9.899
9.9
9.901
9.904
9.905
9.905
9.91
9.912
9.912
9.916
9.917
9.918
9.918
9.919
9.921
9.926
9.928
9.929
9.93
9.93
9.931
9.931
9.933
9.933
9.937
9.942
9.951
9.953
9.954
9.958
9.96
9.961
9.962
9.965
9.966
9.967
9.978
9.979
9.983
9.985
9.985
9.99
9.994
9.994
9.995
10.001
10.001
10.002
10.004
10.007
10.008
10.009
10.01
10.014
10.014
10.015
10.019
10.022
10.024
10.028
10.028
10.03
10.031
10.032
10.035
10.036
10.038
10.041
10.041
10.041
10.044
10.044
10.045
10.046
10.051
10.056
10.057
10.059
10.061
10.063
10.066
10.067
10.068
10.069
10.07
10.073
10.073
10.074
10.075
10.076
10.076
10.08
10.083
10.084
10.087
10.092
10.094
10.094
10.096
10.105
10.106
10.107
10.108
10.11
10.113
10.115
10.118
10.118
10.119
10.121
10.127
10.128
10.129
10.129
10.131
10.132
10.133
10.141
10.142
10.143
10.144
10.153
10.154
10.161
10.162
10.167
10.168
10.18
10.181
10.182
10.182
10.183
10.185
10.185
10.189
10.189
10.189
10.192
10.193
10.196
10.196
10.198
10.201
10.202
10.205
10.208
10.209
10.21
10.219
10.22
10.224
10.235
10.238
10.242
10.244
10.247
10.247
10.247
10.248
10.25
10.251
10.253
10.255
10.256
10.258
10.258
10.26
10.26
10.263
10.264
10.265
10.265
10.267
10.268
10.268
10.269
10.27
10.272
10.276
10.278
10.28
10.281
10.282
10.283
10.284
10.285
10.285
10.288
10.289
10.289
10.289
10.289
10.291
10.291
10.297
10.297
10.298
10.3
10.302
10.306
10.307
10.307
10.314
10.317
10.319
10.319
10.321
10.323
10.326
10.326
10.327
10.327
10.329
10.33
10.342
10.348
10.351
10.351
10.353
10.354
10.354
10.359
10.365
10.365
10.375
10.375
10.375
10.376
10.378
10.38
10.381
10.381
10.381
10.384
10.384
10.389
10.392
10.392
10.394
10.395
10.402
10.403
10.403
10.412
10.413
10.414
10.415
10.418
10.421
10.431
10.431
10.433
10.434
10.438
10.439
10.44
10.44
10.441
10.442
10.442
10.444
10.445
10.449
10.45
10.451
10.451
10.451
10.453
10.455
10.458
10.459
10.459
10.46
10.461
10.463
10.465
10.466
10.466
10.47
10.471
10.472
10.473
10.476
10.483
10.484
10.486
10.488
10.489
10.489
10.491
10.492
10.492
10.492
10.495
10.5
10.502
10.503
10.51
10.512
10.515
10.515
10.516
10.516
10.519
10.519
10.52
10.521
10.528
10.529
10.531
10.532
10.533
10.536
10.538
10.539
10.54
10.54
10.541
10.548
10.552
10.554
10.554
10.558
10.562
10.563
10.563
10.564
10.568
10.57
10.571
10.571
10.572
10.576
10.577
10.579
10.58
10.582
10.582
10.585
10.587
10.588
10.596
10.597
10.598
10.598
10.602
10.602
10.603
10.604
10.604
10.606
10.607
10.611
10.612
10.613
10.614
10.616
10.618
10.618
10.621
10.623
10.625
10.625
10.625
10.631
10.635
10.637
10.64
10.64
10.64
10.641
10.641
10.647
10.648
10.65
10.65
10.654
10.655
10.655
10.655
10.657
10.66
10.661
10.661
10.665
10.666
10.669
10.669
10.674
10.676
10.677
10.678
10.68
10.68
10.681
10.682
10.682
10.683
10.691
10.691
10.699
10.703
10.704
10.705
10.705
10.706
10.712
10.718
10.722
10.723
10.732
10.734
10.735
10.737
10.739
10.741
10.743
10.745
10.753
10.754
10.754
10.755
10.758
10.764
10.766
10.767
10.768
10.771
10.772
10.774
10.774
10.776
10.779
10.782
10.784
10.786
10.787
10.787
10.787
10.789
10.791
10.791
10.792
10.794
10.795
10.8
10.801
10.802
10.804
10.804
10.804
10.805
10.805
10.806
10.806
10.806
10.811
10.814
10.815
10.816
10.816
10.818
10.824
10.826
10.827
10.827
10.828
10.829
10.829
10.834
10.837
10.84
10.841
10.843
10.843
10.852
10.852
10.856
10.858
10.859
10.861
10.862
10.862
10.863
10.866
10.869
10.872
10.873
10.876
10.88
10.881
10.882
10.885
10.885
10.89
10.891
10.892
10.893
10.893
10.895
10.896
10.898
10.899
10.901
10.907
10.912
10.912
10.917
10.919
10.924
10.925
10.928
10.93
10.931
10.932
10.933
10.933
10.935
10.938
10.938
10.938
10.94
10.94
10.94
10.943
10.943
10.945
10.949
10.953
10.954
10.958
10.965
10.967
10.97
10.972
10.973
10.978
10.98
10.981
10.984
10.986
10.986
10.987
10.988
10.99
10.994
10.994
11.001
11.001
11.004
11.004
11.005
11.007
11.01
11.012
11.012
11.013
11.014
11.015
11.017
11.017
11.018
11.019
11.022
11.022
11.025
11.025
11.026
11.036
11.039
11.04
11.041
11.042
11.043
11.045
11.045
11.046
11.047
11.048
11.049
11.049
11.05
11.06
11.062
11.066
11.068
11.071
11.076
11.079
11.08
11.082
11.082
11.083
11.083
11.085
11.086
11.087
11.089
11.093
11.094
11.097
11.098
11.098
11.102
11.103
11.106
11.106
11.107
11.107
11.107
11.108
11.109
11.113
11.126
11.132
11.137
11.138
11.144
11.148
11.148
11.15
11.15
11.15
11.151
11.152
11.152
11.152
11.161
11.162
11.162
11.168
11.169
11.172
11.172
11.173
11.173
11.174
11.175
11.175
11.177
11.178
11.179
11.18
11.182
11.183
11.184
11.184
11.185
11.189
11.19
11.196
11.198
11.198
11.198
11.2
11.201
11.201
11.204
11.206
11.208
11.212
11.214
11.215
11.218
11.221
11.223
11.223
11.226
11.226
11.227
11.23
11.231
11.231
11.232
11.233
11.233
11.235
11.236
11.24
11.245
11.253
11.254
11.254
11.255
11.258
11.262
11.262
11.267
11.268
11.268
11.269
11.271
11.272
11.274
11.279
11.283
11.284
11.284
11.285
11.285
11.285
11.286
11.288
11.289
11.289
11.293
11.296
11.297
11.299
11.302
11.304
11.311
11.316
11.32
11.326
11.328
11.328
11.33
11.333
11.335
11.337
11.337
11.338
11.339
11.34
11.344
11.345
11.346
11.346
11.348
11.353
11.353
11.359
11.364
11.369
11.373
11.374
11.374
11.385
11.386
11.388
11.388
11.389
11.389
11.392
11.392
11.394
11.4
11.401
11.401
11.405
11.408
11.413
11.414
11.418
11.418
11.418
11.419
11.423
11.426
11.429
11.443
11.443
11.45
11.453
11.454
11.456
11.458
11.459
11.459
11.461
11.463
11.464
11.465
11.472
11.472
11.478
11.481
11.481
11.481
11.482
11.484
11.485
11.486
11.486
11.488
11.488
11.49
11.492
11.493
11.494
11.497
11.497
11.498
11.501
11.504
11.509
11.51
11.512
11.514
11.52
11.521
11.523
11.524
11.527
11.53
11.53
11.534
11.535
11.535
11.54
11.546
11.547
11.548
11.553
11.555
11.557
11.559
11.56
11.564
11.571
11.572
11.573
11.573
11.573
11.576
11.582
11.585
11.585
11.586
11.587
11.587
11.587
11.589
11.591
11.594
11.595
11.598
11.601
11.613
11.614
11.616
11.621
11.622
11.624
11.627
11.628
11.629
11.631
11.632
11.634
11.635
11.637
11.638
11.639
11.643
11.643
11.643
11.645
11.649
11.65
11.65
11.651
11.652
11.663
11.665
11.666
11.666
11.668
11.671
11.672
11.673
11.678
11.687
11.687
11.692
11.697
11.698
11.698
11.704
11.704
11.705
11.711
11.713
11.718
11.72
11.72
11.721
11.721
11.722
11.725
11.73
11.742
11.743
11.744
11.745
11.747
11.747
11.749
11.75
11.754
11.754
11.758
11.766
11.767
11.768
11.774
11.774
11.775
11.779
11.782
11.785
11.794
11.796
11.796
11.798
11.801
11.802
11.805
11.806
11.809
11.813
11.813
11.815
11.816
11.819
11.821
11.823
11.824
11.826
11.827
11.828
11.833
11.834
11.836
11.837
11.842
11.843
11.851
11.853
11.854
11.858
11.86
11.86
11.86
11.861
11.863
11.865
11.868
11.87
11.873
11.873
11.875
11.877
11.878
11.879
11.879
11.879
11.88
11.882
11.884
11.891
11.893
11.895
11.897
11.898
11.899
11.9
11.902
11.902
11.903
11.905
11.906
11.907
11.908
11.912
11.913
11.915
11.916
11.917
11.917
11.918
11.919
11.922
11.927
11.928
11.93
11.932
11.933
11.94
11.942
11.944
11.944
11.947
11.95
11.951
11.951
11.952
11.955
11.956
11.958
11.96
11.964
11.965
11.971
11.972
11.972
11.975
11.975
11.975
11.979
11.981
11.981
11.982
11.982
11.983
11.983
11.986
11.987
11.989
11.989
11.992
11.993
12.001
12.002
12.006
12.008
12.01
12.01
12.011
12.015
12.015
12.015
12.016
12.018
12.022
12.024
12.026
12.028
12.029
12.03
12.032
12.034
12.035
12.037
12.042
12.043
12.044
12.051
12.052
12.052
12.054
12.055
12.057
12.058
12.06
12.061
12.062
12.063
12.065
12.065
12.069
12.074
12.076
12.076
12.077
12.08
12.083
12.086
12.09
12.102
12.104
12.107
12.11
12.116
12.117
12.121
12.121
12.124
12.125
12.125
12.127
12.129
12.129
12.13
12.134
12.134
12.136
12.136
12.138
12.14
12.14
12.143
12.147
12.15
12.151
12.156
12.159
12.161
12.162
12.165
12.165
12.169
12.17
12.171
12.175
12.178
12.178
12.179
12.179
12.18
12.18
12.184
12.186
12.186
12.187
12.189
12.19
12.19
12.192
12.194
12.195
12.198
12.199
12.201
12.203
12.204
12.208
12.209
12.209
12.215
12.216
12.217
12.219
12.222
12.224
12.225
12.228
12.229
12.23
12.232
12.236
12.239
12.24
12.244
12.247
12.248
12.255
12.255
12.255
12.256
12.257
12.26
12.261
12.261
12.262
12.266
12.266
12.269
12.269
12.27
12.271
12.272
12.277
12.279
12.279
12.283
12.283
12.284
12.285
12.286
12.288
12.294
12.298
12.31
12.323
12.323
12.325
12.326
12.33
12.333
12.334
12.337
12.34
12.342
12.344
12.345
12.348
12.348
12.349
12.35
12.351
12.355
12.355
12.357
12.358
12.358
12.358
12.358
12.361
12.364
12.366
12.366
12.366
12.367
12.369
12.372
12.375
12.375
12.378
12.383
12.385
12.387
12.388
12.391
12.394
12.399
12.406
12.411
12.418
12.418
12.42
12.428
12.43
12.437
12.444
12.444
12.449
12.451
12.454
12.465
12.466
12.471
12.472
12.472
12.473
12.473
12.473
12.477
12.477
12.478
12.478
12.479
12.481
12.482
12.483
12.488
12.493
12.495
12.496
12.497
12.498
12.499
12.503
12.507
12.511
12.512
12.517
12.521
12.522
12.523
12.523
12.525
12.53
12.532
12.534
12.536
12.54
12.544
12.548
12.549
12.551
12.552
12.552
12.553
12.553
12.554
12.559
12.566
12.569
12.575
12.577
12.58
12.58
12.583
12.584
12.588
12.589
12.596
12.596
12.596
12.598
12.6
12.6
12.605
12.605
12.607
12.611
12.618
12.619
12.619
12.622
12.626
12.628
12.629
12.629
12.633
12.633
12.633
12.635
12.642
12.642
12.644
12.644
12.646
12.648
12.648
12.656
12.658
12.66
12.664
12.664
12.668
12.67
12.676
12.679
12.68
12.681
12.682
12.682
12.684
12.685
12.686
12.686
12.691
12.692
12.692
12.692
12.692
12.693
12.694
12.695
12.695
12.697
12.699
12.699
12.7
12.701
12.701
12.702
12.705
12.705
12.707
12.708
12.71
12.71
12.711
12.712
12.713
12.713
12.715
12.715
12.715
12.717
12.718
12.723
12.724
12.728
12.733
12.733
12.734
12.734
12.735
12.735
12.737
12.739
12.743
12.744
12.745
12.752
12.753
12.763
12.768
12.772
12.772
12.772
12.773
12.774
12.776
12.778
12.779
12.782
12.783
12.784
12.785
12.785
12.787
12.789
12.79
12.79
12.792
12.792
12.795
12.798
12.798
12.8
12.807
12.808
12.811
12.814
12.821
12.823
12.824
12.824
12.828
12.829
12.831
12.832
12.835
12.836
12.839
12.84
12.844
12.846
12.852
12.852
12.852
12.854
12.855
12.855
12.856
12.856
12.862
12.864
12.869
12.875
12.878
12.879
12.88
12.882
12.882
12.883
12.888
12.893
12.898
12.898
12.899
12.899
12.899
12.902
12.906
12.908
12.91
12.91
12.913
12.913
12.914
12.914
12.914
12.919
12.922
12.924
12.925
12.935
12.936
12.936
12.939
12.942
12.945
12.945
12.95
12.952
12.957
12.96
12.96
12.961
12.961
12.962
12.967
12.971
12.972
12.972
12.974
12.975
12.976
12.981
12.987
12.989
12.994
12.994
12.995
12.995
12.998
12.999
13.003
13.004
13.009
13.013
13.017
13.019
13.021
13.022
13.023
13.025
13.027
13.03
13.031
13.033
13.035
13.035
13.036
13.039
13.039
13.041
13.045
13.046
13.051
13.051
13.053
13.056
13.056
13.06
13.063
13.065
13.065
13.066
13.067
13.069
13.069
13.07
13.074
13.074
13.075
13.078
13.081
13.082
13.083
13.085
13.085
13.088
13.091
13.093
13.097
13.103
13.106
13.107
13.111
13.112
13.114
13.119
13.119
13.127
13.13
13.139
13.141
13.144
13.148
13.153
13.153
13.154
13.158
13.162
13.166
13.169
13.17
13.172
13.174
13.178
13.178
13.179
13.18
13.183
13.187
13.187
13.189
13.189
13.192
13.193
13.194
13.197
13.198
13.2
13.204
13.205
13.206
13.207
13.209
13.211
13.212
13.213
13.213
13.214
13.216
13.222
13.227
13.227
13.233
13.234
13.235
13.237
13.239
13.24
13.242
13.248
13.249
13.249
13.25
13.251
13.253
13.254
13.257
13.26
13.261
13.265
13.273
13.273
13.275
13.275
13.278
13.286
13.289
13.29
13.296
13.301
13.303
13.304
13.305
13.306
13.307
13.31
13.314
13.317
13.319
13.327
13.331
13.332
13.333
13.334
13.339
13.344
13.348
13.354
13.354
13.363
13.364
13.364
13.365
13.369
13.371
13.371
13.373
13.375
13.375
13.378
13.379
13.384
13.386
13.387
13.39
13.394
13.395
13.4
13.402
13.403
13.403
13.41
13.412
13.413
13.413
13.416
13.422
13.422
13.424
13.424
13.437
13.44
13.444
13.445
13.445
13.449
13.45
13.45
13.451
13.453
13.454
13.456
13.457
13.458
13.458
13.461
13.462
13.47
13.479
13.482
13.491
13.496
13.5
13.5
13.503
13.504
13.506
13.507
13.508
13.508
13.509
13.509
13.519
13.522
13.523
13.523
13.523
13.524
13.526
13.528
13.531
13.533
13.535
13.536
13.538
13.539
13.539
13.54
13.542
13.542
13.544
13.546
13.549
13.55
13.553
13.556
13.559
13.56
13.563
13.564
13.568
13.568
13.569
13.569
13.57
13.57
13.573
13.574
13.58
13.58
13.582
13.583
13.585
13.586
13.588
13.59
13.592
13.595
13.598
13.598
13.599
13.606
13.62
13.623
13.625
13.625
13.632
13.638
13.64
13.641
13.644
13.645
13.647
13.65
13.653
13.66
13.66
13.666
13.666
13.666
13.669
13.67
13.674
13.678
13.679
13.68
13.68
13.692
13.694
13.698
13.699
13.704
13.706
13.709
13.709
13.711
13.711
13.712
13.712
13.713
13.713
13.719
13.721
13.723
13.723
13.725
13.725
13.728
13.732
13.735
13.737
13.74
13.74
13.742
13.743
13.743
13.744
13.744
13.749
13.75
13.751
13.753
13.754
13.754
13.757
13.76
13.76
13.764
13.764
13.766
13.776
13.777
13.779
13.782
13.784
13.785
13.786
13.788
13.788
13.79
13.791
13.793
13.796
13.8
13.802
13.806
13.807
13.808
13.814
13.816
13.817
13.818
13.819
13.82
13.824
13.825
13.826
13.831
13.831
13.835
13.837
13.841
13.842
13.843
13.845
13.848
13.855
13.858
13.858
13.86
13.86
13.862
13.864
13.867
13.869
13.87
13.872
13.876
13.876
13.878
13.881
13.881
13.886
13.889
13.889
13.89
13.891
13.893
13.898
13.899
13.903
13.91
13.91
13.914
13.919
13.927
13.931
13.932
13.933
13.935
13.94
13.943
13.945
13.946
13.946
13.95
13.957
13.961
13.964
13.964
13.966
13.967
13.968
13.97
13.972
13.973
13.973
13.974
13.979
13.983
13.992
13.995
13.996
13.999
14.001
14.001
14.004
14.004
14.008
14.011
14.012
14.013
14.016
14.017
14.018
14.022
14.024
14.025
14.029
14.032
14.034
14.037
14.037
14.041
14.042
14.048
14.048
14.054
14.057
14.058
14.058
14.059
14.06
14.061
14.062
14.062
14.066
14.068
14.069
14.069
14.069
14.071
14.074
14.077
14.078
14.079
14.082
14.083
14.085
14.088
14.088
14.09
14.093
14.093
14.099
14.113
14.117
14.124
14.133
14.138
14.144
14.15
14.152
14.156
14.164
14.167
14.167
14.172
14.177
14.187
14.188
14.19
14.195
14.201
14.201
14.202
14.202
14.203
14.203
14.205
14.207
14.216
14.217
14.229
14.232
14.237
14.238
14.239
14.241
14.244
14.245
14.246
14.248
14.249
14.25
14.251
14.253
14.257
14.257
14.263
14.265
14.268
14.271
14.273
14.277
14.278
14.28
14.281
14.288
14.292
14.294
14.296
14.298
14.299
14.301
14.302
14.303
14.304
14.306
14.307
14.307
14.308
14.311
14.312
14.324
14.324
14.325
14.33
14.33
14.331
14.335
14.336
14.343
14.344
14.347
14.349
14.351
14.352
14.354
14.355
14.358
14.368
14.37
14.372
14.386
14.387
14.388
14.395
14.398
14.401
14.401
14.402
14.402
14.406
14.409
14.412
14.415
14.417
14.417
14.417
14.418
14.418
14.42
14.421
14.422
14.423
14.426
14.43
14.434
14.437
14.439
14.44
14.44
14.443
14.444
14.444
14.452
14.452
14.454
14.46
14.463
14.474
14.48
14.483
14.484
14.485
14.493
14.495
14.499
14.5
14.502
14.502
14.503
14.505
14.505
14.511
14.515
14.516
14.519
14.522
14.525
14.525
14.53
14.532
14.532
14.533
14.533
14.534
14.542
14.543
14.549
14.558
14.559
14.56
14.56
14.56
14.569
14.572
14.574
14.575
14.582
14.587
14.588
14.588
14.594
14.601
14.602
14.602
14.608
14.609
14.613
14.62
14.633
14.637
14.638
14.642
14.647
14.648
14.649
14.65
14.653
14.654
14.654
14.657
14.658
14.661
14.661
14.67
14.678
14.679
14.68
14.684
14.685
14.685
14.689
14.693
14.693
14.694
14.697
14.698
14.699
14.708
14.719
14.723
14.725
14.729
14.736
14.737
14.747
14.756
14.761
14.762
14.764
14.769
14.771
14.778
14.779
14.784
14.785
14.786
14.788
14.795
14.798
14.798
14.8
14.801
14.802
14.807
14.813
14.813
14.814
14.819
14.823
14.828
14.83
14.834
14.835
14.836
14.845
14.846
14.847
14.849
14.856
14.857
14.859
14.865
14.869
14.87
14.87
14.873
14.874
14.882
14.882
14.885
14.887
14.894
14.896
14.905
14.906
14.909
14.913
14.915
14.916
14.918
14.92
14.923
14.933
14.934
14.934
14.935
14.938
14.944
14.956
14.957
14.958
14.958
14.964
14.965
14.968
14.97
14.977
14.98
14.983
14.994
14.996
14.996
14.996
14.997
15.002
15.003
15.007
15.01
15.015
15.018
15.021
15.024
15.025
15.027
15.028
15.038
15.043
15.044
15.045
15.048
15.049
15.051
15.061
15.064
15.065
15.067
15.073
15.073
15.077
15.081
15.081
15.083
15.083
15.087
15.088
15.089
15.094
15.097
15.098
15.1
15.102
15.104
15.108
15.11
15.117
15.118
15.119
15.125
15.126
15.127
15.132
15.134
15.141
15.141
15.143
15.144
15.156
15.157
15.158
15.159
15.16
15.168
15.172
15.173
15.174
15.175
15.176
15.177
15.178
15.179
15.184
15.187
15.187
15.188
15.189
15.196
15.197
15.2
15.203
15.203
15.203
15.205
15.214
15.224
15.226
15.231
15.234
15.238
15.238
15.241
15.251
15.252
15.257
15.265
15.267
15.267
15.27
15.27
15.272
15.276
15.282
15.288
15.306
15.31
15.31
15.311
15.315
15.316
15.32
15.328
15.338
15.34
15.341
15.342
15.348
15.348
15.352
15.353
15.354
15.364
15.366
15.368
15.37
15.375
15.379
15.381
15.382
15.384
15.393
15.395
15.395
15.397
15.398
15.403
15.403
15.404
15.407
15.407
15.412
15.414
15.415
15.423
15.428
15.428
15.433
15.434
15.449
15.45
15.453
15.455
15.457
15.459
15.465
15.469
15.471
15.471
15.473
15.475
15.479
15.48
15.48
15.482
15.482
15.485
15.487
15.493
15.495
15.497
15.499
15.499
15.504
15.505
15.52
15.52
15.521
15.522
15.526
15.526
15.528
15.531
15.534
15.553
15.557
15.561
15.564
15.564
15.565
15.565
15.567
15.569
15.571
15.576
15.577
15.579
15.586
15.588
15.593
15.595
15.598
15.612
15.615
15.624
15.624
15.628
15.629
15.636
15.644
15.654
15.659
15.664
15.666
15.666
15.666
15.667
15.668
15.669
15.688
15.689
15.691
15.7
15.7
15.701
15.702
15.705
15.711
15.712
15.714
15.717
15.719
15.721
15.724
15.725
15.726
15.727
15.729
15.729
15.734
15.742
15.743
15.745
15.747
15.748
15.748
15.752
15.755
15.757
15.758
15.758
15.762
15.763
15.77
15.77
15.781
15.782
15.784
15.788
15.791
15.804
15.808
15.813
15.815
15.815
15.834
15.834
15.84
15.841
15.844
15.844
15.846
15.851
15.852
15.861
15.862
15.87
15.871
15.873
15.875
15.877
15.885
15.887
15.888
15.894
15.894
15.894
15.9
15.904
15.909
15.913
15.915
15.918
15.92
15.924
15.929
15.933
15.936
15.942
15.942
15.948
15.953
15.954
15.956
15.959
15.964
15.964
15.965
15.965
15.972
15.977
15.979
15.98
15.984
15.984
15.984
15.984
15.989
15.989
15.991
15.992
15.996
15.997
15.999
16.003
16.008
16.009
16.011
16.013
16.013
16.014
16.017
16.027
16.027
16.033
16.035
16.038
16.045
16.05
16.056
16.057
16.057
16.059
16.062
16.067
16.076
16.079
16.081
16.088
16.091
16.094
16.094
16.097
16.104
16.105
16.107
16.11
16.112
16.113
16.114
16.123
16.123
16.123
16.131
16.132
16.133
16.134
16.134
16.136
16.137
16.138
16.141
16.147
16.149
16.154
16.162
16.163
16.165
16.165
16.166
16.171
16.181
16.193
16.208
16.21
16.21
16.216
16.22
16.221
16.224
16.227
16.227
16.239
16.245
16.245
16.247
16.248
16.249
16.257
16.258
16.259
16.259
16.261
16.263
16.267
16.267
16.269
16.271
16.271
16.282
16.284
16.285
16.29
16.298
16.305
16.306
16.31
16.323
16.336
16.338
16.34
16.344
16.35
16.353
16.358
16.359
16.363
16.364
16.368
16.369
16.369
16.369
16.37
16.371
16.375
16.377
16.385
16.398
16.399
16.401
16.404
16.405
16.408
16.411
16.412
16.416
16.418
16.423
16.429
16.43
16.434
16.437
16.44
16.446
16.455
16.462
16.467
16.474
16.488
16.497
16.5
16.505
16.51
16.511
16.517
16.518
16.523
16.525
16.527
16.528
16.529
16.537
16.543
16.546
16.547
16.551
16.557
16.563
16.571
16.574
16.575
16.578
16.584
16.589
16.592
16.594
16.595
16.596
16.61
16.61
16.613
16.62
16.626
16.628
16.629
16.634
16.636
16.647
16.653
16.668
16.668
16.672
16.676
16.69
16.696
16.701
16.708
16.709
16.718
16.722
16.724
16.725
16.729
16.734
16.737
16.746
16.747
16.757
16.768
16.77
16.774
16.775
16.778
16.784
16.786
16.787
16.788
16.792
16.796
16.805
16.812
16.813
16.814
16.823
16.823
16.825
16.828
16.837
16.847
16.848
16.855
16.857
16.86
16.862
16.868
16.872
16.872
16.877
16.883
16.89
16.892
16.899
16.909
16.923
16.926
16.927
16.938
16.942
16.943
16.953
16.953
16.957
16.968
16.974
16.978
16.981
16.981
16.989
16.993
17.002
17.007
17.021
17.025
17.026
17.037
17.038
17.042
17.042
17.042
17.045
17.046
17.046
17.05
17.058
17.067
17.069
17.072
17.074
17.078
17.08
17.086
17.093
17.095
17.096
17.1
17.103
17.104
17.104
17.107
17.108
17.11
17.117
17.121
17.132
17.141
17.143
17.167
17.173
17.175
17.176
17.18
17.186
17.188
17.189
17.191
17.197
17.198
17.2
17.205
17.205
17.205
17.215
17.224
17.226
17.234
17.238
17.242
17.243
17.245
17.245
17.248
17.249
17.252
17.252
17.252
17.254
17.256
17.258
17.264
17.264
17.267
17.277
17.279
17.281
17.3
17.301
17.306
17.307
17.31
17.316
17.319
17.319
17.336
17.358
17.365
17.368
17.375
17.375
17.381
17.392
17.398
17.401
17.405
17.409
17.411
17.412
17.412
17.412
17.417
17.425
17.426
17.426
17.427
17.436
17.448
17.451
17.459
17.467
17.47
17.474
17.474
17.5
17.502
17.503
17.504
17.505
17.512
17.513
17.529
17.529
17.53
17.53
17.535
17.535
17.543
17.56
17.567
17.573
17.584
17.589
17.6
17.602
17.603
17.606
17.612
17.613
17.614
17.633
17.638
17.639
17.646
17.646
17.647
17.651
17.654
17.655
17.656
17.666
17.667
17.669
17.669
17.677
17.677
17.687
17.689
17.689
17.699
17.7
17.7
17.703
17.706
17.706
17.713
17.723
17.731
17.731
17.733
17.733
17.743
17.748
17.751
17.752
17.765
17.771
17.772
17.784
17.786
17.788
17.793
17.794
17.797
17.803
17.808
17.815
17.817
17.82
17.828
17.828
17.846
17.849
17.85
17.853
17.853
17.858
17.869
17.89
17.9
17.915
17.916
17.929
17.931
17.932
17.938
17.951
17.955
17.96
17.967
17.968
17.97
17.98
17.983
17.983
17.99
18.006
18.007
18.008
18.019
18.02
18.027
18.03
18.032
18.033
18.045
18.05
18.052
18.063
18.066
18.068
18.07
18.085
18.086
18.086
18.1
18.11
18.112
18.121
18.125
18.128
18.135
18.135
18.14
18.14
18.141
18.143
18.15
18.152
18.178
18.185
18.195
18.2
18.205
18.209
18.216
18.219
18.231
18.255
18.256
18.262
18.262
18.277
18.285
18.296
18.3
18.304
18.307
18.309
18.312
18.313
18.314
18.324
18.325
18.348
18.361
18.369
18.381
18.382
18.383
18.395
18.399
18.402
18.409
18.416
18.416
18.423
18.426
18.428
18.438
18.44
18.454
18.465
18.468
18.472
18.472
18.477
18.485
18.488
18.514
18.52
18.534
18.543
18.544
18.58
18.583
18.594
18.595
18.606
18.613
18.622
18.633
18.659
18.668
18.682
18.688
18.693
18.713
18.716
18.718
18.72
18.731
18.735
18.739
18.745
18.746
18.759
18.76
18.767
18.776
18.776
18.777
18.794
18.808
18.816
18.821
18.826
18.831
18.833
18.834
18.845
18.859
18.86
18.866
18.871
18.879
18.879
18.883
18.886
18.896
18.906
18.909
18.909
18.915
18.925
18.927
18.938
18.947
18.952
18.973
18.981
18.983
18.987
19.002
19.012
19.014
19.015
19.023
19.028
19.032
19.032
19.036
19.048
19.055
19.062
19.076
19.077
19.085
19.101
19.115
19.122
19.125
19.161
19.162
19.171
19.178
19.179
19.18
19.205
19.214
19.236
19.24
19.247
19.248
19.269
19.286
19.293
19.294
19.303
19.311
19.337
19.346
19.354
19.358
19.364
19.372
19.378
19.379
19.382
19.385
19.393
19.419
19.419
19.42
19.424
19.434
19.458
19.463
19.466
19.474
19.483
19.493
19.502
19.51
19.51
19.53
19.543
19.55
19.571
19.583
19.589
19.598
19.599
19.604
19.608
19.619
19.63
19.632
19.634
19.644
19.655
19.656
19.674
19.676
19.683
19.688
19.704
19.751
19.757
19.762
19.768
19.77
19.781
19.791
19.797
19.829
19.843
19.875
19.898
19.901
19.909
19.911
19.912
19.918
19.926
19.927
19.93
19.934
19.937
19.941
19.956
19.958
19.976
20
20.014
20.018
20.034
20.053
20.055
20.067
20.07
20.09
20.098
20.103
20.122
20.141
20.142
20.166
20.181
20.189
20.196
20.199
20.201
20.201
20.202
20.219
20.23
20.263
20.268
20.271
20.273
20.278
20.28
20.282
20.282
20.287
20.294
20.308
20.314
20.316
20.329
20.336
20.352
20.366
20.378
20.384
20.394
20.401
20.41
20.416
20.417
20.431
20.432
20.449
20.457
20.458
20.466
20.49
20.493
20.508
20.526
20.534
20.54
20.546
20.556
20.558
20.559
20.562
20.565
20.594
20.595
20.595
20.612
20.634
20.635
20.643
20.656
20.672
20.693
20.718
20.745
20.753
20.777
20.782
20.798
20.814
20.843
20.846
20.894
20.905
20.908
20.909
20.929
20.938
20.942
20.95
20.988
20.999
21.008
21.015
21.026
21.028
21.039
21.042
21.043
21.048
21.057
21.065
21.115
21.122
21.134
21.17
21.179
21.188
21.19
21.201
21.233
21.238
21.256
21.26
21.27
21.292
21.296
21.304
21.317
21.348
21.352
21.366
21.378
21.408
21.419
21.438
21.451
21.47
21.471
21.485
21.523
21.524
21.544
21.552
21.559
21.564
21.567
21.589
21.599
21.621
21.624
21.627
21.628
21.631
21.636
21.656
21.663
21.668
21.698
21.701
21.705
21.721
21.746
21.782
21.804
21.829
21.832
21.948
21.956
21.961
21.974
21.991
22.047
22.048
22.068
22.08
22.146
22.148
22.193
22.193
22.197
22.23
22.234
22.255
22.272
22.282
22.287
22.298
22.299
22.302
22.429
22.433
22.434
22.458
22.495
22.5
22.515
22.58
22.6
22.609
22.623
22.636
22.644
22.645
22.656
22.667
22.67
22.677
22.703
22.715
22.719
22.719
22.761
22.765
22.792
22.842
22.847
22.851
22.873
22.923
22.947
22.963
23.012
23.026
23.035
23.037
23.039
23.044
23.077
23.083
23.11
23.146
23.166
23.17
23.173
23.189
23.219
23.223
23.261
23.328
23.356
23.358
23.386
23.4
23.455
23.469
23.487
23.491
23.498
23.501
23.61
23.623
23.636
23.665
23.714
23.739
23.754
23.794
23.833
23.854
23.935
23.958
24.093
24.113
24.114
24.127
24.151
24.209
24.209
24.214
24.247
24.337
24.346
24.397
24.418
24.445
24.452
24.462
24.473
24.482
24.493
24.536
24.552
24.562
24.58
24.585
24.616
24.659
24.775
24.787
24.905
24.921
25.017
25.042
25.065
25.072
25.088
25.097
25.106
25.146
25.15
25.276
25.345
25.408
25.41
25.436
25.449
25.508
25.516
25.521
25.654
25.746
25.874
25.998
25.998
26.009
26.054
26.104
26.149
26.193
26.268
26.357
26.553
26.576
26.586
26.595
26.61
26.874
26.894
27.083
27.258
27.284
27.41
27.433
27.624
27.804
27.831
27.887
27.918
28.023
28.033
28.061
28.292
28.384
28.579
28.59
29.231
29.275
29.447
29.485
29.563
29.571
29.579
29.704
29.764
29.891
29.99
30.137
30.226
30.285
30.329
30.375
30.417
30.429
30.472
30.656
30.763
31.18
31.605
31.707
32.008
32.146
32.182
32.694
32.959
34.439
34.556
35.173
35.242
36.485
36.791
37.062
38.356
38.607
39.809
44.451
46.503
76.514
76.92
87.768
