1.28
5.936
5.943
5.974
6.016
6.1
6.152
6.253
6.282
6.427
6.428
6.437
6.554
6.561
6.637
6.639
6.657
6.794
6.816
6.824
6.837
6.846
6.886
6.915
6.936
6.965
7.029
7.051
7.069
7.072
7.1
7.119
7.145
7.147
7.149
7.175
7.175
7.183
7.185
7.245
7.248
7.258
7.262
7.264
7.283
7.288
7.347
7.359
7.369
7.375
7.377
7.38
7.385
7.399
7.411
7.423
7.424
7.429
7.431
7.447
7.448
7.451
7.458
7.46
7.465
7.476
7.478
7.48
7.487
7.488
7.533
7.555
7.571
7.597
7.599
7.623
7.64
7.642
7.654
7.664
7.664
7.671
7.672
7.687
7.696
7.696
7.708
7.71
7.718
7.718
7.72
7.732
7.746
7.748
7.755
7.756
7.76
7.76
7.766
7.774
7.787
7.791
7.803
7.806
7.806
7.81
7.838
7.84
7.841
7.845
7.849
7.865
7.871
7.872
7.877
7.884
7.885
7.896
7.909
7.911
7.912
7.914
7.919
7.921
7.921
7.925
7.925
7.939
7.95
7.952
7.963
7.964
7.966
7.97
7.973
7.981
7.989
7.992
7.994
8.002
8.005
8.006
8.009
8.01
8.013
8.021
8.024
8.027
8.027
8.029
8.033
8.042
8.042
8.048
8.061
8.063
8.064
8.065
8.079
8.083
8.087
8.087
8.092
8.095
8.11
8.113
8.121
8.125
8.131
8.133
8.134
8.139
8.148
8.15
8.15
8.151
8.151
8.158
8.159
8.162
8.177
8.179
8.183
8.189
8.19
8.19
8.197
8.207
8.21
8.223
8.223
8.225
8.226
8.23
8.232
8.235
8.238
8.238
8.238
8.239
8.243
8.25
8.263
8.265
8.265
8.27
8.27
8.272
8.273
8.275
8.286
8.288
8.298
8.3
8.316
8.318
8.318
8.326
8.329
8.33
8.334
8.339
8.339
8.343
8.35
8.353
8.353
8.355
8.359
8.362
8.366
8.367
8.373
8.38
8.383
8.384
8.387
8.395
8.397
8.399
8.401
8.402
8.408
8.41
8.41
8.41
8.412
8.422
8.422
8.433
8.435
8.442
8.443
8.447
8.456
8.456
8.461
8.465
8.467
8.468
8.47
8.471
8.478
8.486
8.487
8.498
8.505
8.508
8.512
8.514
8.523
8.524
8.533
8.539
8.542
8.543
8.545
8.551
8.552
8.558
8.566
8.566
8.569
8.572
8.581
8.582
8.585
8.587
8.587
8.587
8.588
8.588
8.588
8.59
8.595
8.595
8.598
8.608
8.609
8.624
8.628
8.634
8.635
8.642
8.642
8.644
8.647
8.648
8.651
8.652
8.655
8.661
8.661
8.663
8.669
8.67
8.67
8.672
8.675
8.675
8.678
8.679
8.679
8.68
8.681
8.683
8.685
8.685
8.69
8.699
8.702
8.705
8.706
8.71
8.713
8.713
8.713
8.713
8.714
8.718
8.72
8.722
8.725
8.728
8.729
8.73
8.737
8.738
8.742
8.749
8.752
8.763
8.765
8.768
8.775
8.776
8.777
8.79
8.8
8.802
8.805
8.809
8.81
8.811
8.812
8.815
8.82
8.823
8.828
8.831
8.832
8.834
8.835
8.84
8.84
8.843
8.845
8.846
8.853
8.863
8.864
8.868
8.871
8.872
8.875
8.884
8.89
8.896
8.897
8.899
8.902
8.905
8.909
8.911
8.914
8.916
8.92
8.92
8.922
8.924
8.925
8.928
8.931
8.931
8.933
8.943
8.948
8.951
8.952
8.952
8.955
8.955
8.957
8.958
8.958
8.959
8.963
8.965
8.966
8.967
8.972
8.985
8.986
8.987
8.998
8.999
9
9.004
9.006
9.008
9.013
9.02
9.023
9.025
9.027
9.027
9.031
9.031
9.031
9.033
9.035
9.038
9.045
9.046
9.047
9.049
9.05
9.058
9.064
9.067
9.067
9.067
9.069
9.076
9.076
9.077
9.078
9.08
9.086
9.088
9.089
9.093
9.094
9.095
9.098
9.098
9.1
9.102
9.103
9.104
9.105
9.109
9.114
9.117
9.12
9.12
9.121
9.122
9.122
9.125
9.128
9.132
9.132
9.137
9.137
9.139
9.139
9.14
9.14
9.142
9.144
9.145
9.155
9.159
9.159
9.163
9.168
9.169
9.169
9.17
9.17
9.17
9.171
9.171
9.172
9.173
9.176
9.177
9.178
9.179
9.18
9.181
9.181
9.182
9.186
9.187
9.187
9.19
9.193
9.194
9.196
9.196
9.201
9.203
9.212
9.217
9.223
9.224
9.225
9.226
9.227
9.238
9.247
9.247
9.247
9.25
9.253
9.257
9.258
9.262
9.265
9.269
9.273
9.274
9.275
9.278
9.28
9.283
9.286
9.286
9.293
9.295
9.297
9.298
9.299
9.3
9.3
9.3
9.304
9.306
9.308
9.311
9.311
9.311
9.313
9.313
9.317
9.32
9.322
9.322
9.327
9.33
9.33
9.331
9.331
9.332
9.34
9.346
9.352
9.357
9.362
9.363
9.368
9.376
9.377
9.381
9.381
9.387
9.389
9.39
9.39
9.391
9.393
9.395
9.396
9.401
9.402
9.403
9.403
9.406
9.409
9.415
9.415
9.416
9.427
9.431
9.434
9.437
9.439
9.44
9.44
9.446
9.447
9.45
9.45
9.453
9.455
9.459
9.46
9.461
9.466
9.47
9.473
9.474
9.476
9.476
9.479
9.493
9.495
9.496
9.499
9.501
9.502
9.502
9.504
9.504
9.505
9.507
9.51
9.513
9.514
9.517
9.519
9.521
9.525
9.525
9.527
9.533
9.534
9.535
9.537
9.538
9.538
9.539
9.539
9.54
9.543
9.543
9.544
9.546
9.547
9.549
9.551
9.553
9.554
9.555
9.558
9.559
9.56
9.56
9.562
9.569
9.57
9.572
9.577
9.577
9.58
9.58
9.582
9.582
9.584
9.586
9.586
9.586
9.587
9.594
9.6
9.603
9.605
9.605
9.608
9.609
9.613
9.613
9.614
9.614
9.619
9.628
9.629
9.632
9.632
9.642
9.649
9.652
9.653
9.654
9.655
9.656
9.659
9.664
9.665
9.668
9.673
9.674
9.674
9.675
9.677
9.68
9.68
9.68
9.687
9.688
9.689
9.692
9.695
9.695
9.697
9.699
9.703
9.703
9.704
9.704
9.707
9.707
9.71
9.714
9.722
9.723
9.723
9.723
9.724
9.726
9.728
9.734
9.737
9.738
9.742
9.746
9.75
9.75
9.751
9.752
9.752
9.76
9.761
9.762
9.763
9.764
9.768
9.768
9.769
9.77
9.771
9.774
9.774
9.776
9.776
9.776
9.777
9.78
9.793
9.8
9.803
9.806
9.809
9.814
9.815
9.82
9.82
9.82
9.82
9.82
9.821
9.821
9.822
9.823
9.83
9.84
9.843
9.844
9.855
9.858
9.858
9.861
9.865
9.866
9.867
9.868
9.871
9.874
9.875
9.877
9.88
9.883
9.885
9.885
9.886
9.886
9.887
9.888
9.89
9.891
9.891
9.893
9.893
9.894
9.894
9.895
9.895
9.896
9.899
9.9
9.9
9.902
9.904
9.905
9.91
9.91
9.91
9.913
9.916
9.916
9.917
9.918
9.921
9.925
9.926
9.928
9.928
9.929
9.931
9.94
9.942
9.946
9.953
9.954
9.954
9.955
9.957
9.959
9.961
9.962
9.964
9.964
9.964
9.965
9.966
9.968
9.968
9.972
9.974
9.974
9.974
9.974
9.976
9.978
9.98
9.981
9.985
9.986
9.986
9.987
9.988
9.988
9.991
9.991
9.993
9.995
9.997
9.999
10.003
10.006
10.011
10.011
10.013
10.016
10.021
10.035
10.036
10.037
10.037
10.048
10.051
10.051
10.052
10.056
10.058
10.06
10.063
10.065
10.075
10.078
10.085
10.085
10.089
10.095
10.096
10.097
10.099
10.099
10.1
10.101
10.101
10.104
10.109
10.11
10.112
10.115
10.116
10.118
10.118
10.12
10.121
10.121
10.123
10.123
10.124
10.124
10.129
10.13
10.134
10.136
10.137
10.137
10.137
10.139
10.142
10.143
10.143
10.143
10.143
10.145
10.145
10.149
10.151
10.157
10.158
10.158
10.159
10.161
10.166
10.166
10.17
10.171
10.173
10.175
10.177
10.179
10.179
10.181
10.184
10.185
10.19
10.191
10.192
10.195
10.198
10.198
10.199
10.204
10.205
10.205
10.206
10.209
10.211
10.215
10.217
10.218
10.221
10.223
10.225
10.225
10.225
10.228
10.23
10.232
10.236
10.236
10.236
10.237
10.239
10.246
10.248
10.252
10.254
10.261
10.261
10.262
10.263
10.264
10.266
10.267
10.27
10.27
10.27
10.27
10.278
10.279
10.282
10.289
10.292
10.293
10.296
10.299
10.301
10.308
10.31
10.31
10.315
10.317
10.318
10.318
10.319
10.321
10.322
10.324
10.325
10.326
10.33
10.337
10.337
10.339
10.34
10.342
10.342
10.345
10.348
10.35
10.35
10.354
10.354
10.354
10.355
10.356
10.358
10.358
10.359
10.36
10.367
10.37
10.37
10.37
10.373
10.374
10.38
10.38
10.381
10.383
10.387
10.388
10.388
10.389
10.389
10.389
10.391
10.394
10.399
10.401
10.403
10.414
10.414
10.416
10.417
10.425
10.425
10.427
10.428
10.429
10.429
10.43
10.432
10.432
10.435
10.435
10.436
10.439
10.44
10.445
10.445
10.445
10.446
10.447
10.453
10.455
10.457
10.458
10.461
10.464
10.466
10.47
10.473
10.474
10.48
10.48
10.486
10.488
10.489
10.49
10.49
10.492
10.492
10.492
10.493
10.496
10.496
10.496
10.498
10.499
10.501
10.503
10.505
10.505
10.508
10.51
10.514
10.514
10.515
10.516
10.516
10.519
10.521
10.529
10.53
10.533
10.534
10.536
10.538
10.538
10.539
10.545
10.545
10.546
10.56
10.562
10.563
10.564
10.567
10.568
10.569
10.571
10.575
10.575
10.575
10.576
10.576
10.576
10.577
10.581
10.581
10.583
10.584
10.586
10.59
10.593
10.597
10.597
10.598
10.602
10.606
10.606
10.609
10.61
10.614
10.618
10.622
10.625
10.627
10.636
10.646
10.653
10.654
10.655
10.655
10.656
10.657
10.658
10.658
10.659
10.659
10.661
10.667
10.67
10.671
10.671
10.672
10.672
10.674
10.675
10.677
10.678
10.678
10.678
10.678
10.68
10.68
10.68
10.682
10.682
10.682
10.686
10.688
10.697
10.7
10.7
10.702
10.703
10.705
10.707
10.708
10.709
10.711
10.712
10.714
10.717
10.718
10.723
10.735
10.735
10.739
10.741
10.743
10.743
10.744
10.745
10.75
10.754
10.757
10.761
10.763
10.766
10.772
10.777
10.778
10.779
10.787
10.789
10.792
10.796
10.798
10.8
10.805
10.806
10.807
10.81
10.812
10.813
10.816
10.818
10.824
10.824
10.831
10.833
10.834
10.836
10.836
10.837
10.84
10.84
10.84
10.841
10.846
10.846
10.849
10.852
10.853
10.855
10.859
10.861
10.861
10.863
10.864
10.864
10.864
10.87
10.875
10.878
10.881
10.887
10.89
10.892
10.893
10.893
10.895
10.901
10.902
10.903
10.908
10.913
10.915
10.916
10.919
10.919
10.923
10.927
10.935
10.938
10.939
10.939
10.94
10.943
10.946
10.947
10.949
10.954
10.954
10.954
10.959
10.959
10.96
10.962
10.973
10.974
10.977
10.98
10.989
10.989
10.991
10.992
10.992
10.993
10.995
10.995
10.995
10.997
10.997
10.998
10.999
11.002
11.004
11.005
11.016
11.016
11.017
11.017
11.017
11.022
11.025
11.027
11.028
11.028
11.032
11.032
11.033
11.036
11.039
11.04
11.041
11.042
11.043
11.045
11.047
11.048
11.049
11.053
11.055
11.055
11.059
11.06
11.06
11.062
11.063
11.063
11.064
11.064
11.067
11.07
11.073
11.085
11.087
11.088
11.089
11.089
11.092
11.093
11.1
11.102
11.103
11.108
11.109
11.111
11.112
11.115
11.119
11.121
11.127
11.128
11.133
11.134
11.136
11.143
11.151
11.153
11.154
11.156
11.157
11.158
11.159
11.162
11.173
11.177
11.178
11.18
11.184
11.185
11.187
11.187
11.188
11.189
11.19
11.194
11.195
11.196
11.203
11.205
11.208
11.21
11.21
11.212
11.214
11.216
11.219
11.223
11.225
11.231
11.231
11.235
11.235
11.236
11.241
11.241
11.244
11.249
11.255
11.257
11.257
11.261
11.262
11.264
11.269
11.271
11.273
11.28
11.281
11.283
11.289
11.289
11.289
11.289
11.29
11.291
11.292
11.293
11.294
11.298
11.305
11.305
11.306
11.306
11.314
11.315
11.315
11.317
11.317
11.317
11.318
11.318
11.321
11.322
11.322
11.324
11.327
11.329
11.335
11.343
11.344
11.35
11.35
11.35
11.354
11.355
11.356
11.357
11.365
11.365
11.366
11.368
11.37
11.371
11.374
11.374
11.379
11.38
11.38
11.387
11.388
11.388
11.388
11.392
11.401
11.403
11.406
11.408
11.408
11.408
11.413
11.417
11.417
11.419
11.419
11.423
11.424
11.424
11.424
11.425
11.425
11.426
11.426
11.429
11.432
11.433
11.437
11.437
11.445
11.445
11.447
11.448
11.45
11.45
11.45
11.451
11.452
11.457
11.458
11.459
11.461
11.467
11.472
11.473
11.474
11.476
11.49
11.49
11.491
11.493
11.494
11.494
11.495
11.495
11.5
11.5
11.501
11.501
11.501
11.502
11.503
11.504
11.507
11.508
11.509
11.511
11.518
11.52
11.524
11.525
11.526
11.527
11.529
11.53
11.531
11.538
11.539
11.541
11.544
11.545
11.546
11.548
11.548
11.549
11.55
11.551
11.555
11.56
11.561
11.562
11.564
11.565
11.566
11.567
11.567
11.571
11.573
11.578
11.58
11.58
11.58
11.581
11.581
11.582
11.582
11.585
11.59
11.592
11.593
11.593
11.597
11.597
11.598
11.599
11.601
11.602
11.603
11.612
11.612
11.616
11.617
11.617
11.621
11.622
11.623
11.628
11.633
11.634
11.637
11.64
11.649
11.652
11.653
11.654
11.654
11.659
11.662
11.662
11.664
11.667
11.671
11.672
11.672
11.673
11.676
11.68
11.681
11.684
11.696
11.702
11.705
11.709
11.715
11.716
11.717
11.717
11.723
11.724
11.737
11.743
11.745
11.746
11.747
11.752
11.754
11.756
11.759
11.759
11.763
11.767
11.771
11.772
11.772
11.774
11.775
11.775
11.775
11.775
11.776
11.78
11.782
11.782
11.783
11.785
11.787
11.787
11.787
11.789
11.789
11.792
11.794
11.794
11.795
11.795
11.795
11.798
11.798
11.803
11.806
11.809
11.809
11.809
11.81
11.81
11.81
11.814
11.818
11.82
11.826
11.827
11.828
11.831
11.832
11.835
11.836
11.837
11.84
11.841
11.848
11.851
11.851
11.851
11.852
11.854
11.858
11.859
11.86
11.864
11.872
11.874
11.877
11.88
11.884
11.885
11.89
11.892
11.892
11.9
11.901
11.91
11.915
11.92
11.922
11.924
11.924
11.925
11.927
11.929
11.931
11.935
11.936
11.937
11.937
11.937
11.942
11.942
11.942
11.942
11.947
11.955
11.955
11.956
11.959
11.961
11.961
11.962
11.965
11.967
11.973
11.974
11.976
11.977
11.98
11.981
11.984
11.986
11.988
11.991
11.992
11.993
11.993
11.993
11.994
11.994
11.995
12.001
12.001
12.003
12.007
12.008
12.008
12.012
12.013
12.014
12.015
12.022
12.026
12.031
12.031
12.036
12.041
12.047
12.048
12.05
12.056
12.057
12.064
12.064
12.068
12.069
12.07
12.071
12.075
12.077
12.077
12.084
12.087
12.088
12.09
12.09
12.091
12.092
12.092
12.094
12.095
12.097
12.104
12.104
12.106
12.107
12.108
12.111
12.111
12.113
12.117
12.118
12.118
12.118
12.118
12.118
12.122
12.127
12.129
12.129
12.13
12.131
12.132
12.135
12.14
12.141
12.143
12.145
12.145
12.149
12.151
12.151
12.151
12.153
12.154
12.155
12.156
12.157
12.159
12.165
12.166
12.168
12.168
12.168
12.172
12.174
12.177
12.181
12.182
12.186
12.187
12.191
12.193
12.193
12.193
12.193
12.194
12.196
12.196
12.2
12.201
12.206
12.208
12.208
12.21
12.215
12.215
12.215
12.219
12.22
12.222
12.225
12.229
12.23
12.232
12.233
12.234
12.236
12.238
12.242
12.242
12.244
12.245
12.246
12.246
12.25
12.251
12.253
12.257
12.258
12.259
12.261
12.264
12.264
12.265
12.267
12.267
12.268
12.269
12.27
12.271
12.272
12.276
12.279
12.285
12.289
12.298
12.3
12.301
12.303
12.306
12.307
12.307
12.308
12.308
12.309
12.309
12.31
12.311
12.315
12.317
12.317
12.325
12.327
12.33
12.332
12.336
12.339
12.339
12.339
12.342
12.343
12.345
12.345
12.347
12.348
12.349
12.35
12.352
12.354
12.359
12.36
12.362
12.364
12.367
12.369
12.376
12.377
12.379
12.379
12.379
12.382
12.384
12.385
12.386
12.387
12.388
12.391
12.393
12.393
12.396
12.397
12.399
12.4
12.4
12.4
12.403
12.406
12.407
12.41
12.41
12.411
12.414
12.416
12.418
12.418
12.418
12.422
12.426
12.428
12.431
12.436
12.436
12.436
12.439
12.441
12.444
12.445
12.446
12.447
12.452
12.456
12.456
12.461
12.464
12.467
12.468
12.468
12.471
12.473
12.475
12.476
12.476
12.477
12.477
12.478
12.481
12.484
12.484
12.487
12.488
12.492
12.495
12.498
12.5
12.507
12.514
12.518
12.519
12.519
12.521
12.521
12.524
12.525
12.525
12.525
12.526
12.527
12.527
12.529
12.53
12.534
12.534
12.537
12.539
12.542
12.544
12.545
12.545
12.549
12.551
12.556
12.563
12.572
12.574
12.577
12.578
12.578
12.585
12.586
12.591
12.594
12.597
12.597
12.6
12.601
12.604
12.607
12.612
12.613
12.616
12.617
12.619
12.619
12.622
12.625
12.626
12.626
12.626
12.626
12.628
12.629
12.632
12.633
12.64
12.643
12.645
12.646
12.647
12.649
12.65
12.651
12.652
12.652
12.653
12.656
12.66
12.662
12.669
12.67
12.677
12.677
12.687
12.693
12.694
12.696
12.696
12.697
12.698
12.702
12.706
12.707
12.709
12.71
12.711
12.711
12.712
12.713
12.713
12.717
12.719
12.719
12.722
12.722
12.726
12.727
12.733
12.736
12.739
12.741
12.743
12.746
12.749
12.755
12.756
12.758
12.758
12.759
12.759
12.76
12.76
12.762
12.762
12.764
12.764
12.765
12.768
12.768
12.769
12.772
12.772
12.773
12.777
12.78
12.78
12.781
12.782
12.785
12.785
12.787
12.789
12.791
12.792
12.793
12.795
12.798
12.799
12.801
12.803
12.804
12.806
12.807
12.807
12.808
12.811
12.812
12.813
12.814
12.814
12.816
12.819
12.819
12.825
12.828
12.828
12.828
12.831
12.834
12.835
12.838
12.841
12.845
12.845
12.848
12.849
12.855
12.857
12.861
12.866
12.867
12.867
12.868
12.869
12.869
12.871
12.875
12.881
12.883
12.885
12.888
12.889
12.891
12.894
12.894
12.896
12.896
12.897
12.898
12.899
12.906
12.906
12.907
12.91
12.912
12.912
12.917
12.921
12.941
12.943
12.944
12.946
12.946
12.949
12.95
12.95
12.95
12.952
12.956
12.963
12.966
12.968
12.969
12.975
12.977
12.98
12.984
12.986
12.986
12.988
12.989
12.99
12.99
12.991
12.997
12.997
12.998
13.005
13.01
13.017
13.02
13.028
13.031
13.032
13.033
13.034
13.034
13.035
13.038
13.045
13.045
13.045
13.048
13.051
13.054
13.058
13.058
13.061
13.062
13.063
13.068
13.069
13.071
13.072
13.074
13.077
13.078
13.079
13.079
13.084
13.085
13.089
13.089
13.091
13.092
13.093
13.095
13.097
13.098
13.098
13.099
13.1
13.1
13.102
13.106
13.108
13.11
13.113
13.113
13.118
13.124
13.127
13.129
13.129
13.13
13.13
13.137
13.138
13.139
13.139
13.145
13.147
13.147
13.148
13.152
13.154
13.157
13.158
13.163
13.165
13.165
13.171
13.172
13.173
13.176
13.177
13.18
13.189
13.189
13.19
13.191
13.192
13.193
13.195
13.198
13.2
13.203
13.205
13.214
13.219
13.219
13.22
13.225
13.23
13.231
13.238
13.24
13.24
13.244
13.25
13.255
13.256
13.258
13.26
13.266
13.267
13.268
13.274
13.276
13.276
13.279
13.281
13.283
13.288
13.289
13.294
13.297
13.306
13.309
13.312
13.319
13.323
13.324
13.325
13.326
13.327
13.328
13.333
13.334
13.335
13.336
13.338
13.338
13.343
13.344
13.344
13.346
13.348
13.348
13.35
13.35
13.351
13.351
13.353
13.354
13.354
13.355
13.36
13.361
13.363
13.365
13.368
13.369
13.373
13.374
13.38
13.38
13.391
13.392
13.394
13.395
13.395
13.395
13.396
13.397
13.4
13.403
13.403
13.406
13.409
13.411
13.415
13.416
13.418
13.418
13.419
13.422
13.423
13.423
13.427
13.428
13.429
13.43
13.431
13.433
13.435
13.435
13.436
13.438
13.438
13.439
13.441
13.442
13.445
13.446
13.448
13.449
13.449
13.451
13.452
13.455
13.456
13.465
13.467
13.47
13.474
13.474
13.475
13.475
13.475
13.476
13.48
13.486
13.488
13.49
13.491
13.492
13.494
13.495
13.496
13.497
13.498
13.499
13.503
13.503
13.504
13.505
13.507
13.509
13.509
13.513
13.514
13.515
13.515
13.518
13.525
13.526
13.526
13.535
13.537
13.538
13.54
13.541
13.543
13.545
13.547
13.551
13.552
13.555
13.557
13.558
13.558
13.561
13.564
13.564
13.566
13.567
13.571
13.572
13.574
13.574
13.575
13.576
13.581
13.581
13.584
13.585
13.586
13.587
13.588
13.588
13.59
13.591
13.592
13.601
13.607
13.609
13.61
13.61
13.618
13.618
13.62
13.622
13.627
13.629
13.629
13.63
13.632
13.634
13.642
13.653
13.659
13.66
13.662
13.663
13.664
13.672
13.673
13.678
13.678
13.68
13.682
13.683
13.685
13.685
13.69
13.7
13.701
13.703
13.706
13.708
13.709
13.715
13.717
13.719
13.722
13.725
13.727
13.728
13.73
13.736
13.743
13.744
13.744
13.748
13.749
13.75
13.753
13.753
13.756
13.756
13.756
13.757
13.761
13.765
13.768
13.769
13.77
13.781
13.781
13.785
13.791
13.793
13.794
13.795
13.795
13.797
13.802
13.803
13.805
13.812
13.816
13.816
13.816
13.821
13.825
13.826
13.826
13.827
13.831
13.84
13.841
13.842
13.845
13.846
13.847
13.848
13.849
13.85
13.851
13.852
13.853
13.859
13.859
13.861
13.863
13.863
13.863
13.864
13.869
13.87
13.871
13.873
13.873
13.874
13.875
13.882
13.885
13.888
13.892
13.892
13.9
13.903
13.907
13.912
13.913
13.92
13.92
13.921
13.923
13.927
13.928
13.93
13.931
13.935
13.938
13.939
13.943
13.945
13.947
13.948
13.948
13.949
13.951
13.952
13.955
13.959
13.961
13.961
13.962
13.965
13.966
13.967
13.968
13.975
13.977
13.98
13.985
13.988
14
14.003
14.01
14.015
14.016
14.017
14.018
14.019
14.021
14.025
14.027
14.029
14.03
14.035
14.037
14.043
14.044
14.047
14.049
14.051
14.055
14.062
14.07
14.072
14.073
14.074
14.081
14.082
14.087
14.091
14.095
14.096
14.1
14.102
14.102
14.108
14.11
14.111
14.112
14.112
14.115
14.116
14.118
14.118
14.122
14.124
14.127
14.128
14.135
14.137
14.14
14.143
14.143
14.145
14.15
14.151
14.154
14.158
14.158
14.16
14.17
14.178
14.182
14.185
14.187
14.188
14.189
14.19
14.191
14.193
14.197
14.198
14.198
14.201
14.203
14.203
14.205
14.205
14.208
14.217
14.22
14.224
14.227
14.227
14.233
14.238
14.241
14.25
14.25
14.255
14.255
14.255
14.256
14.257
14.259
14.275
14.279
14.28
14.281
14.281
14.283
14.285
14.291
14.297
14.298
14.3
14.303
14.305
14.306
14.316
14.318
14.318
14.322
14.322
14.323
14.323
14.323
14.331
14.334
14.335
14.337
14.342
14.342
14.343
14.345
14.348
14.351
14.351
14.353
14.355
14.366
14.368
14.368
14.369
14.369
14.372
14.375
14.376
14.378
14.381
14.382
14.383
14.384
14.384
14.385
14.385
14.389
14.39
14.393
14.393
14.394
14.399
14.399
14.401
14.406
14.407
14.409
14.409
14.412
14.412
14.414
14.415
14.416
14.418
14.419
14.422
14.43
14.432
14.434
14.436
14.437
14.439
14.44
14.446
14.451
14.452
14.456
14.457
14.458
14.459
14.459
14.461
14.462
14.465
14.466
14.466
14.473
14.475
14.476
14.476
14.478
14.482
14.483
14.491
14.491
14.494
14.501
14.502
14.505
14.51
14.51
14.51
14.513
14.513
14.516
14.516
14.524
14.525
14.525
14.526
14.526
14.53
14.534
14.535
14.546
14.552
14.555
14.562
14.566
14.567
14.572
14.572
14.573
14.575
14.578
14.579
14.58
14.58
14.585
14.586
14.586
14.589
14.603
14.609
14.611
14.617
14.622
14.623
14.624
14.63
14.634
14.64
14.64
14.643
14.644
14.648
14.648
14.659
14.664
14.664
14.669
14.669
14.671
14.671
14.677
14.678
14.682
14.684
14.69
14.69
14.694
14.699
14.7
14.702
14.703
14.703
14.704
14.705
14.712
14.712
14.715
14.716
14.717
14.719
14.72
14.723
14.727
14.735
14.735
14.737
14.738
14.739
14.742
14.744
14.747
14.748
14.749
14.755
14.763
14.763
14.767
14.772
14.775
14.775
14.777
14.777
14.778
14.781
14.784
14.785
14.787
14.787
14.789
14.791
14.796
14.797
14.8
14.8
14.806
14.807
14.809
14.809
14.812
14.814
14.822
14.832
14.837
14.837
14.842
14.847
14.848
14.851
14.856
14.86
14.871
14.878
14.879
14.88
14.882
14.887
14.887
14.888
14.896
14.896
14.9
14.902
14.903
14.904
14.907
14.911
14.913
14.917
14.918
14.921
14.924
14.925
14.928
14.929
14.933
14.939
14.941
14.942
14.942
14.945
14.949
14.951
14.954
14.957
14.961
14.964
14.969
14.97
14.97
14.977
14.98
14.981
14.982
14.985
14.995
14.997
15.002
15.004
15.012
15.012
15.015
15.034
15.038
15.044
15.055
15.057
15.059
15.06
15.06
15.063
15.071
15.075
15.079
15.08
15.083
15.086
15.088
15.092
15.095
15.099
15.099
15.101
15.102
15.106
15.108
15.11
15.124
15.125
15.126
15.127
15.13
15.131
15.137
15.137
15.141
15.142
15.142
15.143
15.144
15.146
15.147
15.15
15.152
15.153
15.154
15.158
15.159
15.168
15.172
15.175
15.178
15.184
15.186
15.186
15.187
15.188
15.196
15.199
15.2
15.208
15.211
15.219
15.223
15.223
15.223
15.224
15.224
15.225
15.225
15.226
15.227
15.229
15.236
15.236
15.247
15.248
15.253
15.253
15.254
15.257
15.257
15.262
15.271
15.281
15.283
15.285
15.285
15.286
15.288
15.288
15.289
15.289
15.292
15.299
15.299
15.302
15.304
15.304
15.306
15.306
15.307
15.318
15.318
15.328
15.33
15.332
15.332
15.332
15.335
15.337
15.34
15.342
15.342
15.348
15.357
15.359
15.36
15.363
15.363
15.364
15.369
15.369
15.378
15.378
15.379
15.383
15.386
15.387
15.392
15.392
15.393
15.399
15.406
15.413
15.416
15.421
15.43
15.431
15.435
15.441
15.446
15.465
15.465
15.466
15.469
15.474
15.48
15.48
15.488
15.489
15.492
15.496
15.498
15.499
15.514
15.514
15.516
15.519
15.521
15.521
15.523
15.534
15.534
15.542
15.545
15.546
15.548
15.548
15.55
15.552
15.559
15.561
15.566
15.566
15.574
15.58
15.583
15.588
15.592
15.596
15.596
15.601
15.601
15.604
15.608
15.611
15.618
15.62
15.62
15.621
15.623
15.628
15.633
15.634
15.635
15.645
15.653
15.653
15.659
15.663
15.664
15.666
15.666
15.669
15.681
15.685
15.69
15.692
15.694
15.695
15.697
15.702
15.702
15.702
15.702
15.709
15.72
15.723
15.726
15.728
15.754
15.755
15.756
15.765
15.771
15.774
15.778
15.781
15.782
15.782
15.794
15.795
15.805
15.81
15.812
15.818
15.818
15.819
15.82
15.824
15.828
15.859
15.868
15.879
15.889
15.891
15.892
15.893
15.897
15.901
15.901
15.901
15.902
15.903
15.909
15.911
15.915
15.918
15.918
15.919
15.92
15.921
15.922
15.93
15.942
15.946
15.947
15.948
15.956
15.956
15.958
15.963
15.971
15.979
15.98
15.981
15.982
15.986
15.986
15.992
15.994
15.995
15.996
16.004
16.004
16.009
16.01
16.012
16.014
16.016
16.017
16.019
16.019
16.023
16.023
16.036
16.04
16.047
16.047
16.048
16.048
16.048
16.056
16.068
16.078
16.086
16.095
16.096
16.103
16.106
16.111
16.114
16.12
16.132
16.133
16.135
16.136
16.14
16.144
16.149
16.154
16.156
16.167
16.168
16.175
16.186
16.194
16.194
16.195
16.196
16.196
16.197
16.199
16.202
16.203
16.205
16.205
16.212
16.218
16.221
16.223
16.232
16.232
16.236
16.237
16.24
16.244
16.249
16.252
16.263
16.269
16.269
16.271
16.272
16.274
16.278
16.281
16.281
16.282
16.288
16.288
16.291
16.295
16.295
16.301
16.309
16.309
16.31
16.311
16.318
16.325
16.332
16.347
16.348
16.354
16.357
16.364
16.368
16.374
16.377
16.378
16.389
16.399
16.406
16.41
16.412
16.414
16.419
16.422
16.432
16.434
16.436
16.438
16.445
16.449
16.458
16.46
16.46
16.462
16.466
16.469
16.488
16.491
16.493
16.493
16.499
16.504
16.511
16.511
16.531
16.531
16.536
16.541
16.549
16.553
16.556
16.559
16.559
16.566
16.571
16.578
16.58
16.58
16.584
16.589
16.59
16.592
16.598
16.601
16.603
16.604
16.62
16.621
16.634
16.638
16.646
16.646
16.66
16.662
16.666
16.668
16.676
16.68
16.682
16.686
16.687
16.692
16.694
16.703
16.703
16.708
16.709
16.717
16.719
16.725
16.726
16.731
16.732
16.735
16.736
16.738
16.752
16.754
16.754
16.756
16.759
16.764
16.764
16.771
16.771
16.779
16.779
16.78
16.781
16.786
16.789
16.792
16.794
16.805
16.811
16.814
16.816
16.82
16.821
16.823
16.829
16.837
16.838
16.842
16.849
16.849
16.859
16.862
16.863
16.865
16.869
16.87
16.87
16.874
16.874
16.88
16.883
16.884
16.888
16.915
16.919
16.922
16.927
16.93
16.939
16.951
16.958
16.958
16.962
16.968
16.971
16.973
16.974
16.985
16.985
16.995
17
17
17.004
17.011
17.013
17.022
17.024
17.033
17.04
17.047
17.049
17.049
17.052
17.055
17.059
17.06
17.062
17.062
17.066
17.074
17.078
17.088
17.089
17.094
17.102
17.104
17.105
17.113
17.113
17.114
17.121
17.132
17.137
17.139
17.141
17.153
17.161
17.164
17.17
17.178
17.181
17.183
17.186
17.188
17.189
17.192
17.193
17.194
17.196
17.197
17.202
17.203
17.214
17.22
17.22
17.229
17.23
17.23
17.233
17.24
17.242
17.244
17.246
17.249
17.256
17.257
17.258
17.267
17.269
17.281
17.284
17.285
17.286
17.286
17.296
17.298
17.299
17.311
17.314
17.317
17.324
17.329
17.332
17.335
17.335
17.336
17.343
17.346
17.352
17.354
17.354
17.362
17.363
17.364
17.366
17.385
17.386
17.392
17.398
17.401
17.403
17.415
17.428
17.433
17.434
17.44
17.446
17.447
17.448
17.452
17.46
17.46
17.462
17.466
17.469
17.47
17.477
17.489
17.499
17.5
17.505
17.508
17.51
17.512
17.515
17.519
17.519
17.522
17.523
17.525
17.533
17.537
17.542
17.548
17.552
17.554
17.555
17.564
17.573
17.574
17.576
17.578
17.578
17.578
17.584
17.593
17.604
17.61
17.616
17.618
17.62
17.629
17.63
17.642
17.642
17.652
17.666
17.667
17.671
17.674
17.675
17.684
17.696
17.696
17.696
17.7
17.7
17.709
17.709
17.718
17.727
17.731
17.731
17.733
17.733
17.737
17.737
17.743
17.745
17.749
17.758
17.776
17.782
17.785
17.788
17.794
17.797
17.806
17.806
17.819
17.824
17.825
17.831
17.846
17.85
17.863
17.865
17.869
17.869
17.873
17.887
17.897
17.902
17.908
17.912
17.914
17.914
17.921
17.925
17.927
17.936
17.938
17.943
17.943
17.946
17.956
17.966
17.977
17.981
17.981
17.99
18.003
18.01
18.017
18.021
18.021
18.024
18.028
18.035
18.046
18.047
18.051
18.056
18.061
18.067
18.075
18.077
18.078
18.085
18.093
18.093
18.095
18.095
18.097
18.098
18.108
18.109
18.118
18.123
18.127
18.129
18.133
18.137
18.138
18.138
18.148
18.15
18.161
18.164
18.164
18.168
18.169
18.169
18.172
18.173
18.174
18.183
18.201
18.212
18.217
18.223
18.232
18.244
18.247
18.252
18.274
18.274
18.305
18.306
18.318
18.32
18.326
18.337
18.346
18.353
18.357
18.357
18.357
18.373
18.373
18.374
18.377
18.377
18.397
18.401
18.408
18.41
18.417
18.418
18.429
18.434
18.435
18.439
18.441
18.445
18.448
18.455
18.462
18.464
18.481
18.497
18.504
18.513
18.517
18.526
18.545
18.547
18.552
18.563
18.565
18.572
18.58
18.587
18.594
18.594
18.608
18.612
18.627
18.636
18.638
18.646
18.647
18.651
18.651
18.696
18.697
18.699
18.709
18.71
18.711
18.714
18.743
18.745
18.751
18.752
18.757
18.757
18.783
18.785
18.786
18.792
18.798
18.799
18.803
18.81
18.815
18.826
18.827
18.828
18.831
18.831
18.844
18.847
18.848
18.851
18.862
18.868
18.869
18.873
18.879
18.893
18.894
18.897
18.902
18.953
18.962
18.974
18.985
18.989
18.995
19.008
19.009
19.03
19.035
19.04
19.049
19.055
19.073
19.08
19.081
19.098
19.1
19.102
19.103
19.109
19.111
19.12
19.121
19.131
19.137
19.162
19.165
19.168
19.182
19.183
19.188
19.198
19.201
19.205
19.208
19.219
19.221
19.226
19.24
19.255
19.266
19.268
19.269
19.287
19.289
19.297
19.312
19.312
19.318
19.319
19.326
19.338
19.36
19.372
19.383
19.395
19.409
19.41
19.417
19.44
19.464
19.465
19.472
19.486
19.491
19.501
19.506
19.506
19.508
19.521
19.522
19.532
19.545
19.553
19.557
19.562
19.575
19.576
19.577
19.582
19.602
19.609
19.627
19.627
19.651
19.653
19.662
19.681
19.701
19.702
19.715
19.722
19.728
19.733
19.737
19.738
19.74
19.743
19.765
19.79
19.806
19.81
19.817
19.833
19.846
19.866
19.869
19.886
19.897
19.901
19.922
19.945
19.969
19.981
19.984
20.021
20.036
20.05
20.054
20.062
20.072
20.079
20.085
20.09
20.101
20.113
20.129
20.132
20.135
20.144
20.145
20.155
20.158
20.168
20.197
20.197
20.217
20.223
20.224
20.235
20.235
20.244
20.253
20.255
20.263
20.268
20.28
20.302
20.318
20.33
20.334
20.339
20.346
20.351
20.359
20.369
20.382
20.404
20.427
20.43
20.439
20.453
20.461
20.472
20.485
20.499
20.511
20.519
20.525
20.531
20.54
20.571
20.585
20.591
20.593
20.598
20.611
20.615
20.631
20.636
20.65
20.651
20.655
20.656
20.658
20.676
20.691
20.694
20.696
20.703
20.711
20.727
20.729
20.771
20.819
20.845
20.846
20.852
20.857
20.861
20.875
20.882
20.884
20.893
20.899
20.917
20.946
20.95
20.951
20.965
20.966
20.975
20.978
20.992
21.003
21.005
21.006
21.016
21.02
21.021
21.023
21.024
21.042
21.045
21.052
21.052
21.072
21.082
21.09
21.123
21.139
21.143
21.143
21.202
21.206
21.223
21.232
21.232
21.238
21.242
21.254
21.256
21.261
21.269
21.28
21.289
21.31
21.323
21.336
21.348
21.358
21.364
21.369
21.383
21.393
21.394
21.402
21.409
21.416
21.434
21.434
21.443
21.446
21.449
21.467
21.472
21.477
21.479
21.485
21.505
21.509
21.535
21.559
21.601
21.608
21.609
21.641
21.648
21.656
21.685
21.7
21.729
21.735
21.738
21.774
21.811
21.813
21.817
21.833
21.837
21.847
21.882
21.887
21.909
21.933
21.949
21.949
21.983
21.987
22.009
22.014
22.029
22.043
22.045
22.047
22.05
22.057
22.067
22.067
22.07
22.075
22.11
22.114
22.12
22.122
22.127
22.131
22.212
22.223
22.234
22.234
22.242
22.246
22.25
22.253
22.255
22.328
22.333
22.344
22.344
22.357
22.364
22.384
22.402
22.41
22.427
22.439
22.443
22.447
22.461
22.469
22.47
22.486
22.496
22.515
22.521
22.522
22.556
22.593
22.625
22.637
22.649
22.659
22.66
22.661
22.67
22.717
22.733
22.783
22.794
22.875
22.891
22.928
22.96
22.981
22.996
23.015
23.02
23.029
23.048
23.156
23.174
23.178
23.186
23.188
23.201
23.217
23.26
23.284
23.292
23.304
23.31
23.319
23.326
23.328
23.34
23.342
23.342
23.365
23.37
23.403
23.418
23.425
23.444
23.45
23.493
23.502
23.556
23.56
23.591
23.605
23.673
23.677
23.684
23.71
23.814
23.861
23.898
23.95
23.979
23.985
23.993
24.019
24.039
24.078
24.119
24.132
24.138
24.139
24.14
24.143
24.175
24.191
24.25
24.374
24.378
24.407
24.41
24.436
24.437
24.457
24.471
24.476
24.501
24.534
24.538
24.542
24.563
24.616
24.636
24.641
24.671
24.746
24.768
24.828
24.831
24.84
24.899
25
25.017
25.029
25.042
25.049
25.063
25.079
25.08
25.128
25.171
25.252
25.268
25.271
25.333
25.341
25.469
25.481
25.484
25.583
25.653
25.668
25.789
25.815
25.852
25.855
25.874
25.949
25.956
26.027
26.028
26.054
26.076
26.079
26.104
26.107
26.149
26.178
26.225
26.246
26.315
26.325
26.395
26.596
26.733
26.778
26.995
27.307
27.327
27.443
27.577
27.627
27.724
27.856
27.879
27.947
27.968
28.02
28.138
28.154
28.405
28.416
28.52
28.632
28.676
28.705
28.718
28.72
28.913
28.915
29.023
29.167
29.24
29.342
29.481
29.643
29.83
29.861
29.862
30.013
30.228
30.322
30.413
30.584
30.609
30.64
30.7
30.747
30.854
31.379
31.593
31.601
31.734
31.787
32.001
32.232
32.842
34.116
34.258
34.406
34.435
34.81
34.822
35.278
35.625
36.135
36.253
36.388
37.137
37.637
38.787
39.71
40.609
42.533
43.787
47.483
55.573
80.721
