1.263
5.7
6.122
6.182
6.213
6.219
6.261
6.42
6.451
6.469
6.498
6.523
6.542
6.592
6.618
6.657
6.697
6.811
6.883
6.889
6.924
6.953
6.987
7
7.001
7.004
7.008
7.01
7.02
7.023
7.052
7.067
7.094
7.098
7.126
7.145
7.148
7.161
7.162
7.184
7.189
7.214
7.229
7.243
7.259
7.274
7.317
7.324
7.339
7.343
7.35
7.358
7.371
7.373
7.377
7.377
7.378
7.384
7.387
7.39
7.393
7.412
7.415
7.423
7.433
7.439
7.439
7.441
7.45
7.453
7.464
7.471
7.476
7.483
7.494
7.501
7.538
7.555
7.555
7.557
7.562
7.563
7.57
7.585
7.587
7.6
7.603
7.608
7.609
7.61
7.618
7.621
7.623
7.633
7.637
7.642
7.644
7.648
7.659
7.673
7.691
7.692
7.698
7.705
7.709
7.715
7.715
7.719
7.731
7.744
7.765
7.766
7.767
7.768
7.782
7.785
7.79
7.791
7.798
7.805
7.806
7.811
7.814
7.815
7.816
7.822
7.826
7.832
7.843
7.85
7.87
7.873
7.876
7.877
7.878
7.887
7.887
7.893
7.9
7.913
7.916
7.917
7.918
7.923
7.932
7.935
7.949
7.957
7.959
7.969
7.973
7.975
7.988
7.99
7.991
7.995
7.995
7.996
7.997
8.001
8.002
8.006
8.007
8.017
8.019
8.022
8.023
8.03
8.03
8.034
8.042
8.051
8.051
8.063
8.064
8.065
8.065
8.067
8.067
8.068
8.089
8.108
8.11
8.114
8.122
8.131
8.132
8.133
8.138
8.139
8.141
8.141
8.143
8.144
8.144
8.146
8.147
8.153
8.157
8.158
8.158
8.163
8.171
8.174
8.175
8.176
8.182
8.195
8.201
8.205
8.205
8.209
8.214
8.216
8.217
8.217
8.218
8.219
8.236
8.246
8.248
8.253
8.254
8.254
8.269
8.277
8.279
8.28
8.282
8.284
8.284
8.288
8.291
8.292
8.296
8.311
8.313
8.321
8.322
8.331
8.333
8.341
8.341
8.343
8.357
8.357
8.357
8.366
8.375
8.377
8.379
8.38
8.386
8.388
8.389
8.392
8.398
8.408
8.41
8.414
8.422
8.422
8.424
8.435
8.435
8.438
8.44
8.444
8.444
8.446
8.446
8.448
8.449
8.449
8.45
8.451
8.452
8.455
8.457
8.461
8.472
8.473
8.475
8.478
8.479
8.481
8.482
8.483
8.497
8.499
8.505
8.513
8.517
8.523
8.525
8.526
8.527
8.528
8.531
8.535
8.543
8.544
8.546
8.549
8.551
8.554
8.557
8.563
8.565
8.569
8.571
8.576
8.584
8.59
8.593
8.594
8.596
8.603
8.603
8.614
8.615
8.618
8.619
8.623
8.625
8.627
8.633
8.633
8.634
8.637
8.64
8.64
8.641
8.642
8.643
8.645
8.648
8.658
8.662
8.662
8.665
8.666
8.666
8.667
8.67
8.671
8.672
8.675
8.675
8.68
8.688
8.698
8.7
8.705
8.711
8.716
8.716
8.717
8.719
8.72
8.72
8.721
8.722
8.724
8.727
8.727
8.728
8.729
8.732
8.739
8.74
8.742
8.746
8.747
8.748
8.751
8.752
8.754
8.758
8.761
8.762
8.771
8.773
8.775
8.777
8.782
8.787
8.787
8.788
8.8
8.802
8.802
8.802
8.803
8.803
8.804
8.804
8.806
8.814
8.814
8.816
8.817
8.825
8.826
8.827
8.829
8.83
8.831
8.831
8.836
8.838
8.843
8.844
8.845
8.846
8.85
8.851
8.851
8.852
8.852
8.859
8.861
8.866
8.866
8.866
8.867
8.867
8.875
8.875
8.883
8.891
8.894
8.901
8.903
8.908
8.908
8.909
8.913
8.915
8.916
8.916
8.916
8.918
8.92
8.921
8.929
8.934
8.936
8.942
8.942
8.944
8.947
8.948
8.949
8.95
8.953
8.954
8.959
8.963
8.963
8.968
8.971
8.98
8.98
8.983
8.988
8.998
9
9.004
9.005
9.008
9.01
9.011
9.018
9.019
9.022
9.026
9.027
9.029
9.032
9.033
9.034
9.034
9.051
9.056
9.057
9.058
9.059
9.064
9.064
9.066
9.075
9.076
9.082
9.083
9.084
9.086
9.087
9.089
9.092
9.093
9.095
9.095
9.097
9.101
9.101
9.101
9.105
9.106
9.109
9.11
9.116
9.12
9.121
9.123
9.126
9.127
9.128
9.128
9.128
9.131
9.131
9.138
9.138
9.141
9.144
9.146
9.146
9.147
9.148
9.15
9.159
9.159
9.161
9.162
9.163
9.163
9.165
9.166
9.167
9.17
9.171
9.171
9.176
9.184
9.184
9.185
9.196
9.197
9.198
9.202
9.211
9.215
9.216
9.217
9.222
9.227
9.229
9.233
9.234
9.235
9.238
9.24
9.248
9.249
9.251
9.252
9.255
9.257
9.258
9.259
9.26
9.26
9.26
9.261
9.263
9.265
9.265
9.267
9.271
9.272
9.272
9.282
9.283
9.286
9.288
9.293
9.294
9.294
9.298
9.3
9.301
9.301
9.302
9.305
9.306
9.308
9.311
9.313
9.314
9.318
9.319
9.322
9.33
9.332
9.333
9.335
9.336
9.336
9.339
9.344
9.345
9.349
9.351
9.351
9.355
9.355
9.358
9.361
9.362
9.365
9.366
9.367
9.367
9.368
9.368
9.373
9.374
9.383
9.384
9.387
9.387
9.39
9.393
9.398
9.402
9.402
9.408
9.409
9.412
9.413
9.418
9.421
9.421
9.421
9.422
9.423
9.423
9.427
9.428
9.435
9.438
9.443
9.446
9.446
9.45
9.451
9.453
9.454
9.457
9.457
9.458
9.469
9.47
9.471
9.472
9.472
9.473
9.473
9.474
9.475
9.479
9.48
9.484
9.487
9.488
9.489
9.493
9.494
9.497
9.497
9.499
9.507
9.507
9.508
9.509
9.516
9.52
9.521
9.521
9.527
9.533
9.536
9.536
9.538
9.54
9.54
9.543
9.544
9.549
9.549
9.55
9.552
9.553
9.553
9.556
9.56
9.561
9.565
9.566
9.567
9.569
9.577
9.579
9.582
9.584
9.586
9.589
9.595
9.598
9.6
9.602
9.604
9.607
9.61
9.611
9.617
9.621
9.623
9.623
9.623
9.624
9.625
9.627
9.628
9.636
9.638
9.643
9.645
9.646
9.646
9.648
9.651
9.652
9.655
9.655
9.66
9.664
9.665
9.67
9.672
9.673
9.673
9.674
9.677
9.677
9.679
9.68
9.68
9.682
9.682
9.684
9.69
9.69
9.698
9.7
9.701
9.71
9.711
9.712
9.713
9.714
9.716
9.717
9.717
9.718
9.722
9.722
9.723
9.724
9.724
9.725
9.727
9.737
9.74
9.742
9.748
9.75
9.752
9.752
9.754
9.754
9.757
9.759
9.76
9.762
9.763
9.764
9.768
9.777
9.78
9.78
9.781
9.783
9.783
9.784
9.784
9.786
9.786
9.796
9.796
9.797
9.801
9.801
9.812
9.813
9.814
9.815
9.817
9.818
9.819
9.82
9.82
9.821
9.821
9.823
9.824
9.825
9.83
9.832
9.835
9.836
9.837
9.837
9.838
9.844
9.851
9.851
9.853
9.854
9.857
9.858
9.86
9.864
9.865
9.868
9.869
9.871
9.877
9.878
9.878
9.88
9.881
9.89
9.89
9.891
9.896
9.897
9.902
9.902
9.904
9.904
9.908
9.909
9.91
9.911
9.913
9.917
9.921
9.922
9.922
9.924
9.924
9.928
9.928
9.929
9.929
9.929
9.937
9.937
9.941
9.942
9.944
9.947
9.951
9.953
9.955
9.956
9.957
9.959
9.962
9.968
9.973
9.975
9.975
9.975
9.975
9.975
9.978
9.982
9.985
9.987
9.994
9.994
9.998
9.999
9.999
10.001
10.002
10.002
10.002
10.01
10.013
10.013
10.014
10.021
10.022
10.024
10.028
10.029
10.03
10.03
10.032
10.036
10.039
10.04
10.044
10.046
10.048
10.052
10.053
10.055
10.057
10.059
10.059
10.062
10.062
10.064
10.067
10.071
10.072
10.073
10.081
10.083
10.083
10.086
10.09
10.091
10.092
10.096
10.099
10.099
10.101
10.102
10.103
10.107
10.107
10.107
10.109
10.11
10.111
10.112
10.113
10.114
10.114
10.116
10.121
10.121
10.126
10.127
10.127
10.128
10.13
10.133
10.134
10.135
10.136
10.137
10.14
10.143
10.143
10.144
10.15
10.153
10.154
10.156
10.156
10.158
10.159
10.161
10.163
10.167
10.169
10.17
10.171
10.179
10.18
10.181
10.181
10.182
10.184
10.185
10.196
10.196
10.198
10.207
10.207
10.207
10.208
10.208
10.215
10.215
10.216
10.218
10.219
10.22
10.221
10.222
10.222
10.225
10.225
10.23
10.232
10.232
10.235
10.235
10.237
10.239
10.239
10.24
10.241
10.247
10.253
10.253
10.257
10.258
10.259
10.261
10.261
10.263
10.263
10.266
10.268
10.279
10.28
10.281
10.283
10.283
10.285
10.29
10.29
10.292
10.295
10.297
10.301
10.304
10.308
10.308
10.309
10.309
10.317
10.32
10.321
10.321
10.322
10.326
10.328
10.329
10.334
10.334
10.342
10.342
10.349
10.357
10.361
10.362
10.367
10.373
10.373
10.374
10.378
10.381
10.381
10.382
10.383
10.384
10.389
10.391
10.393
10.394
10.397
10.398
10.399
10.401
10.401
10.403
10.404
10.409
10.413
10.418
10.418
10.419
10.42
10.422
10.423
10.425
10.427
10.428
10.431
10.435
10.436
10.437
10.438
10.442
10.444
10.444
10.446
10.447
10.447
10.45
10.45
10.454
10.455
10.456
10.463
10.463
10.468
10.468
10.476
10.476
10.48
10.48
10.485
10.487
10.488
10.488
10.493
10.494
10.497
10.498
10.499
10.504
10.506
10.506
10.509
10.51
10.51
10.513
10.515
10.517
10.518
10.52
10.52
10.528
10.529
10.53
10.532
10.533
10.533
10.537
10.539
10.539
10.541
10.542
10.542
10.547
10.548
10.55
10.55
10.556
10.557
10.557
10.56
10.561
10.561
10.563
10.565
10.567
10.568
10.571
10.573
10.573
10.575
10.588
10.59
10.592
10.598
10.6
10.601
10.604
10.607
10.608
10.609
10.613
10.622
10.626
10.632
10.634
10.636
10.64
10.642
10.642
10.645
10.647
10.649
10.65
10.652
10.653
10.653
10.657
10.658
10.662
10.663
10.666
10.669
10.669
10.672
10.676
10.683
10.688
10.691
10.691
10.693
10.697
10.698
10.699
10.7
10.701
10.703
10.707
10.712
10.713
10.715
10.715
10.715
10.716
10.724
10.726
10.731
10.736
10.745
10.75
10.75
10.751
10.751
10.756
10.757
10.761
10.765
10.766
10.767
10.767
10.768
10.768
10.773
10.778
10.779
10.781
10.781
10.782
10.782
10.783
10.784
10.784
10.784
10.785
10.788
10.788
10.797
10.805
10.805
10.806
10.807
10.807
10.811
10.818
10.825
10.825
10.826
10.827
10.827
10.828
10.836
10.837
10.841
10.841
10.842
10.846
10.846
10.852
10.853
10.861
10.87
10.877
10.878
10.884
10.887
10.888
10.888
10.891
10.891
10.891
10.892
10.893
10.893
10.893
10.894
10.895
10.898
10.898
10.898
10.9
10.905
10.907
10.908
10.912
10.912
10.913
10.914
10.918
10.918
10.919
10.921
10.922
10.924
10.926
10.932
10.936
10.94
10.944
10.945
10.945
10.95
10.951
10.953
10.953
10.956
10.956
10.957
10.96
10.961
10.963
10.964
10.967
10.97
10.97
10.976
10.98
10.981
10.982
10.983
10.985
10.989
10.99
10.99
10.994
10.995
10.995
11.001
11.001
11.003
11.009
11.012
11.014
11.016
11.018
11.019
11.023
11.023
11.026
11.027
11.03
11.031
11.034
11.038
11.038
11.041
11.042
11.042
11.043
11.045
11.051
11.055
11.059
11.063
11.064
11.066
11.066
11.066
11.069
11.07
11.071
11.072
11.074
11.075
11.079
11.081
11.081
11.081
11.083
11.085
11.088
11.09
11.093
11.097
11.098
11.1
11.1
11.101
11.102
11.105
11.107
11.111
11.111
11.113
11.114
11.115
11.122
11.123
11.124
11.125
11.129
11.129
11.13
11.132
11.133
11.134
11.137
11.139
11.14
11.141
11.143
11.148
11.15
11.15
11.152
11.153
11.153
11.157
11.158
11.159
11.159
11.164
11.169
11.17
11.173
11.173
11.175
11.187
11.187
11.189
11.19
11.191
11.193
11.194
11.196
11.198
11.198
11.199
11.199
11.205
11.205
11.207
11.209
11.211
11.212
11.213
11.213
11.215
11.215
11.216
11.217
11.218
11.219
11.219
11.219
11.22
11.221
11.229
11.231
11.232
11.236
11.237
11.238
11.238
11.24
11.248
11.254
11.254
11.256
11.259
11.264
11.268
11.271
11.276
11.28
11.28
11.28
11.282
11.282
11.284
11.285
11.286
11.286
11.292
11.296
11.296
11.298
11.299
11.304
11.312
11.314
11.316
11.317
11.326
11.327
11.328
11.331
11.334
11.336
11.338
11.34
11.341
11.342
11.342
11.344
11.346
11.35
11.351
11.353
11.357
11.357
11.362
11.362
11.368
11.371
11.374
11.375
11.376
11.376
11.383
11.386
11.389
11.39
11.392
11.395
11.395
11.395
11.397
11.4
11.4
11.402
11.405
11.406
11.406
11.409
11.415
11.418
11.423
11.424
11.425
11.432
11.432
11.433
11.439
11.441
11.443
11.448
11.45
11.453
11.456
11.457
11.458
11.463
11.464
11.466
11.474
11.474
11.477
11.478
11.478
11.48
11.481
11.485
11.487
11.488
11.488
11.498
11.5
11.504
11.504
11.506
11.506
11.509
11.516
11.516
11.52
11.521
11.533
11.534
11.534
11.538
11.54
11.552
11.552
11.553
11.553
11.554
11.556
11.564
11.566
11.569
11.586
11.588
11.592
11.595
11.595
11.595
11.596
11.603
11.606
11.607
11.608
11.609
11.612
11.613
11.614
11.619
11.625
11.629
11.63
11.634
11.635
11.639
11.646
11.646
11.646
11.647
11.657
11.657
11.658
11.662
11.662
11.662
11.664
11.666
11.666
11.667
11.672
11.684
11.685
11.686
11.69
11.696
11.699
11.7
11.708
11.709
11.712
11.713
11.73
11.73
11.73
11.731
11.734
11.735
11.735
11.737
11.739
11.739
11.74
11.74
11.742
11.743
11.744
11.744
11.747
11.752
11.753
11.753
11.756
11.757
11.762
11.762
11.764
11.766
11.769
11.77
11.77
11.772
11.775
11.778
11.779
11.78
11.782
11.783
11.784
11.785
11.786
11.787
11.79
11.796
11.798
11.798
11.798
11.802
11.804
11.804
11.805
11.806
11.807
11.807
11.812
11.814
11.815
11.815
11.819
11.82
11.82
11.825
11.825
11.829
11.83
11.831
11.833
11.839
11.841
11.843
11.843
11.843
11.845
11.849
11.86
11.867
11.87
11.871
11.871
11.872
11.878
11.88
11.881
11.882
11.884
11.884
11.884
11.889
11.893
11.895
11.908
11.913
11.914
11.916
11.918
11.92
11.926
11.926
11.93
11.933
11.934
11.937
11.942
11.943
11.944
11.945
11.947
11.949
11.951
11.954
11.959
11.963
11.967
11.968
11.969
11.969
11.971
11.977
11.978
11.979
11.982
11.982
11.983
11.984
11.986
11.987
11.989
11.99
11.99
11.995
11.996
11.998
11.999
12.003
12.004
12.004
12.007
12.007
12.012
12.014
12.02
12.027
12.027
12.027
12.031
12.032
12.033
12.033
12.034
12.035
12.037
12.037
12.045
12.048
12.048
12.05
12.051
12.052
12.056
12.061
12.066
12.066
12.069
12.07
12.075
12.076
12.08
12.081
12.084
12.088
12.091
12.093
12.094
12.097
12.098
12.098
12.105
12.105
12.105
12.105
12.106
12.106
12.107
12.109
12.11
12.111
12.111
12.112
12.113
12.113
12.115
12.115
12.12
12.128
12.129
12.129
12.13
12.134
12.135
12.139
12.139
12.139
12.141
12.142
12.142
12.143
12.147
12.151
12.151
12.153
12.154
12.155
12.156
12.156
12.16
12.164
12.165
12.168
12.168
12.168
12.17
12.17
12.174
12.176
12.177
12.177
12.179
12.18
12.18
12.18
12.184
12.188
12.189
12.19
12.19
12.191
12.191
12.194
12.194
12.195
12.196
12.196
12.197
12.2
12.2
12.203
12.203
12.207
12.209
12.212
12.214
12.214
12.216
12.217
12.217
12.217
12.219
12.225
12.225
12.227
12.228
12.228
12.228
12.229
12.23
12.231
12.231
12.232
12.238
12.238
12.238
12.24
12.24
12.241
12.242
12.242
12.243
12.249
12.249
12.251
12.252
12.254
12.255
12.256
12.259
12.259
12.264
12.264
12.272
12.273
12.274
12.276
12.276
12.277
12.277
12.278
12.279
12.28
12.282
12.285
12.286
12.288
12.292
12.293
12.295
12.297
12.297
12.298
12.3
12.301
12.306
12.308
12.308
12.315
12.319
12.321
12.329
12.329
12.333
12.335
12.336
12.337
12.337
12.344
12.347
12.351
12.351
12.351
12.353
12.354
12.355
12.357
12.359
12.359
12.361
12.361
12.361
12.362
12.362
12.366
12.368
12.378
12.379
12.384
12.384
12.388
12.389
12.389
12.393
12.395
12.399
12.402
12.403
12.403
12.405
12.405
12.411
12.412
12.414
12.415
12.415
12.418
12.42
12.421
12.421
12.422
12.423
12.424
12.425
12.431
12.433
12.434
12.441
12.445
12.445
12.446
12.449
12.45
12.451
12.454
12.456
12.456
12.457
12.458
12.458
12.46
12.463
12.466
12.467
12.47
12.471
12.473
12.474
12.476
12.49
12.492
12.492
12.492
12.497
12.497
12.499
12.5
12.501
12.501
12.503
12.505
12.506
12.507
12.509
12.509
12.513
12.513
12.515
12.518
12.524
12.525
12.525
12.526
12.527
12.531
12.533
12.537
12.539
12.542
12.544
12.545
12.545
12.546
12.547
12.55
12.551
12.554
12.56
12.56
12.561
12.561
12.562
12.562
12.563
12.577
12.577
12.586
12.587
12.593
12.596
12.6
12.606
12.607
12.609
12.611
12.611
12.612
12.614
12.615
12.616
12.616
12.618
12.619
12.621
12.634
12.637
12.646
12.646
12.65
12.651
12.651
12.656
12.659
12.661
12.661
12.665
12.666
12.667
12.668
12.668
12.67
12.671
12.672
12.674
12.678
12.68
12.68
12.68
12.692
12.692
12.693
12.694
12.697
12.7
12.701
12.702
12.702
12.703
12.703
12.705
12.712
12.712
12.713
12.714
12.718
12.719
12.719
12.721
12.727
12.727
12.731
12.731
12.732
12.733
12.737
12.74
12.743
12.744
12.749
12.751
12.752
12.753
12.755
12.757
12.757
12.757
12.76
12.761
12.762
12.765
12.77
12.771
12.772
12.772
12.779
12.781
12.783
12.789
12.79
12.792
12.792
12.796
12.801
12.806
12.806
12.807
12.807
12.81
12.81
12.81
12.814
12.821
12.822
12.822
12.827
12.827
12.828
12.829
12.832
12.836
12.836
12.838
12.839
12.84
12.842
12.844
12.848
12.849
12.849
12.849
12.851
12.854
12.858
12.863
12.864
12.867
12.872
12.873
12.877
12.88
12.881
12.882
12.884
12.884
12.888
12.89
12.892
12.892
12.893
12.893
12.894
12.895
12.897
12.898
12.899
12.902
12.903
12.905
12.906
12.908
12.909
12.921
12.922
12.926
12.926
12.93
12.935
12.935
12.935
12.937
12.939
12.939
12.942
12.943
12.944
12.945
12.945
12.952
12.953
12.959
12.962
12.966
12.968
12.974
12.976
12.981
12.981
12.981
12.982
12.988
12.993
12.998
12.998
13.007
13.009
13.011
13.017
13.018
13.02
13.021
13.021
13.022
13.024
13.026
13.027
13.027
13.038
13.039
13.039
13.044
13.047
13.051
13.051
13.056
13.057
13.06
13.061
13.064
13.065
13.067
13.069
13.073
13.075
13.075
13.077
13.077
13.083
13.088
13.093
13.097
13.097
13.099
13.1
13.101
13.102
13.104
13.104
13.107
13.108
13.108
13.109
13.112
13.118
13.12
13.121
13.127
13.13
13.13
13.135
13.135
13.137
13.137
13.138
13.141
13.141
13.145
13.145
13.151
13.152
13.156
13.156
13.157
13.157
13.161
13.165
13.165
13.165
13.165
13.167
13.171
13.175
13.175
13.176
13.179
13.182
13.183
13.187
13.19
13.191
13.195
13.195
13.195
13.199
13.203
13.205
13.205
13.205
13.207
13.209
13.209
13.21
13.213
13.22
13.23
13.23
13.234
13.236
13.237
13.239
13.241
13.244
13.246
13.248
13.249
13.255
13.261
13.261
13.263
13.263
13.266
13.266
13.268
13.27
13.27
13.272
13.277
13.277
13.278
13.278
13.278
13.28
13.284
13.285
13.285
13.289
13.295
13.299
13.3
13.301
13.303
13.305
13.305
13.309
13.324
13.325
13.328
13.334
13.34
13.341
13.345
13.345
13.352
13.352
13.354
13.355
13.363
13.365
13.369
13.37
13.373
13.376
13.377
13.379
13.381
13.381
13.382
13.387
13.39
13.396
13.396
13.399
13.407
13.408
13.409
13.412
13.418
13.419
13.42
13.421
13.425
13.426
13.429
13.434
13.438
13.439
13.44
13.44
13.441
13.443
13.445
13.449
13.45
13.454
13.455
13.456
13.457
13.462
13.465
13.467
13.468
13.47
13.472
13.474
13.478
13.479
13.481
13.491
13.492
13.496
13.496
13.505
13.514
13.516
13.517
13.519
13.522
13.527
13.533
13.534
13.54
13.541
13.541
13.542
13.545
13.547
13.549
13.551
13.553
13.555
13.556
13.557
13.558
13.559
13.559
13.559
13.565
13.565
13.566
13.568
13.57
13.571
13.571
13.574
13.581
13.589
13.597
13.597
13.599
13.599
13.604
13.605
13.606
13.613
13.614
13.616
13.617
13.617
13.617
13.617
13.624
13.624
13.627
13.628
13.628
13.629
13.629
13.631
13.636
13.64
13.643
13.644
13.647
13.649
13.653
13.654
13.655
13.656
13.656
13.66
13.664
13.664
13.665
13.665
13.666
13.67
13.671
13.672
13.673
13.68
13.68
13.682
13.686
13.687
13.689
13.69
13.693
13.693
13.693
13.696
13.697
13.7
13.7
13.703
13.709
13.709
13.711
13.714
13.719
13.72
13.721
13.729
13.733
13.733
13.735
13.738
13.741
13.742
13.746
13.747
13.747
13.747
13.751
13.752
13.756
13.757
13.757
13.757
13.761
13.761
13.775
13.778
13.782
13.783
13.785
13.787
13.791
13.796
13.796
13.797
13.797
13.797
13.806
13.808
13.809
13.812
13.816
13.824
13.824
13.825
13.826
13.828
13.829
13.83
13.835
13.843
13.849
13.854
13.857
13.858
13.86
13.861
13.861
13.864
13.865
13.871
13.872
13.873
13.874
13.876
13.879
13.88
13.881
13.883
13.883
13.886
13.902
13.907
13.908
13.913
13.913
13.914
13.914
13.917
13.919
13.925
13.927
13.927
13.928
13.932
13.933
13.935
13.937
13.946
13.953
13.958
13.964
13.974
13.979
13.979
13.984
13.985
13.989
13.989
13.992
13.993
13.993
13.994
13.995
13.996
13.997
13.999
14
14.007
14.009
14.018
14.018
14.023
14.023
14.024
14.025
14.025
14.027
14.03
14.032
14.032
14.033
14.037
14.037
14.039
14.039
14.039
14.041
14.042
14.045
14.046
14.05
14.05
14.051
14.053
14.058
14.059
14.076
14.077
14.082
14.083
14.085
14.086
14.086
14.099
14.102
14.109
14.121
14.13
14.141
14.143
14.143
14.144
14.144
14.145
14.146
14.153
14.155
14.16
14.16
14.16
14.162
14.162
14.164
14.165
14.18
14.18
14.181
14.181
14.193
14.193
14.2
14.207
14.211
14.212
14.215
14.219
14.223
14.224
14.228
14.228
14.232
14.235
14.235
14.237
14.245
14.253
14.262
14.273
14.274
14.276
14.276
14.278
14.278
14.28
14.291
14.291
14.291
14.294
14.3
14.305
14.308
14.31
14.31
14.319
14.323
14.325
14.328
14.33
14.332
14.339
14.341
14.345
14.346
14.348
14.353
14.354
14.354
14.356
14.358
14.359
14.36
14.361
14.363
14.367
14.368
14.371
14.372
14.375
14.379
14.381
14.385
14.395
14.397
14.401
14.402
14.407
14.41
14.415
14.416
14.418
14.424
14.436
14.439
14.44
14.444
14.446
14.45
14.451
14.452
14.453
14.458
14.461
14.466
14.468
14.469
14.471
14.471
14.474
14.474
14.476
14.481
14.481
14.483
14.483
14.488
14.488
14.489
14.491
14.493
14.493
14.496
14.499
14.507
14.511
14.515
14.516
14.519
14.525
14.527
14.528
14.53
14.543
14.551
14.553
14.555
14.555
14.558
14.564
14.565
14.566
14.573
14.574
14.582
14.582
14.587
14.591
14.595
14.595
14.6
14.6
14.605
14.612
14.612
14.613
14.617
14.623
14.627
14.628
14.631
14.632
14.641
14.642
14.644
14.645
14.646
14.65
14.653
14.655
14.668
14.67
14.672
14.676
14.677
14.678
14.678
14.679
14.681
14.684
14.686
14.692
14.693
14.694
14.695
14.695
14.696
14.7
14.704
14.704
14.705
14.712
14.712
14.713
14.715
14.716
14.716
14.717
14.718
14.718
14.719
14.722
14.723
14.724
14.73
14.734
14.746
14.753
14.753
14.754
14.754
14.754
14.755
14.758
14.759
14.76
14.761
14.779
14.78
14.782
14.784
14.785
14.787
14.787
14.789
14.796
14.803
14.806
14.811
14.812
14.815
14.816
14.818
14.82
14.829
14.829
14.83
14.83
14.831
14.835
14.837
14.838
14.839
14.84
14.841
14.843
14.845
14.85
14.854
14.855
14.858
14.865
14.867
14.868
14.87
14.871
14.873
14.873
14.874
14.879
14.879
14.881
14.882
14.889
14.891
14.894
14.898
14.898
14.899
14.902
14.902
14.902
14.902
14.905
14.906
14.908
14.911
14.912
14.913
14.917
14.92
14.927
14.927
14.928
14.93
14.931
14.934
14.936
14.947
14.948
14.948
14.95
14.951
14.952
14.963
14.966
14.973
14.973
14.974
14.979
14.98
14.982
14.986
14.988
14.994
14.996
14.998
14.999
15
15.008
15.012
15.013
15.016
15.017
15.017
15.017
15.019
15.019
15.026
15.026
15.029
15.036
15.04
15.042
15.051
15.055
15.06
15.061
15.064
15.066
15.066
15.068
15.078
15.08
15.083
15.085
15.09
15.091
15.102
15.104
15.104
15.116
15.117
15.117
15.118
15.124
15.125
15.129
15.138
15.138
15.14
15.143
15.144
15.148
15.148
15.15
15.153
15.155
15.162
15.163
15.172
15.176
15.18
15.186
15.2
15.2
15.206
15.209
15.21
15.212
15.216
15.218
15.223
15.226
15.227
15.23
15.241
15.242
15.243
15.244
15.245
15.247
15.247
15.248
15.249
15.253
15.253
15.255
15.257
15.261
15.262
15.264
15.267
15.267
15.268
15.274
15.277
15.279
15.28
15.289
15.296
15.298
15.303
15.31
15.311
15.312
15.313
15.313
15.316
15.318
15.326
15.326
15.33
15.333
15.333
15.334
15.335
15.338
15.338
15.339
15.34
15.348
15.353
15.354
15.354
15.359
15.362
15.368
15.369
15.371
15.371
15.373
15.38
15.387
15.389
15.402
15.403
15.404
15.408
15.41
15.414
15.415
15.416
15.418
15.42
15.421
15.422
15.424
15.425
15.426
15.427
15.431
15.436
15.44
15.441
15.441
15.442
15.442
15.446
15.459
15.46
15.465
15.467
15.472
15.475
15.483
15.483
15.501
15.502
15.509
15.513
15.514
15.515
15.518
15.528
15.529
15.529
15.529
15.541
15.547
15.554
15.561
15.565
15.571
15.573
15.576
15.579
15.581
15.585
15.585
15.593
15.597
15.603
15.607
15.615
15.617
15.618
15.62
15.621
15.626
15.627
15.651
15.657
15.66
15.66
15.667
15.669
15.669
15.67
15.671
15.676
15.678
15.681
15.681
15.682
15.682
15.684
15.687
15.691
15.691
15.692
15.693
15.694
15.694
15.696
15.706
15.711
15.713
15.718
15.719
15.719
15.721
15.725
15.732
15.733
15.735
15.738
15.738
15.739
15.74
15.747
15.752
15.754
15.756
15.757
15.758
15.759
15.759
15.764
15.766
15.767
15.767
15.767
15.77
15.77
15.771
15.775
15.78
15.788
15.794
15.807
15.815
15.818
15.821
15.828
15.829
15.829
15.83
15.831
15.836
15.836
15.836
15.836
15.839
15.845
15.847
15.849
15.855
15.858
15.864
15.864
15.864
15.866
15.867
15.871
15.874
15.875
15.877
15.885
15.891
15.892
15.905
15.909
15.911
15.917
15.918
15.931
15.931
15.945
15.95
15.952
15.958
15.961
15.965
15.966
15.967
15.991
15.993
16.003
16.01
16.012
16.014
16.018
16.018
16.019
16.026
16.029
16.034
16.047
16.047
16.048
16.053
16.06
16.062
16.067
16.068
16.069
16.071
16.075
16.076
16.086
16.087
16.098
16.102
16.105
16.106
16.106
16.107
16.107
16.11
16.119
16.12
16.123
16.124
16.126
16.128
16.138
16.145
16.149
16.149
16.158
16.159
16.162
16.163
16.164
16.165
16.168
16.176
16.182
16.188
16.189
16.19
16.192
16.194
16.197
16.2
16.203
16.21
16.214
16.218
16.218
16.223
16.223
16.223
16.237
16.239
16.241
16.241
16.244
16.245
16.247
16.257
16.258
16.259
16.259
16.273
16.274
16.276
16.278
16.283
16.294
16.302
16.306
16.312
16.313
16.314
16.316
16.324
16.325
16.326
16.329
16.336
16.337
16.337
16.35
16.356
16.363
16.366
16.366
16.367
16.368
16.371
16.401
16.404
16.405
16.406
16.409
16.414
16.43
16.436
16.437
16.438
16.439
16.44
16.442
16.443
16.444
16.444
16.462
16.464
16.466
16.474
16.475
16.476
16.481
16.486
16.491
16.492
16.495
16.501
16.505
16.509
16.51
16.512
16.514
16.521
16.525
16.528
16.532
16.537
16.542
16.542
16.543
16.55
16.556
16.56
16.56
16.567
16.574
16.574
16.582
16.587
16.588
16.59
16.595
16.599
16.607
16.613
16.614
16.622
16.623
16.628
16.632
16.634
16.644
16.645
16.656
16.661
16.664
16.669
16.67
16.675
16.676
16.679
16.684
16.685
16.685
16.686
16.688
16.694
16.696
16.696
16.697
16.698
16.7
16.701
16.705
16.708
16.715
16.715
16.717
16.723
16.724
16.728
16.735
16.736
16.739
16.74
16.747
16.759
16.767
16.767
16.768
16.777
16.779
16.78
16.782
16.785
16.786
16.789
16.8
16.802
16.803
16.805
16.806
16.808
16.81
16.812
16.818
16.819
16.819
16.822
16.822
16.832
16.833
16.834
16.836
16.844
16.846
16.85
16.854
16.854
16.856
16.856
16.856
16.86
16.871
16.877
16.88
16.88
16.881
16.886
16.893
16.895
16.898
16.901
16.902
16.904
16.915
16.916
16.917
16.917
16.919
16.929
16.936
16.942
16.947
16.947
16.949
16.953
16.969
16.97
16.979
16.98
16.985
16.99
16.99
16.997
17
17
17.001
17.006
17.006
17.007
17.009
17.01
17.011
17.018
17.021
17.024
17.029
17.03
17.033
17.045
17.05
17.05
17.051
17.06
17.06
17.06
17.064
17.068
17.074
17.075
17.078
17.087
17.099
17.099
17.107
17.124
17.125
17.135
17.14
17.149
17.154
17.161
17.166
17.167
17.175
17.181
17.194
17.194
17.196
17.197
17.199
17.201
17.203
17.209
17.21
17.21
17.211
17.22
17.222
17.225
17.249
17.254
17.257
17.257
17.257
17.258
17.259
17.262
17.264
17.265
17.266
17.272
17.273
17.274
17.28
17.283
17.284
17.289
17.29
17.299
17.31
17.313
17.321
17.326
17.329
17.336
17.338
17.347
17.352
17.354
17.36
17.362
17.369
17.373
17.374
17.38
17.383
17.384
17.385
17.391
17.397
17.398
17.404
17.405
17.405
17.406
17.407
17.41
17.416
17.419
17.456
17.458
17.46
17.466
17.469
17.471
17.471
17.474
17.474
17.478
17.483
17.487
17.487
17.487
17.496
17.504
17.507
17.516
17.528
17.529
17.53
17.531
17.532
17.55
17.558
17.558
17.559
17.563
17.567
17.576
17.578
17.581
17.61
17.611
17.611
17.62
17.643
17.648
17.677
17.68
17.681
17.686
17.689
17.704
17.711
17.714
17.714
17.721
17.724
17.725
17.727
17.727
17.735
17.738
17.742
17.752
17.754
17.756
17.762
17.767
17.773
17.79
17.79
17.801
17.802
17.808
17.825
17.831
17.831
17.848
17.852
17.854
17.874
17.874
17.883
17.89
17.89
17.891
17.901
17.911
17.917
17.924
17.927
17.94
17.941
17.947
17.972
17.975
17.976
17.977
17.984
17.985
17.988
17.991
18.003
18.003
18.02
18.021
18.028
18.046
18.056
18.07
18.081
18.086
18.087
18.09
18.09
18.111
18.122
18.123
18.126
18.131
18.139
18.139
18.143
18.146
18.152
18.159
18.161
18.167
18.177
18.181
18.182
18.187
18.192
18.201
18.202
18.207
18.214
18.216
18.218
18.218
18.22
18.222
18.223
18.234
18.234
18.238
18.25
18.253
18.264
18.267
18.272
18.283
18.287
18.308
18.312
18.322
18.325
18.341
18.353
18.353
18.359
18.373
18.375
18.378
18.384
18.385
18.397
18.406
18.41
18.418
18.42
18.435
18.438
18.448
18.449
18.454
18.455
18.456
18.462
18.475
18.485
18.491
18.506
18.514
18.517
18.517
18.519
18.523
18.53
18.532
18.536
18.543
18.543
18.544
18.549
18.569
18.577
18.584
18.587
18.587
18.603
18.616
18.623
18.623
18.63
18.635
18.637
18.637
18.641
18.642
18.642
18.647
18.648
18.648
18.649
18.651
18.655
18.686
18.69
18.694
18.725
18.729
18.744
18.749
18.765
18.778
18.781
18.794
18.801
18.811
18.813
18.835
18.839
18.84
18.84
18.846
18.864
18.869
18.869
18.872
18.876
18.893
18.899
18.913
18.926
18.932
18.953
18.969
18.972
18.978
18.989
18.994
18.996
18.998
18.999
19
19.015
19.027
19.029
19.03
19.034
19.037
19.041
19.071
19.072
19.079
19.091
19.098
19.105
19.114
19.142
19.144
19.155
19.155
19.163
19.188
19.21
19.227
19.234
19.25
19.255
19.257
19.261
19.272
19.281
19.296
19.3
19.309
19.319
19.32
19.334
19.341
19.344
19.363
19.364
19.366
19.37
19.385
19.404
19.404
19.425
19.448
19.453
19.46
19.467
19.497
19.502
19.516
19.523
19.523
19.523
19.525
19.526
19.526
19.529
19.549
19.553
19.561
19.562
19.563
19.568
19.571
19.574
19.607
19.608
19.612
19.616
19.622
19.628
19.635
19.642
19.647
19.648
19.651
19.654
19.658
19.662
19.671
19.679
19.681
19.685
19.686
19.688
19.695
19.713
19.716
19.727
19.728
19.75
19.754
19.758
19.76
19.777
19.784
19.785
19.798
19.801
19.801
19.819
19.821
19.828
19.834
19.844
19.857
19.863
19.875
19.878
19.88
19.89
19.895
19.902
19.904
19.917
19.939
19.945
19.954
19.973
19.976
19.987
19.989
19.996
20
20
20.001
20.02
20.022
20.023
20.03
20.033
20.038
20.045
20.05
20.051
20.07
20.074
20.078
20.084
20.084
20.088
20.092
20.103
20.109
20.117
20.117
20.128
20.129
20.133
20.135
20.136
20.144
20.162
20.182
20.183
20.196
20.208
20.221
20.227
20.234
20.236
20.238
20.239
20.26
20.264
20.273
20.292
20.359
20.376
20.389
20.39
20.395
20.408
20.419
20.439
20.462
20.474
20.483
20.495
20.507
20.519
20.523
20.525
20.541
20.544
20.552
20.555
20.572
20.586
20.591
20.595
20.598
20.598
20.602
20.614
20.62
20.635
20.636
20.638
20.664
20.667
20.7
20.715
20.716
20.754
20.768
20.772
20.778
20.791
20.795
20.797
20.807
20.808
20.815
20.818
20.84
20.871
20.889
20.896
20.905
20.919
20.928
20.947
20.954
20.985
20.988
21.008
21.01
21.013
21.016
21.02
21.026
21.036
21.047
21.064
21.064
21.081
21.106
21.112
21.112
21.14
21.19
21.191
21.198
21.198
21.206
21.209
21.213
21.241
21.264
21.286
21.286
21.301
21.303
21.319
21.324
21.33
21.356
21.376
21.412
21.419
21.421
21.424
21.43
21.443
21.452
21.456
21.457
21.51
21.517
21.519
21.537
21.542
21.561
21.564
21.573
21.582
21.636
21.642
21.694
21.705
21.72
21.735
21.736
21.78
21.791
21.8
21.848
21.891
21.913
21.917
21.934
21.935
21.937
21.938
21.941
21.965
21.981
21.997
22.014
22.025
22.06
22.071
22.072
22.081
22.088
22.101
22.118
22.12
22.123
22.159
22.172
22.189
22.2
22.212
22.27
22.301
22.326
22.348
22.377
22.381
22.387
22.393
22.396
22.41
22.415
22.428
22.435
22.439
22.455
22.46
22.467
22.476
22.487
22.509
22.522
22.569
22.57
22.575
22.58
22.584
22.594
22.647
22.65
22.654
22.668
22.713
22.713
22.725
22.786
22.795
22.804
22.832
22.836
22.912
22.919
22.925
22.932
22.94
22.955
22.968
22.993
22.994
23.013
23.044
23.046
23.049
23.069
23.07
23.082
23.095
23.143
23.149
23.15
23.203
23.21
23.238
23.296
23.312
23.33
23.366
23.388
23.406
23.409
23.425
23.457
23.498
23.505
23.595
23.631
23.652
23.711
23.729
23.741
23.841
23.85
23.905
23.913
23.917
23.932
23.943
23.949
23.955
23.957
23.961
24.003
24.023
24.068
24.073
24.08
24.106
24.124
24.131
24.135
24.181
24.202
24.214
24.263
24.333
24.346
24.385
24.428
24.451
24.458
24.48
24.485
24.529
24.564
24.571
24.582
24.585
24.588
24.633
24.636
24.701
24.74
24.767
24.77
24.773
24.781
24.813
24.828
24.905
24.946
24.951
24.967
25.009
25.034
25.072
25.114
25.16
25.197
25.204
25.261
25.326
25.357
25.408
25.456
25.56
25.649
25.679
25.692
25.738
25.765
25.81
25.91
25.979
25.989
26.01
26.038
26.067
26.166
26.166
26.217
26.232
26.245
26.248
26.324
26.339
26.352
26.37
26.406
26.406
26.424
26.471
26.518
26.59
26.64
26.808
26.811
26.84
26.885
26.921
27.059
27.126
27.144
27.264
27.27
27.304
27.326
27.352
27.409
27.416
27.43
27.464
27.523
27.613
27.624
27.656
27.839
27.877
27.917
27.957
27.966
28.083
28.12
28.167
28.188
28.192
28.227
28.294
28.322
28.355
28.426
28.431
28.749
28.865
28.951
28.983
29.07
29.112
29.194
29.222
29.227
29.33
29.345
29.383
29.652
30.046
30.113
30.164
30.213
30.229
30.452
30.658
30.744
30.963
31.369
31.478
31.569
31.985
32.506
32.647
33.008
33.392
33.751
34.278
34.289
34.575
35.521
35.541
38.313
38.641
40.106
41.683
42.589
47.889
48.15
66.458
83.09
124.259
