1341847980.722988 0.0000000 0.0000000 0.0000000 -0.0000000 -0.0000000 -0.0000000 1.0000000
1341847982.462624 -0.1444852 0.0138113 -0.0435625 0.0108629 0.0125945 0.0090600 0.9998206
1341847982.498616 -0.1484207 0.0210911 -0.0435336 0.0119735 0.0155523 0.0095089 0.9997622
1341847982.598726 -0.1647055 0.0169058 -0.0400540 0.0055892 0.0227377 0.0127862 0.9996441
1341847982.898700 -0.2482586 0.0188315 -0.0250672 0.0084962 0.0459165 0.0206209 0.9986963
1341847983.234717 -0.3495124 0.0144812 -0.0221240 0.0019287 0.0444398 0.0272805 0.9986377
1341847983.702857 -0.5091191 0.0075569 -0.0249414 0.0042173 0.0687521 0.0270113 0.9972591
1341847983.906692 -0.6004719 0.0163306 -0.0364678 0.0147583 0.0690894 0.0363102 0.9968402
1341847984.074737 -0.6584752 0.0276036 -0.0461576 0.0089614 0.0763665 0.0331431 0.9964886
1341847984.343094 -0.7624655 0.0484123 -0.0144924 -0.0074567 0.0816595 0.0300854 0.9961782
1341847984.542747 -0.8179404 0.0352561 0.0302301 -0.0156870 0.0810020 0.0327666 0.9960517
1341847984.842655 -0.9033007 0.0084735 0.1394316 -0.0031146 0.0854201 0.0400649 0.9955343
1341847985.210840 -0.9550959 -0.0571588 0.2632776 -0.0123501 0.1000451 0.0559680 0.9933308
1341847985.546814 -1.0008893 -0.1132124 0.3685485 -0.0124639 0.1255806 0.0595262 0.9902176
1341847985.814703 -1.0457145 -0.1507336 0.4660120 0.0127967 0.1441753 0.0771964 0.9864535
1341847986.018756 -1.0789566 -0.1906166 0.5232096 0.0155818 0.1618125 0.0877753 0.9827866
1341847986.394467 -1.1127638 -0.2612687 0.6384704 0.0183393 0.1946567 0.1021103 0.9753696
1341847986.793794 -1.1350490 -0.3339434 0.7858386 0.0116946 0.2221373 0.1267560 0.9666702
1341847987.054629 -1.1460505 -0.3645212 0.8769570 0.0016311 0.2340034 0.1448797 0.9613790
1341847987.290653 -1.1576267 -0.4030404 0.9505034 -0.0126007 0.2601086 0.1451633 0.9545221
1341847987.526761 -1.1871157 -0.4068499 1.0177782 0.0070689 0.2967058 0.1424423 0.9442595
1341847987.826748 -1.2296649 -0.4028614 1.1183457 0.0189541 0.3149700 0.1692411 0.9336981
1341847988.065746 -1.2656868 -0.4226496 1.1895045 0.0278254 0.3194000 0.1619182 0.9332695
1341847988.333739 -1.2940117 -0.4253812 1.2504052 0.0307873 0.3253954 0.1645394 0.9306432
1341847988.637768 -1.3218391 -0.4289312 1.2997856 0.0238557 0.3330073 0.1769314 0.9258684
1341847988.998737 -1.3923317 -0.4463490 1.3310752 0.0165700 0.3497486 0.1946679 0.9162455
1341847989.202743 -1.4482112 -0.4744783 1.3503848 0.0214108 0.3509928 0.1973491 0.9150951
1341847989.402777 -1.5097206 -0.5075632 1.3561040 0.0134424 0.3453699 0.1769466 0.9215361
1341847989.802890 -1.6132770 -0.5470139 1.3629450 0.0056292 0.3616804 0.1675911 0.9170980
1341847990.070686 -1.7068584 -0.5668240 1.3686088 0.0110890 0.3700646 0.1707917 0.9131043
1341847990.306743 -1.7930832 -0.5830081 1.3696002 0.0186716 0.3665642 0.1754722 0.9135051
1341847990.642783 -1.8889654 -0.5982985 1.3879788 0.0114969 0.3692419 0.1850238 0.9106560
1341847991.310807 -2.0279059 -0.6496825 1.4665272 0.0189320 0.4046368 0.2110161 0.8895970
1341847991.646714 -2.0843883 -0.6880066 1.5153550 0.0158889 0.4183525 0.2457308 0.8742684
1341847992.082793 -2.1353729 -0.7448320 1.5684160 0.0125418 0.4602483 0.2539172 0.8506117
1341847992.486713 -2.2225285 -0.7967098 1.6441128 0.0173943 0.4904606 0.2692015 0.8286594
1341847992.786631 -2.3006930 -0.8343059 1.7061138 0.0178739 0.5030571 0.2783523 0.8180062
1341847993.086751 -2.3447881 -0.8680009 1.7669098 0.0092368 0.5147309 0.2825758 0.8093933
1341847993.458848 -2.3770521 -0.9176189 1.8605018 0.0135098 0.5379463 0.2907647 0.7911303
1341847993.658928 -2.4009893 -0.9426622 1.9201055 0.0124023 0.5417864 0.3067637 0.7824383
1341847994.001991 -2.4083662 -1.0015404 2.0055678 -0.0091961 0.5560983 0.3071795 0.7722117
1341847994.233618 -2.4218321 -1.0414907 2.0519881 0.0052112 0.5719230 0.3113449 0.7589080
1341847994.501736 -2.4640107 -1.0953141 2.1198878 0.0190252 0.5876980 0.3150167 0.7449923
1341847994.769803 -2.4973545 -1.1415987 2.2033947 0.0169112 0.6001585 0.3264565 0.7300344
1341847995.098711 -2.5246308 -1.1810081 2.2895141 0.0077672 0.6195512 0.3450240 0.7050210
1341847995.434743 -2.5394793 -1.2260393 2.3625920 0.0106337 0.6406353 0.3498071 0.6834533
1341847995.634814 -2.5372975 -1.2486789 2.4150085 0.0180275 0.6397465 0.3639543 0.6767101
1341847996.070721 -2.5206132 -1.2877719 2.4846792 0.0113617 0.6562236 0.3748077 0.6547983
1341847996.406705 -2.5274727 -1.3116996 2.5184364 0.0141725 0.6760350 0.3773170 0.6327778
1341847996.742663 -2.5508075 -1.3337531 2.5817041 0.0086158 0.6904578 0.3864864 0.6114099
1341847997.142993 -2.5716848 -1.3920281 2.6980028 0.0142727 0.7011554 0.3930161 0.5947401
1341847997.578740 -2.5666893 -1.4637779 2.8025904 0.0092776 0.7195308 0.3859763 0.5772448
1341847997.915169 -2.5207715 -1.5266209 2.9013906 0.0190570 0.7364489 0.3825418 0.5576214
1341847998.253760 -2.4739895 -1.5854537 2.9924159 0.0218712 0.7328954 0.3923866 0.5553547
1341847998.484037 -2.4476638 -1.6245000 3.0646553 0.0117467 0.7277320 0.3882886 0.5652434
1341847998.686862 -2.4293833 -1.6543057 3.1322918 -0.0014131 0.7264342 0.3868780 0.5679937
1341847998.886699 -2.4201260 -1.6870050 3.2063308 -0.0025182 0.7294126 0.3898513 0.5621094
1341847999.122718 -2.4055316 -1.7123419 3.2872128 -0.0061049 0.7249496 0.4037912 0.5579995
1341847999.454933 -2.3702710 -1.7520318 3.3643484 0.0098766 0.7492361 0.4056286 0.5234627
1341847999.691111 -2.3281839 -1.7717973 3.4043097 0.0227352 0.7689400 0.4147483 0.4860024
1341847999.958786 -2.2587767 -1.7765827 3.4410651 0.0297526 0.7824360 0.4331498 0.4464191
1341848000.362696 -2.1557236 -1.7665390 3.4632115 0.0155279 0.7884008 0.4700322 0.3965513
1341848000.762655 -2.0489035 -1.7614682 3.4694638 0.0187113 0.8040655 0.4728490 0.3599199
1341848001.098800 -1.9466535 -1.7768261 3.4887278 0.0343167 0.8143042 0.4765295 0.3296219
1341848001.366701 -1.8640363 -1.7666161 3.5094187 0.0192458 0.8286509 0.4710487 0.3017953
1341848001.567011 -1.8080115 -1.7457550 3.5017159 0.0091985 0.8418051 0.4700959 0.2651215
1341848001.834761 -1.7377313 -1.7321377 3.4816301 0.0065115 0.8541146 0.4724751 0.2172859
1341848002.102720 -1.6646119 -1.7199926 3.4581392 0.0178301 0.8590374 0.4785513 0.1809020
1341848002.370786 -1.5967124 -1.7005646 3.4374588 0.0086335 0.8602841 0.4872132 0.1498668
1341848002.674651 -1.5297410 -1.6632445 3.4281790 -0.0024824 0.8573923 0.4989202 0.1262970
1341848002.842833 -1.4843626 -1.6349211 3.4232278 -0.0025677 0.8545797 0.5049658 0.1212291
1341848003.074988 -1.4232352 -1.6253941 3.4254045 -0.0017183 0.8575417 0.4957003 0.1374787
1341848003.310739 -1.3633755 -1.6086609 3.4228027 -0.0190968 0.8589603 0.4913236 0.1429111
1341848003.478703 -1.3132256 -1.5971012 3.4284043 -0.0273120 0.8593948 0.4841850 0.1620478
1341848003.649972 -1.2719795 -1.5815067 3.4243474 -0.0274643 0.8547310 0.4804783 0.1944768
1341848003.817941 -1.2280328 -1.5693791 3.4164522 -0.0346078 0.8512875 0.4756148 0.2188661
1341848004.053778 -1.1792222 -1.5354018 3.3874731 -0.0358247 0.8450525 0.4738438 0.2451020
1341848004.289843 -1.1206319 -1.5034689 3.3555875 -0.0358386 0.8354946 0.4763470 0.2715842
1341848004.457752 -1.0833266 -1.4751170 3.3461142 -0.0449762 0.8246037 0.4744269 0.3048359
1341848004.889791 -1.0096204 -1.4263086 3.3461809 -0.0622045 0.7953371 0.4882709 0.3537811
1341848005.797852 -0.9208016 -1.4201818 3.3843160 -0.0676107 0.7585948 0.4733248 0.4426357
1341848006.366035 -0.8750987 -1.4286913 3.4194641 -0.0383603 0.7443615 0.4369791 0.5034916
1341848007.205747 -0.7937846 -1.5102885 3.5211761 -0.0178653 0.7579010 0.4432174 0.4783569
1341848007.666675 -0.7586136 -1.5870254 3.6064255 -0.0089481 0.7724189 0.4509719 0.4471168
1341848007.902779 -0.7289834 -1.6111538 3.6379430 -0.0072380 0.7839865 0.4622385 0.4143046
1341848008.202734 -0.6731489 -1.6511245 3.6801209 0.0023819 0.7940792 0.4818031 0.3705378
1341848008.538786 -0.6083994 -1.6881908 3.7245049 0.0067070 0.8000330 0.5028578 0.3271640
1341848008.874631 -0.5568020 -1.7246821 3.7605414 0.0104116 0.8093501 0.5082023 0.2942353
1341848009.142732 -0.5135262 -1.7392364 3.7912169 0.0028339 0.8178319 0.5099996 0.2665396
1341848009.310898 -0.4861474 -1.7401745 3.8087285 0.0042401 0.8228618 0.5200377 0.2290006
1341848009.678666 -0.4078102 -1.7376244 3.8373008 -0.0034752 0.8267267 0.5270714 0.1967402
1341848009.846800 -0.3603082 -1.7340288 3.8426521 -0.0042542 0.8282071 0.5251548 0.1956204
1341848010.046835 -0.3170793 -1.7116609 3.8322315 -0.0037542 0.8279970 0.5241851 0.1990903
1341848010.282749 -0.2644765 -1.6806240 3.7875500 -0.0029982 0.8259866 0.5323341 0.1853580
1341848010.514760 -0.2302508 -1.6526849 3.7340164 0.0001081 0.8243990 0.5408134 0.1669944
1341848010.718753 -0.2120265 -1.6402371 3.6920319 -0.0005360 0.8232492 0.5475251 0.1499227
1341848010.986761 -0.1989928 -1.6300673 3.6497421 0.0025841 0.8277659 0.5474203 0.1229959
1341848011.486754 -0.1679796 -1.6075807 3.6171451 0.0023830 0.8334566 0.5477350 0.0730117
1341848012.058861 -0.1619041 -1.5496130 3.5560861 0.0026682 0.8253886 0.5642075 0.0199116
1341848012.295247 -0.1617537 -1.5107627 3.5110056 -0.0042211 0.8190690 0.5730731 0.0263689
1341848012.562690 -0.1528230 -1.4621046 3.4486296 -0.0265203 0.8102614 0.5837129 0.0453041
1341848012.762672 -0.1376932 -1.4342878 3.4222071 -0.0437009 0.8083338 0.5829713 0.0695077
1341848013.130817 -0.1167023 -1.3977923 3.4018745 -0.0711112 0.8076640 0.5679273 0.1417063
1341848013.398748 -0.0966825 -1.3820453 3.4150767 -0.0719275 0.7971070 0.5672580 0.1940753
1341848013.566664 -0.0761817 -1.3781173 3.4204769 -0.0822198 0.7845364 0.5680509 0.2346502
1341848013.734623 -0.0563295 -1.3813663 3.4252295 -0.0869652 0.7793369 0.5567877 0.2739681
1341848014.034942 -0.0216918 -1.3732454 3.4453182 -0.0904199 0.7705287 0.5381391 0.3294178
1341848014.234751 0.0203071 -1.3665898 3.4561086 -0.1081447 0.7551044 0.5293131 0.3714159
1341848014.370553 0.0490241 -1.3620154 3.4715323 -0.1096181 0.7443820 0.5198476 0.4045217
1341848014.538728 0.0900488 -1.3621490 3.4892063 -0.1167732 0.7296518 0.4997380 0.4519227
1341848014.706765 0.1248407 -1.3660316 3.5087676 -0.1112844 0.7205951 0.4784035 0.4893758
1341848014.874686 0.1609769 -1.3682201 3.5324531 -0.0970697 0.7130754 0.4636114 0.5168806
1341848015.042593 0.1743670 -1.3597264 3.5412159 -0.0923215 0.6924557 0.4630582 0.5454897
1341848015.310598 0.2155814 -1.3412157 3.5512486 -0.1155111 0.6568685 0.4569253 0.5885578
1341848015.542834 0.2338772 -1.3312629 3.5490820 -0.1055487 0.6135917 0.4437120 0.6445809
1341848015.718057 0.2513366 -1.3306603 3.5570195 -0.1112039 0.5839059 0.4210140 0.6851531
1341848016.053936 0.2539692 -1.3406718 3.5593529 -0.0932839 0.5479831 0.3697544 0.7445094
1341848016.185769 0.2542808 -1.3470345 3.5575516 -0.0981592 0.5387952 0.3592084 0.7556678
1341848016.657837 0.2339756 -1.3687686 3.5808501 -0.0682294 0.5562699 0.3799682 0.7358891
1341848016.818817 0.2192879 -1.3873165 3.5996346 -0.0651320 0.5572839 0.3799037 0.7354358
1341848016.950706 0.2047350 -1.4020115 3.6187479 -0.0655659 0.5565309 0.3816663 0.7350546
1341848017.086845 0.1872513 -1.4187138 3.6367576 -0.0690414 0.5625386 0.3849984 0.7283955
1341848017.254693 0.1607134 -1.4401854 3.6517646 -0.0637110 0.5823466 0.3904639 0.7101769
1341848017.354737 0.1401882 -1.4548297 3.6598632 -0.0490884 0.5971237 0.3881264 0.7002795
1341848017.522694 0.1081882 -1.4756116 3.6696324 -0.0389175 0.6143250 0.3939762 0.6825489
1341848017.686820 0.0892334 -1.4924728 3.6764555 -0.0310946 0.6304938 0.3948632 0.6675281
1341848017.922823 0.0525475 -1.5131173 3.6883402 -0.0134825 0.6459590 0.3930186 0.6542871
1341848018.226660 0.0361786 -1.5323914 3.7125957 -0.0168254 0.6630793 0.4032551 0.6304190
1341848018.433770 0.0304689 -1.5543294 3.7454498 -0.0117971 0.6768249 0.4154133 0.6076188
1341848018.633687 0.0254698 -1.5791621 3.7925048 -0.0085944 0.6914688 0.4264521 0.5830401
1341848018.869787 0.0268621 -1.6224411 3.8519421 -0.0119783 0.7046853 0.4303754 0.5639612
1341848019.130792 0.0157204 -1.6743786 3.9049430 -0.0091800 0.7163204 0.4326259 0.5473899
1341848019.398715 0.0022469 -1.7184132 3.9709105 -0.0159868 0.7367251 0.4410302 0.5123211
1341848019.698668 -0.0045652 -1.7765194 4.0739894 -0.0103958 0.7556696 0.4469084 0.4786735
1341848020.002811 -0.0005531 -1.8176854 4.1424766 -0.0072611 0.7733292 0.4552574 0.4411915
1341848020.302754 0.0218287 -1.8535368 4.1976700 -0.0090857 0.7953292 0.4596798 0.3950488
1341848020.638929 0.0710707 -1.8924986 4.2637219 0.0053078 0.8203542 0.4642590 0.3338480
1341848020.938790 0.1250134 -1.9251298 4.3088112 0.0081844 0.8254885 0.4770620 0.3015189
1341848021.242671 0.1851525 -1.9512247 4.3493295 0.0049224 0.8363907 0.4787897 0.2668086
1341848021.617752 0.2827384 -2.0009236 4.4111423 0.0151397 0.8625785 0.4645207 0.1998743
1341848022.046709 0.4122140 -2.0262778 4.4477921 0.0000835 0.8741543 0.4625361 0.1480355
1341848022.417848 0.5343938 -2.0329328 4.4209218 0.0084278 0.8871913 0.4532525 0.0859230
1341848022.782985 0.6291257 -2.0479765 4.3870249 0.0143382 0.8951283 0.4446459 0.0288070
1341848022.918835 0.6583714 -2.0378675 4.3784490 -0.0043798 -0.8876945 -0.4604040 0.0027444
1341848023.354762 0.8072621 -1.9872093 4.3208370 0.0171946 -0.8695242 -0.4803781 0.1134415
1341848023.754690 0.8954325 -1.9376678 4.2618423 0.0174133 -0.8598734 -0.4802746 0.1721945
1341848024.158762 0.9492652 -1.8866286 4.1527076 0.0022085 -0.8491260 -0.4736426 0.2337583
1341848024.491019 0.9745824 -1.8491616 4.0847473 0.0022442 -0.8337460 -0.4793736 0.2739775
1341848024.826727 1.0298212 -1.7947173 4.0311503 0.0050653 -0.8165551 -0.4836404 0.3151253
1341848025.131056 1.1104441 -1.7573854 3.9942155 -0.0060233 -0.8067386 -0.4769762 0.3487552
1341848025.430687 1.1786418 -1.7274958 3.9556060 -0.0129499 -0.7973407 -0.4734443 0.3740730
1341848025.698755 1.2200513 -1.7022918 3.9226708 -0.0081038 -0.7878253 -0.4725734 0.3948923
1341848025.998679 1.2593641 -1.6703479 3.8828874 -0.0159988 -0.7785911 -0.4668369 0.4190506
1341848026.267001 1.2998199 -1.6344086 3.8459101 -0.0337724 -0.7668647 -0.4602406 0.4460455
1341848026.534739 1.3337426 -1.6059580 3.8083839 -0.0424064 -0.7573708 -0.4525418 0.4688253
1341848026.806747 1.3814392 -1.5784888 3.7708840 -0.0370923 -0.7541455 -0.4488710 0.4779159
1341848027.074785 1.4570441 -1.5488729 3.7379522 -0.0335613 -0.7514728 -0.4524863 0.4789764
1341848027.274701 1.5207913 -1.5358038 3.7173338 -0.0343316 -0.7495061 -0.4442303 0.4896135
1341848027.474800 1.5864604 -1.5264052 3.6966262 -0.0331690 -0.7556599 -0.4321763 0.4910209
1341848027.742789 1.6541595 -1.5099651 3.6645756 -0.0288500 -0.7657328 -0.4276823 0.4794881
1341848027.978757 1.6941993 -1.4880364 3.6208279 -0.0207172 -0.7685817 -0.4359641 0.4677481
1341848028.254235 1.7249167 -1.4629183 3.5707426 -0.0195205 -0.7759991 -0.4277833 0.4630828
1341848028.546612 1.7583232 -1.4288636 3.4957466 -0.0248201 -0.7744170 -0.4172945 0.4748974
1341848028.882714 1.8107696 -1.3892634 3.4154763 -0.0276560 -0.7755163 -0.4151511 0.4748254
1341848029.150715 1.8416448 -1.3612911 3.3591714 -0.0275619 -0.7712314 -0.4213731 0.4763268
1341848029.450819 1.8867629 -1.3288820 3.3089285 -0.0211450 -0.7618495 -0.4229694 0.4901378
1341848029.718752 1.9503624 -1.3074986 3.2678971 -0.0234916 -0.7530354 -0.4117424 0.5126929
1341848029.954640 2.0065796 -1.2840943 3.2368217 -0.0285795 -0.7412809 -0.4059010 0.5337887
1341848030.258930 2.0627258 -1.2532868 3.2017677 -0.0280011 -0.7252625 -0.4028407 0.5576106
1341848030.526716 2.0927346 -1.2183478 3.1631823 -0.0281069 -0.7070273 -0.4030047 0.5804391
1341848030.827483 2.1257441 -1.1814814 3.1064818 -0.0331501 -0.6933113 -0.3840495 0.6088733
1341848031.026698 2.1556084 -1.1623734 3.0579953 -0.0445913 -0.6859344 -0.3625757 0.6293208
1341848031.294747 2.1970034 -1.1325480 2.9938431 -0.0593004 -0.6832220 -0.3489310 0.6387005
1341848031.698757 2.2403302 -1.1112832 2.9299359 -0.0509396 -0.6657580 -0.3420591 0.6611860
1341848031.966694 2.2825909 -1.0973260 2.8939128 -0.0472188 -0.6511097 -0.3243868 0.6845435
1341848032.266730 2.3391252 -1.0681965 2.8447595 -0.0436263 -0.6394891 -0.3178606 0.6986524
1341848032.603044 2.3880825 -1.0435741 2.7943368 -0.0384134 -0.6334820 -0.3068093 0.7092906
1341848032.870732 2.4238529 -1.0205026 2.7362261 -0.0326591 -0.6354875 -0.2998854 0.7107446
1341848033.170741 2.4338801 -0.9884037 2.6732626 -0.0323350 -0.6262885 -0.2898414 0.7229863
1341848033.474671 2.4388161 -0.9571624 2.6131041 -0.0370280 -0.6101679 -0.2836754 0.7388183
1341848033.911229 2.4478633 -0.9255909 2.5379553 -0.0434787 -0.5953173 -0.2677512 0.7563176
1341848034.142710 2.4617250 -0.9215267 2.5122988 -0.0309720 -0.5718014 -0.2453618 0.7822286
1341848034.485678 2.5026503 -0.9002119 2.4583535 -0.0307953 -0.5502044 -0.2202449 0.8048721
1341848034.882707 2.5531569 -0.8373436 2.3732061 -0.0373808 -0.5416192 -0.2251326 0.8090529
1341848035.422709 2.5632448 -0.7787666 2.2893014 -0.0425081 -0.5263933 -0.2177432 0.8207869
1341848035.718791 2.5545325 -0.7497740 2.2220190 -0.0531488 -0.5145642 -0.1949470 0.8333035
1341848036.054911 2.5359395 -0.7204045 2.1518660 -0.0661356 -0.5023264 -0.1734664 0.8445138
1341848036.458823 2.5096660 -0.6834224 2.0727670 -0.0618188 -0.4814718 -0.1746649 0.8566537
1341848036.758851 2.4950781 -0.6520734 1.9939755 -0.0523579 -0.4714485 -0.1561876 0.8663720
1341848037.026790 2.4864759 -0.6210375 1.9053590 -0.0442024 -0.4562682 -0.1389964 0.8778072
1341848037.295192 2.4770079 -0.5899131 1.8129902 -0.0128523 -0.4669537 -0.1247512 0.8753435
1341848037.562958 2.4553633 -0.5583024 1.7377596 -0.0021468 -0.4651732 -0.1297721 0.8756531
1341848037.898921 2.4057212 -0.5168534 1.6652144 -0.0051936 -0.4439436 -0.1257170 0.8871766
1341848038.234726 2.3427598 -0.4775247 1.6035281 -0.0260558 -0.4115162 -0.1212443 0.9029260
1341848038.634739 2.2818956 -0.4474953 1.5156331 -0.0131724 -0.3937326 -0.1186543 0.9114397
1341848038.970765 2.2611408 -0.4013610 1.4190300 -0.0115526 -0.3810955 -0.1090702 0.9180068
1341848039.306747 2.2436118 -0.3585243 1.3316329 -0.0143333 -0.3605832 -0.0952892 0.9277361
1341848039.707168 2.2057285 -0.3131647 1.2529031 -0.0098393 -0.3431630 -0.0970858 0.9341931
1341848040.078716 2.1356215 -0.2704094 1.1895136 -0.0094553 -0.3227956 -0.0856961 0.9425337
1341848040.378809 2.0717032 -0.2489476 1.1402977 -0.0278425 -0.2971021 -0.0707875 0.9518111
1341848040.679034 2.0204396 -0.2438852 1.0886601 -0.0206265 -0.2811882 -0.0563717 0.9577734
1341848040.882827 1.9822315 -0.2364247 1.0648578 -0.0046440 -0.2434889 -0.0483714 0.9686856
1341848041.122188 1.9386570 -0.2161331 1.0347404 -0.0148381 -0.2117190 -0.0218332 0.9769740
1341848041.450845 1.8757954 -0.1873751 1.0099753 -0.0312078 -0.1805232 0.0017153 0.9830741
1341848041.686781 1.8065004 -0.1777504 1.0163530 -0.0354808 -0.1533375 0.0047645 0.9875252
1341848041.918718 1.7256612 -0.1812605 1.0137851 -0.0318873 -0.1419634 0.0268301 0.9889944
1341848042.186714 1.6472307 -0.2023852 1.0117680 -0.0351277 -0.1236638 0.0441665 0.9907182
1341848042.490921 1.5604724 -0.1972359 1.0182486 -0.0434463 -0.0907728 0.0597548 0.9931275
1341848042.697779 1.5027953 -0.1932478 1.0267175 -0.0433480 -0.0635215 0.0778458 0.9939950
1341848042.997994 1.4272600 -0.1824198 1.0195820 -0.0468160 -0.0210583 0.1065608 0.9929802
1341848043.265717 1.3556085 -0.1836180 1.0247141 -0.0489894 0.0066384 0.1184385 0.9917300
1341848043.601838 1.2551043 -0.2062358 1.0534807 -0.0479047 0.0290834 0.1350081 0.9892584
1341848043.869697 1.1825064 -0.2293476 1.0980521 -0.0531794 0.0434804 0.1462314 0.9868626
1341848044.173825 1.1103369 -0.2536156 1.1420165 -0.0561580 0.0520451 0.1489438 0.9858770
1341848044.441696 1.0588012 -0.2724176 1.1783139 -0.0622408 0.0711061 0.1601609 0.9825571
1341848044.771011 1.0044611 -0.2911231 1.2291307 -0.0624431 0.1133783 0.1989500 0.9714243
1341848045.070849 0.9354724 -0.3030532 1.2617776 -0.0606834 0.1265319 0.2194529 0.9654779
1341848045.406703 0.8718726 -0.3260818 1.3210790 -0.0644567 0.1398326 0.2164042 0.9640858
1341848045.706968 0.8197448 -0.3582906 1.3970101 -0.0688098 0.1313446 0.2087632 0.9666601
1341848045.906765 0.7872342 -0.3773562 1.4478470 -0.0746799 0.1222259 0.2005091 0.9691646
1341848046.181848 0.7369879 -0.3761858 1.4959183 -0.0652072 0.0975877 0.1759579 0.9773759
1341848046.417763 0.6834525 -0.3682600 1.5189791 -0.0693287 0.0849915 0.1559168 0.9816619
1341848046.714925 0.6084930 -0.3628765 1.5161570 -0.0701941 0.0699435 0.1414973 0.9849666
1341848047.015086 0.5299075 -0.3368247 1.4872077 -0.0635977 0.0670614 0.1368852 0.9862660
1341848047.282779 0.4573173 -0.3204247 1.4610479 -0.0685786 0.0590963 0.1304428 0.9873142
1341848047.618981 0.3667832 -0.3139752 1.4209806 -0.0625602 0.0397942 0.1171709 0.9903402
1341848047.850811 0.3079494 -0.3151416 1.4081452 -0.0619483 0.0351147 0.1117713 0.9911794
1341848048.118790 0.2339383 -0.3234744 1.4004337 -0.0596727 0.0423900 0.1105782 0.9911684
1341848048.354699 0.1809530 -0.3305937 1.3920956 -0.0533215 0.0537875 0.1160461 0.9903520
1341848048.622652 0.1184823 -0.3423740 1.3761628 -0.0394839 0.0641059 0.1146514 0.9905486
1341848048.858661 0.0750557 -0.3485209 1.3595840 -0.0190781 0.0664029 0.1167179 0.9907591
1341848049.058792 0.0318350 -0.3596223 1.3415524 0.0013168 0.0639349 0.1028727 0.9926368
1341848049.326837 -0.0303388 -0.3575220 1.3144529 0.0142002 0.0619160 0.0948835 0.9934596
1341848049.594759 -0.1018599 -0.3499889 1.2819011 0.0207921 0.0692054 0.1072836 0.9915990
1341848049.963022 -0.2138940 -0.3169514 1.2318658 0.0222636 0.0533190 0.0985193 0.9934563
1341848050.230806 -0.2829267 -0.3055704 1.2138215 0.0188138 0.0342750 0.0829009 0.9957905
1341848050.498791 -0.3456402 -0.3088038 1.2043362 0.0126431 0.0124739 0.0582485 0.9981441
1341848050.802875 -0.4194416 -0.3041982 1.1943606 0.0183604 -0.0176488 0.0395036 0.9988949
1341848051.138713 -0.4929114 -0.3024777 1.1810584 0.0272010 -0.0493731 0.0173609 0.9982590
1341848051.506718 -0.5313257 -0.3109700 1.1637418 0.0455005 -0.0828412 -0.0019542 0.9955216
1341848051.638863 -0.5435029 -0.3163183 1.1630723 0.0545212 -0.1017783 -0.0302743 0.9928505
1341848051.774823 -0.5448425 -0.3013954 1.1455934 0.0647896 -0.1243468 -0.0461010 0.9890475
1341848051.906707 -0.5479081 -0.2878506 1.1336013 0.0719747 -0.1322358 -0.0746327 0.9857805
1341848052.006755 -0.5359507 -0.2800573 1.1284206 0.0663997 -0.1375880 -0.0887003 0.9842728
1341848052.178064 -0.5118731 -0.2661247 1.1126114 0.0675766 -0.1295360 -0.1062719 0.9835447
1341848052.379476 -0.4770125 -0.2507702 1.0899053 0.0626367 -0.1164778 -0.1233682 0.9835089
1341848052.579155 -0.4395371 -0.2334715 1.0616442 0.0657772 -0.1070327 -0.1313076 0.9833492
1341848052.746833 -0.4086536 -0.2234178 1.0429658 0.0654250 -0.1002186 -0.1447863 0.9821979
1341848052.914694 -0.3671690 -0.2103267 1.0133399 0.0628351 -0.0857473 -0.1472861 0.9833646
1341848053.082651 -0.3279750 -0.2007102 0.9882110 0.0635243 -0.0680871 -0.1383245 0.9859996
1341848053.289822 -0.2838298 -0.1928225 0.9612044 0.0639755 -0.0406599 -0.1235798 0.9894351
1341848053.485736 -0.2493402 -0.1740748 0.9355440 0.0633588 -0.0166392 -0.0970151 0.9931248
1341848053.758007 -0.2175628 -0.1585180 0.9031340 0.0410725 0.0280048 -0.0552294 0.9972354
1341848054.118853 -0.2127523 -0.1560304 0.8515432 0.0391171 0.0661310 0.0221060 0.9967988
1341848054.422878 -0.2436975 -0.1531857 0.7882892 0.0258929 0.0771141 0.0353202 0.9960600
1341848055.226768 -0.2871249 -0.1196231 0.6082680 0.0562069 0.1196261 0.0938013 0.9867784
1341848056.198744 -0.4995563 -0.0363560 0.4321623 0.0618741 0.1761821 0.1350743 0.9730809
1341848057.134714 -0.8532621 -0.0509605 0.4679409 0.0218538 0.1482742 0.1477343 0.9776051
1341848057.838760 -1.1291897 -0.0524856 0.4974561 -0.0104866 0.1951679 0.1856319 0.9629851
1341848058.643060 -1.3951328 -0.1116846 0.5731508 0.0126932 0.1870786 0.1942892 0.9628563
1341848058.846829 -1.4313309 -0.1305855 0.6016020 0.0126111 0.1972653 0.1978790 0.9600892
1341848060.050701 -1.4899955 -0.1501778 0.6258406 0.0530965 0.2694156 0.2067009 0.9390797
1341848061.326612 -1.3724892 -0.1462991 0.5999276 0.1042344 0.2634554 0.1669248 0.9443848
1341848064.481773 -0.7962936 -0.1811570 0.7123870 0.0701190 0.1795308 0.1115521 0.9748888
