1.125
6.615
6.686
6.863
7.043
7.34
7.361
7.404
7.482
7.526
7.567
7.582
7.589
7.665
7.677
7.735
7.793
7.823
7.829
7.832
7.841
7.855
7.859
7.87
7.874
7.925
7.931
7.94
7.954
7.956
7.967
7.988
8.016
8.034
8.045
8.061
8.068
8.073
8.074
8.075
8.104
8.114
8.118
8.123
8.13
8.149
8.152
8.165
8.185
8.22
8.222
8.224
8.234
8.234
8.238
8.241
8.241
8.281
8.285
8.298
8.299
8.305
8.308
8.312
8.313
8.313
8.315
8.325
8.335
8.338
8.349
8.352
8.355
8.37
8.372
8.373
8.375
8.396
8.403
8.413
8.413
8.431
8.432
8.455
8.463
8.467
8.471
8.488
8.502
8.512
8.519
8.52
8.521
8.525
8.53
8.552
8.569
8.581
8.585
8.587
8.595
8.621
8.625
8.626
8.628
8.629
8.64
8.64
8.644
8.667
8.675
8.676
8.676
8.68
8.687
8.7
8.722
8.734
8.738
8.739
8.742
8.745
8.756
8.76
8.76
8.763
8.77
8.775
8.785
8.799
8.806
8.811
8.813
8.814
8.823
8.827
8.836
8.839
8.84
8.84
8.86
8.863
8.879
8.889
8.89
8.894
8.898
8.906
8.915
8.915
8.93
8.933
8.938
8.95
8.955
8.965
8.966
8.97
8.987
8.987
8.99
8.993
8.993
8.994
8.995
8.998
8.999
9.009
9.011
9.02
9.025
9.025
9.026
9.026
9.028
9.03
9.041
9.049
9.058
9.066
9.076
9.077
9.078
9.083
9.092
9.096
9.102
9.114
9.115
9.121
9.122
9.135
9.142
9.142
9.146
9.149
9.152
9.154
9.159
9.17
9.171
9.178
9.179
9.189
9.207
9.21
9.21
9.215
9.216
9.216
9.218
9.22
9.221
9.231
9.233
9.239
9.252
9.258
9.263
9.269
9.269
9.27
9.271
9.278
9.278
9.285
9.286
9.286
9.291
9.294
9.306
9.309
9.309
9.311
9.329
9.34
9.342
9.345
9.349
9.349
9.354
9.358
9.365
9.365
9.372
9.372
9.374
9.375
9.375
9.378
9.383
9.386
9.391
9.396
9.405
9.407
9.415
9.416
9.417
9.424
9.425
9.432
9.432
9.434
9.436
9.437
9.439
9.441
9.445
9.452
9.471
9.472
9.473
9.478
9.48
9.481
9.488
9.492
9.494
9.494
9.498
9.5
9.502
9.504
9.506
9.51
9.517
9.517
9.52
9.521
9.521
9.533
9.544
9.55
9.55
9.556
9.557
9.559
9.562
9.562
9.562
9.563
9.567
9.569
9.575
9.578
9.581
9.583
9.592
9.598
9.598
9.598
9.602
9.602
9.602
9.604
9.609
9.611
9.614
9.619
9.621
9.621
9.622
9.624
9.625
9.626
9.626
9.627
9.63
9.635
9.637
9.64
9.641
9.65
9.654
9.658
9.658
9.662
9.665
9.667
9.671
9.672
9.674
9.674
9.674
9.677
9.678
9.68
9.689
9.69
9.692
9.696
9.704
9.708
9.708
9.709
9.71
9.727
9.732
9.734
9.736
9.737
9.742
9.75
9.754
9.754
9.765
9.767
9.771
9.775
9.775
9.78
9.784
9.786
9.786
9.79
9.794
9.795
9.795
9.799
9.801
9.813
9.816
9.818
9.827
9.828
9.831
9.832
9.834
9.835
9.836
9.838
9.839
9.841
9.842
9.843
9.846
9.846
9.855
9.86
9.861
9.869
9.879
9.895
9.895
9.899
9.9
9.901
9.908
9.909
9.918
9.919
9.919
9.927
9.936
9.946
9.95
9.952
9.953
9.956
9.956
9.96
9.961
9.963
9.963
9.967
9.976
9.977
9.98
9.99
9.991
9.993
9.998
10.002
10.005
10.007
10.009
10.011
10.014
10.015
10.024
10.024
10.026
10.026
10.032
10.041
10.041
10.046
10.053
10.055
10.056
10.065
10.065
10.067
10.068
10.071
10.071
10.079
10.08
10.082
10.09
10.091
10.093
10.096
10.096
10.101
10.102
10.111
10.12
10.124
10.126
10.138
10.146
10.15
10.151
10.154
10.154
10.162
10.162
10.163
10.164
10.171
10.173
10.178
10.182
10.184
10.187
10.191
10.192
10.195
10.195
10.195
10.21
10.213
10.214
10.216
10.22
10.224
10.224
10.224
10.226
10.228
10.229
10.23
10.237
10.241
10.243
10.249
10.251
10.254
10.26
10.261
10.263
10.27
10.271
10.275
10.276
10.276
10.276
10.281
10.285
10.286
10.289
10.289
10.29
10.292
10.294
10.296
10.297
10.301
10.307
10.307
10.314
10.319
10.32
10.328
10.334
10.334
10.338
10.338
10.34
10.34
10.345
10.346
10.35
10.351
10.353
10.363
10.364
10.376
10.377
10.385
10.385
10.388
10.389
10.39
10.396
10.398
10.399
10.401
10.401
10.403
10.416
10.417
10.419
10.425
10.426
10.427
10.436
10.437
10.447
10.449
10.456
10.457
10.458
10.463
10.47
10.473
10.476
10.484
10.486
10.492
10.498
10.499
10.499
10.501
10.504
10.505
10.505
10.512
10.52
10.527
10.53
10.533
10.538
10.545
10.548
10.55
10.551
10.562
10.566
10.57
10.572
10.575
10.575
10.58
10.581
10.581
10.589
10.589
10.599
10.609
10.61
10.619
10.619
10.624
10.626
10.627
10.631
10.637
10.637
10.64
10.645
10.65
10.652
10.655
10.658
10.659
10.66
10.66
10.661
10.662
10.667
10.668
10.67
10.681
10.685
10.686
10.688
10.692
10.692
10.695
10.696
10.7
10.702
10.706
10.714
10.715
10.718
10.719
10.722
10.722
10.722
10.723
10.728
10.729
10.731
10.736
10.737
10.738
10.741
10.741
10.742
10.746
10.748
10.758
10.771
10.773
10.785
10.789
10.791
10.796
10.798
10.799
10.802
10.804
10.805
10.809
10.811
10.815
10.822
10.824
10.828
10.831
10.832
10.834
10.839
10.841
10.857
10.857
10.86
10.861
10.87
10.87
10.871
10.871
10.872
10.873
10.876
10.88
10.885
10.899
10.899
10.913
10.925
10.927
10.93
10.932
10.936
10.937
10.938
10.938
10.938
10.944
10.948
10.95
10.955
10.956
10.957
10.959
10.963
10.968
10.969
10.981
10.983
10.984
10.985
10.985
10.989
10.991
10.996
10.998
11
11.002
11.003
11.004
11.006
11.007
11.015
11.018
11.022
11.022
11.034
11.036
11.037
11.043
11.044
11.046
11.047
11.048
11.051
11.06
11.061
11.061
11.061
11.068
11.072
11.073
11.074
11.078
11.079
11.083
11.084
11.088
11.09
11.091
11.093
11.096
11.097
11.098
11.1
11.101
11.112
11.12
11.12
11.124
11.127
11.129
11.129
11.132
11.132
11.138
11.147
11.148
11.15
11.152
11.156
11.156
11.156
11.166
11.166
11.166
11.171
11.176
11.179
11.18
11.189
11.189
11.202
11.206
11.215
11.217
11.218
11.218
11.228
11.23
11.231
11.231
11.241
11.245
11.248
11.251
11.257
11.261
11.261
11.263
11.265
11.27
11.278
11.301
11.303
11.312
11.315
11.315
11.318
11.323
11.324
11.326
11.327
11.328
11.329
11.332
11.333
11.334
11.334
11.338
11.341
11.348
11.359
11.36
11.361
11.362
11.371
11.387
11.388
11.39
11.392
11.403
11.406
11.412
11.415
11.446
11.448
11.453
11.456
11.456
11.459
11.461
11.463
11.465
11.466
11.472
11.473
11.475
11.477
11.48
11.483
11.484
11.485
11.49
11.491
11.495
11.496
11.5
11.501
11.501
11.502
11.502
11.507
11.511
11.519
11.521
11.523
11.525
11.536
11.537
11.541
11.546
11.547
11.557
11.558
11.558
11.558
11.56
11.564
11.567
11.568
11.57
11.57
11.57
11.571
11.581
11.583
11.583
11.589
11.589
11.595
11.597
11.598
11.599
11.601
11.603
11.609
11.615
11.62
11.62
11.627
11.634
11.639
11.639
11.64
11.642
11.644
11.649
11.649
11.649
11.651
11.653
11.654
11.655
11.659
11.678
11.682
11.687
11.691
11.694
11.695
11.696
11.697
11.705
11.707
11.707
11.72
11.72
11.723
11.726
11.728
11.733
11.734
11.735
11.737
11.738
11.74
11.746
11.751
11.756
11.757
11.763
11.765
11.768
11.768
11.769
11.78
11.783
11.785
11.793
11.795
11.796
11.798
11.8
11.803
11.804
11.815
11.821
11.829
11.838
11.844
11.844
11.855
11.864
11.886
11.891
11.894
11.894
11.897
11.897
11.901
11.903
11.909
11.909
11.913
11.919
11.924
11.925
11.926
11.927
11.927
11.931
11.934
11.936
11.938
11.942
11.943
11.943
11.95
11.954
11.96
11.961
11.975
11.984
11.989
11.991
11.999
12.002
12.004
12.007
12.009
12.011
12.011
12.016
12.023
12.024
12.028
12.029
12.031
12.031
12.034
12.037
12.038
12.046
12.047
12.049
12.052
12.055
12.058
12.059
12.065
12.072
12.074
12.076
12.077
12.077
12.078
12.081
12.083
12.084
12.086
12.092
12.094
12.096
12.098
12.1
12.102
12.103
12.103
12.104
12.111
12.114
12.115
12.118
12.119
12.124
12.126
12.126
12.127
12.132
12.138
12.139
12.144
12.145
12.146
12.152
12.155
12.163
12.163
12.164
12.169
12.17
12.179
12.179
12.185
12.186
12.189
12.196
12.197
12.198
12.199
12.202
12.202
12.207
12.211
12.216
12.218
12.22
12.222
12.224
12.228
12.232
12.235
12.236
12.236
12.237
12.248
12.25
12.257
12.271
12.273
12.275
12.278
12.278
12.279
12.283
12.284
12.292
12.292
12.295
12.299
12.302
12.309
12.309
12.324
12.328
12.329
12.332
12.333
12.335
12.336
12.34
12.34
12.34
12.344
12.347
12.351
12.355
12.355
12.356
12.357
12.36
12.363
12.364
12.365
12.365
12.372
12.378
12.381
12.381
12.385
12.386
12.387
12.388
12.397
12.4
12.404
12.415
12.418
12.419
12.423
12.431
12.433
12.436
12.443
12.444
12.449
12.452
12.452
12.453
12.453
12.455
12.455
12.456
12.467
12.468
12.473
12.475
12.478
12.482
12.485
12.487
12.487
12.494
12.498
12.499
12.5
12.501
12.509
12.509
12.513
12.513
12.514
12.523
12.525
12.526
12.53
12.534
12.536
12.538
12.543
12.547
12.548
12.549
12.557
12.56
12.563
12.566
12.566
12.569
12.572
12.573
12.576
12.576
12.583
12.584
12.585
12.588
12.588
12.59
12.592
12.594
12.596
12.596
12.597
12.603
12.606
12.608
12.609
12.612
12.623
12.624
12.625
12.627
12.63
12.63
12.631
12.633
12.634
12.641
12.651
12.651
12.657
12.657
12.66
12.662
12.663
12.667
12.672
12.679
12.679
12.683
12.685
12.688
12.689
12.69
12.69
12.693
12.702
12.704
12.705
12.711
12.712
12.715
12.716
12.717
12.723
12.725
12.731
12.748
12.748
12.755
12.759
12.766
12.769
12.776
12.779
12.782
12.788
12.788
12.802
12.807
12.818
12.819
12.823
12.824
12.835
12.841
12.842
12.845
12.852
12.856
12.861
12.862
12.865
12.869
12.873
12.874
12.876
12.885
12.889
12.894
12.897
12.905
12.908
12.912
12.913
12.915
12.918
12.921
12.923
12.932
12.933
12.943
12.945
12.945
12.95
12.958
12.964
12.965
12.966
12.967
12.967
12.967
12.967
12.97
12.971
12.978
12.979
12.99
12.99
12.992
12.995
12.999
13.001
13.005
13.013
13.019
13.023
13.029
13.034
13.034
13.038
13.04
13.042
13.046
13.058
13.06
13.061
13.064
13.07
13.074
13.078
13.081
13.082
13.084
13.094
13.098
13.105
13.109
13.117
13.118
13.123
13.125
13.128
13.137
13.141
13.141
13.145
13.145
13.146
13.148
13.156
13.156
13.157
13.16
13.163
13.166
13.168
13.169
13.169
13.17
13.177
13.181
13.181
13.183
13.186
13.187
13.188
13.192
13.194
13.204
13.204
13.208
13.212
13.217
13.219
13.221
13.222
13.222
13.24
13.249
13.251
13.252
13.254
13.267
13.269
13.274
13.274
13.294
13.295
13.299
13.3
13.301
13.309
13.315
13.315
13.323
13.324
13.326
13.33
13.332
13.335
13.335
13.338
13.344
13.349
13.35
13.351
13.355
13.356
13.363
13.368
13.373
13.375
13.387
13.388
13.391
13.401
13.412
13.414
13.415
13.421
13.422
13.426
13.429
13.439
13.447
13.449
13.453
13.456
13.462
13.462
13.47
13.472
13.472
13.476
13.484
13.493
13.498
13.502
13.505
13.513
13.521
13.528
13.533
13.534
13.534
13.537
13.556
13.571
13.583
13.594
13.594
13.596
13.596
13.602
13.604
13.607
13.614
13.624
13.628
13.628
13.63
13.634
13.635
13.639
13.64
13.641
13.643
13.651
13.652
13.657
13.658
13.663
13.665
13.677
13.678
13.686
13.692
13.692
13.693
13.693
13.699
13.699
13.7
13.701
13.722
13.725
13.731
13.733
13.734
13.734
13.736
13.741
13.743
13.744
13.749
13.756
13.757
13.759
13.759
13.761
13.782
13.789
13.792
13.8
13.803
13.804
13.814
13.818
13.821
13.835
13.843
13.86
13.872
13.882
13.887
13.907
13.91
13.917
13.931
13.936
13.946
13.947
13.948
13.95
13.956
13.96
13.966
13.975
13.976
13.992
14.028
14.028
14.03
14.045
14.054
14.058
14.058
14.064
14.065
14.066
14.076
14.078
14.088
14.088
14.092
14.098
14.109
14.11
14.11
14.117
14.123
14.133
14.16
14.167
14.18
14.191
14.192
14.192
14.195
14.198
14.213
14.233
14.242
14.25
14.251
14.254
14.258
14.269
14.286
14.298
14.3
14.3
14.317
14.329
14.33
14.334
14.345
14.345
14.346
14.362
14.366
14.374
14.375
14.399
14.4
14.402
14.404
14.42
14.421
14.437
14.439
14.439
14.445
14.445
14.455
14.457
14.461
14.464
14.465
14.466
14.468
14.48
14.484
14.485
14.486
14.489
14.497
14.509
14.511
14.529
14.537
14.542
14.569
14.578
14.58
14.58
14.597
14.601
14.604
14.608
14.633
14.642
14.649
14.65
14.651
14.662
14.663
14.677
14.684
14.685
14.687
14.69
14.692
14.695
14.696
14.702
14.706
14.711
14.72
14.726
14.735
14.744
14.748
14.75
14.751
14.751
14.758
14.759
14.767
14.771
14.786
14.79
14.794
14.795
14.798
14.801
14.818
14.82
14.825
14.825
14.826
14.829
14.829
14.833
14.839
14.841
14.842
14.842
14.843
14.849
14.862
14.867
14.868
14.875
14.876
14.879
14.891
14.892
14.896
14.896
14.899
14.9
14.903
14.91
14.912
14.915
14.917
14.918
14.92
14.923
14.931
14.931
14.939
14.946
14.951
14.956
14.964
14.973
14.992
15.003
15.025
15.029
15.042
15.043
15.046
15.051
15.062
15.072
15.073
15.073
15.074
15.079
15.08
15.083
15.1
15.1
15.101
15.101
15.115
15.119
15.121
15.131
15.134
15.135
15.142
15.148
15.15
15.16
15.165
15.171
15.174
15.176
15.177
15.191
15.192
15.198
15.199
15.199
15.204
15.214
15.214
15.215
15.219
15.222
15.224
15.229
15.235
15.236
15.246
15.249
15.252
15.254
15.257
15.257
15.262
15.265
15.275
15.276
15.278
15.301
15.303
15.306
15.307
15.308
15.316
15.326
15.326
15.328
15.337
15.338
15.343
15.348
15.357
15.359
15.363
15.37
15.37
15.374
15.385
15.404
15.409
15.427
15.431
15.44
15.447
15.452
15.452
15.458
15.473
15.477
15.479
15.487
15.491
15.493
15.495
15.497
15.517
15.529
15.532
15.537
15.565
15.568
15.57
15.579
15.585
15.589
15.596
15.597
15.601
15.601
15.607
15.613
15.616
15.621
15.638
15.647
15.648
15.656
15.658
15.662
15.674
15.674
15.682
15.682
15.683
15.69
15.7
15.703
15.704
15.706
15.722
15.722
15.723
15.724
15.726
15.742
15.743
15.745
15.76
15.763
15.766
15.773
15.779
15.786
15.796
15.8
15.822
15.824
15.839
15.84
15.844
15.856
15.856
15.862
15.874
15.875
15.881
15.898
15.901
15.902
15.908
15.913
15.916
15.916
15.922
15.931
15.935
15.938
15.939
15.943
15.947
15.95
15.966
15.967
15.969
15.973
15.982
15.984
15.985
15.988
15.989
16
16.003
16.007
16.01
16.022
16.024
16.029
16.033
16.044
16.046
16.049
16.059
16.06
16.077
16.088
16.093
16.099
16.099
16.111
16.113
16.127
16.133
16.134
16.147
16.148
16.168
16.177
16.18
16.189
16.192
16.197
16.203
16.203
16.215
16.215
16.227
16.235
16.239
16.248
16.254
16.26
16.26
16.27
16.275
16.292
16.294
16.305
16.307
16.323
16.326
16.329
16.332
16.334
16.339
16.36
16.365
16.366
16.368
16.378
16.381
16.401
16.404
16.431
16.436
16.436
16.439
16.448
16.448
16.46
16.46
16.47
16.487
16.49
16.496
16.509
16.543
16.543
16.567
16.568
16.571
16.599
16.601
16.601
16.604
16.606
16.609
16.609
16.61
16.62
16.624
16.627
16.628
16.636
16.636
16.65
16.655
16.662
16.666
16.678
16.686
16.706
16.709
16.715
16.717
16.72
16.726
16.727
16.732
16.74
16.741
16.755
16.767
16.767
16.777
16.779
16.781
16.781
16.785
16.814
16.817
16.822
16.828
16.828
16.832
16.843
16.843
16.847
16.859
16.86
16.871
16.874
16.875
16.879
16.905
16.906
16.913
16.915
16.942
16.946
16.973
16.975
16.995
16.999
17.014
17.017
17.023
17.029
17.03
17.039
17.042
17.055
17.066
17.067
17.075
17.082
17.085
17.088
17.101
17.103
17.111
17.125
17.14
17.145
17.157
17.16
17.166
17.177
17.182
17.19
17.199
17.201
17.206
17.206
17.21
17.219
17.228
17.254
17.26
17.261
17.271
17.28
17.292
17.303
17.308
17.316
17.321
17.332
17.334
17.337
17.339
17.349
17.356
17.358
17.358
17.36
17.365
17.369
17.375
17.384
17.396
17.398
17.408
17.447
17.448
17.463
17.475
17.475
17.482
17.506
17.512
17.512
17.514
17.52
17.528
17.529
17.541
17.541
17.566
17.571
17.581
17.597
17.608
17.627
17.627
17.629
17.644
17.66
17.669
17.67
17.675
17.693
17.71
17.712
17.728
17.743
17.751
17.757
17.762
17.781
17.781
17.782
17.786
17.793
17.819
17.82
17.829
17.836
17.842
17.848
17.854
17.859
17.86
17.886
17.89
17.893
17.917
17.926
17.93
17.955
17.963
17.972
17.996
18.009
18.021
18.028
18.037
18.044
18.064
18.064
18.065
18.072
18.102
18.105
18.107
18.109
18.142
18.145
18.15
18.152
18.157
18.158
18.186
18.191
18.208
18.24
18.291
18.311
18.317
18.323
18.331
18.331
18.348
18.351
18.382
18.383
18.396
18.4
18.446
18.459
18.46
18.521
18.533
18.542
18.55
18.562
18.618
18.65
18.673
18.677
18.678
18.701
18.708
18.721
18.727
18.736
18.745
18.748
18.75
18.753
18.77
18.77
18.787
18.812
18.841
18.853
18.861
18.867
18.874
18.882
18.893
18.944
18.965
19.015
19.042
19.048
19.07
19.073
19.074
19.078
19.082
19.086
19.106
19.142
19.168
19.172
19.173
19.193
19.247
19.28
19.289
19.314
19.317
19.322
19.329
19.338
19.348
19.361
19.378
19.411
19.442
19.445
19.446
19.46
19.467
19.472
19.473
19.482
19.501
19.515
19.517
19.529
19.547
19.553
19.581
19.593
19.607
19.621
19.635
19.642
19.652
19.66
19.661
19.692
19.753
19.764
19.771
19.772
19.778
19.802
19.877
19.894
19.894
19.946
19.955
19.963
19.964
19.995
20
20.006
20.032
20.096
20.116
20.118
20.122
20.123
20.124
20.163
20.182
20.2
20.208
20.231
20.251
20.253
20.255
20.255
20.311
20.366
20.378
20.386
20.389
20.401
20.418
20.428
20.449
20.493
20.534
20.548
20.552
20.585
20.607
20.611
20.635
20.639
20.65
20.686
20.693
20.716
20.719
20.734
20.744
20.748
20.811
20.82
20.833
20.84
20.857
20.864
20.87
20.875
20.892
20.892
20.899
20.903
20.91
20.936
20.976
20.984
21.035
21.074
21.076
21.081
21.116
21.217
21.229
21.287
21.307
21.318
21.369
21.435
21.437
21.474
21.548
21.617
21.67
21.685
21.72
21.725
21.783
21.845
21.927
21.946
21.962
22.053
22.1
22.121
22.26
22.319
22.333
22.362
22.372
22.385
22.39
22.392
22.471
22.476
22.515
22.583
22.637
22.658
22.668
22.694
22.701
22.737
22.797
22.803
22.874
22.947
22.958
23.009
23.014
23.022
23.117
23.125
23.147
23.31
23.311
23.312
23.312
23.428
23.435
23.858
23.866
24.087
24.169
24.17
24.25
24.309
24.341
24.479
24.661
24.664
24.839
24.887
24.982
25.002
25.004
25.076
25.081
25.134
25.187
25.454
25.503
25.513
25.636
25.78
25.833
25.863
25.888
25.892
25.911
25.942
26.002
26.156
26.184
26.253
26.263
26.3
26.321
26.375
26.406
26.424
26.493
27.061
27.085
27.372
27.389
27.439
27.493
27.511
27.569
27.592
27.775
27.9
27.978
28
29.042
29.221
29.248
29.609
29.649
29.847
30.478
30.857
31.356
31.556
31.665
32.169
32.72
