0.921
4.326
4.328
4.483
4.484
4.502
4.511
4.511
4.561
4.562
4.566
4.581
4.588
4.6
4.634
4.635
4.654
4.661
4.666
4.666
4.703
4.729
4.755
4.756
4.78
4.782
4.787
4.791
4.814
4.834
4.838
4.843
4.85
4.91
4.91
4.916
4.925
4.942
4.953
4.971
4.977
4.978
4.984
5.01
5.043
5.043
5.081
5.082
5.103
5.128
5.144
5.168
5.188
5.197
5.205
5.223
5.237
5.258
5.259
5.297
5.301
5.303
5.304
5.308
5.309
5.324
5.342
5.346
5.364
5.364
5.372
5.378
5.38
5.387
5.398
5.4
5.405
5.426
5.436
5.442
5.452
5.453
5.456
5.463
5.466
5.486
5.489
5.493
5.519
5.534
5.539
5.548
5.552
5.556
5.563
5.571
5.573
5.62
5.632
5.638
5.639
5.643
5.644
5.646
5.649
5.656
5.659
5.662
5.67
5.673
5.679
5.68
5.686
5.689
5.694
5.703
5.717
5.721
5.725
5.734
5.754
5.754
5.759
5.76
5.761
5.761
5.772
5.782
5.79
5.796
5.797
5.806
5.808
5.81
5.819
5.827
5.827
5.831
5.847
5.858
5.872
5.873
5.877
5.88
5.883
5.884
5.888
5.89
5.894
5.9
5.905
5.909
5.911
5.915
5.927
5.927
5.927
5.93
5.933
5.937
5.939
5.939
5.939
5.946
5.956
5.959
5.965
5.974
5.976
5.976
5.985
5.987
5.993
5.994
5.996
5.997
6
6.003
6.007
6.009
6.016
6.021
6.022
6.022
6.026
6.036
6.036
6.037
6.037
6.043
6.045
6.045
6.046
6.052
6.055
6.055
6.055
6.057
6.061
6.066
6.075
6.077
6.083
6.086
6.093
6.094
6.095
6.104
6.113
6.121
6.128
6.129
6.132
6.135
6.137
6.137
6.143
6.145
6.146
6.157
6.16
6.16
6.163
6.163
6.17
6.172
6.175
6.177
6.181
6.191
6.192
6.192
6.195
6.197
6.205
6.209
6.209
6.22
6.226
6.23
6.232
6.233
6.244
6.25
6.264
6.267
6.273
6.273
6.283
6.291
6.295
6.302
6.311
6.328
6.334
6.337
6.34
6.349
6.354
6.36
6.367
6.367
6.378
6.379
6.394
6.395
6.401
6.404
6.405
6.408
6.415
6.419
6.422
6.425
6.426
6.434
6.437
6.438
6.443
6.448
6.449
6.452
6.452
6.459
6.459
6.463
6.466
6.467
6.476
6.478
6.489
6.492
6.494
6.508
6.514
6.52
6.531
6.532
6.535
6.536
6.539
6.561
6.562
6.601
6.603
6.606
6.607
6.61
6.621
6.627
6.639
6.64
6.642
6.644
6.652
6.671
6.683
6.684
6.685
6.685
6.686
6.69
6.69
6.693
6.7
6.708
6.708
6.709
6.709
6.72
6.72
6.72
6.721
6.724
6.731
6.736
6.737
6.745
6.748
6.75
6.752
6.753
6.756
6.761
6.768
6.778
6.783
6.785
6.789
6.79
6.805
6.809
6.81
6.833
6.833
6.842
6.851
6.855
6.86
6.861
6.886
6.894
6.911
6.917
6.935
6.94
6.942
6.943
6.96
6.963
6.964
6.985
6.996
6.997
6.997
6.998
7.003
7.005
7.038
7.039
7.04
7.051
7.053
7.056
7.071
7.084
7.085
7.091
7.093
7.095
7.099
7.108
7.117
7.122
7.136
7.146
7.156
7.159
7.16
7.162
7.165
7.172
7.178
7.181
7.195
7.212
7.214
7.226
7.233
7.235
7.24
7.247
7.249
7.259
7.27
7.277
7.288
7.29
7.291
7.291
7.323
7.323
7.325
7.326
7.329
7.339
7.356
7.357
7.36
7.365
7.368
7.369
7.369
7.371
7.38
7.386
7.39
7.4
7.407
7.414
7.415
7.424
7.424
7.434
7.437
7.45
7.458
7.465
7.468
7.469
7.472
7.473
7.478
7.479
7.479
7.493
7.497
7.5
7.502
7.506
7.509
7.518
7.524
7.548
7.549
7.551
7.556
7.562
7.562
7.565
7.57
7.577
7.58
7.582
7.592
7.594
7.597
7.605
7.616
7.623
7.625
7.647
7.654
7.657
7.67
7.671
7.673
7.675
7.694
7.707
7.715
7.716
7.722
7.726
7.735
7.735
7.736
7.741
7.742
7.745
7.746
7.75
7.757
7.766
7.767
7.771
7.78
7.786
7.788
7.804
7.806
7.81
7.818
7.819
7.822
7.822
7.824
7.837
7.838
7.839
7.843
7.844
7.856
7.862
7.863
7.875
7.877
7.877
7.881
7.888
7.889
7.892
7.893
7.905
7.908
7.91
7.917
7.919
7.928
7.929
7.931
7.932
7.932
7.932
7.933
7.937
7.937
7.946
7.948
7.948
7.948
7.952
7.958
7.967
7.969
7.977
7.98
7.982
7.985
7.986
7.995
7.996
8.001
8.002
8.005
8.013
8.017
8.021
8.025
8.026
8.026
8.029
8.034
8.043
8.044
8.045
8.05
8.051
8.052
8.055
8.056
8.067
8.074
8.075
8.077
8.083
8.088
8.092
8.092
8.095
8.105
8.121
8.123
8.126
8.137
8.137
8.138
8.168
8.17
8.187
8.192
8.194
8.201
8.206
8.208
8.215
8.217
8.225
8.227
8.233
8.236
8.241
8.245
8.247
8.248
8.259
8.261
8.263
8.266
8.269
8.273
8.282
8.283
8.284
8.288
8.29
8.294
8.298
8.302
8.307
8.308
8.312
8.312
8.322
8.325
8.327
8.33
8.339
8.342
8.342
8.344
8.348
8.353
8.367
8.373
8.374
8.38
8.38
8.384
8.389
8.393
8.393
8.395
8.398
8.406
8.41
8.414
8.423
8.423
8.425
8.441
8.445
8.446
8.447
8.447
8.45
8.451
8.46
8.467
8.469
8.474
8.475
8.477
8.479
8.486
8.491
8.501
8.502
8.509
8.519
8.524
8.526
8.534
8.541
8.544
8.547
8.549
8.55
8.558
8.562
8.564
8.565
8.57
8.573
8.577
8.587
8.595
8.62
8.63
8.634
8.64
8.66
8.66
8.669
8.672
8.672
8.68
8.708
8.713
8.714
8.718
8.719
8.722
8.725
8.727
8.731
8.732
8.733
8.737
8.742
8.742
8.743
8.752
8.755
8.759
8.764
8.765
8.767
8.768
8.769
8.778
8.79
8.792
8.798
8.801
8.814
8.819
8.819
8.825
8.836
8.839
8.84
8.84
8.845
8.845
8.853
8.865
8.87
8.871
8.873
8.879
8.879
8.884
8.892
8.894
8.895
8.926
8.931
8.934
8.953
8.956
8.968
8.978
8.985
8.986
8.995
8.997
9.001
9.002
9.004
9.016
9.017
9.019
9.025
9.026
9.031
9.039
9.042
9.07
9.086
9.097
9.106
9.108
9.124
9.126
9.134
9.136
9.137
9.138
9.14
9.142
9.151
9.151
9.154
9.169
9.171
9.175
9.178
9.179
9.187
9.191
9.197
9.212
9.231
9.237
9.245
9.252
9.257
9.271
9.28
9.285
9.308
9.31
9.318
9.333
9.345
9.354
9.356
9.359
9.361
9.362
9.37
9.378
9.388
9.388
9.397
9.407
9.416
9.42
9.434
9.436
9.45
9.457
9.457
9.482
9.492
9.518
9.532
9.54
9.544
9.554
9.556
9.559
9.571
9.575
9.577
9.578
9.581
9.587
9.59
9.595
9.603
9.617
9.618
9.621
9.636
9.641
9.653
9.657
9.661
9.677
9.677
9.69
9.691
9.777
9.79
9.795
9.798
9.803
9.821
9.831
9.843
9.844
9.848
9.85
9.853
9.855
9.872
9.875
9.894
9.925
9.938
9.939
9.965
9.967
9.974
9.986
10.006
10.035
10.04
10.09
10.093
10.094
10.1
10.112
10.131
10.135
10.139
10.154
10.157
10.167
10.174
10.188
10.204
10.222
10.225
10.229
10.24
10.245
10.271
10.285
10.307
10.309
10.312
10.336
10.342
10.342
10.35
10.353
10.367
10.367
10.373
10.378
10.397
10.398
10.405
10.405
10.407
10.412
10.434
10.438
10.458
10.462
10.465
10.468
10.487
10.496
10.503
10.51
10.512
10.516
10.519
10.522
10.534
10.542
10.55
10.553
10.558
10.568
10.572
10.573
10.614
10.646
10.647
10.667
10.671
10.675
10.686
10.69
10.698
10.733
10.741
10.775
10.786
10.801
10.805
10.806
10.806
10.812
10.814
10.827
10.827
10.866
10.869
10.897
10.905
10.909
10.917
10.92
10.934
10.938
10.938
10.954
10.957
10.961
10.982
10.989
11.002
11.006
11.021
11.024
11.036
11.038
11.058
11.065
11.074
11.075
11.082
11.093
11.096
11.097
11.12
11.124
11.14
11.147
11.147
11.156
11.163
11.164
11.166
11.166
11.171
11.174
11.178
11.196
11.196
11.206
11.222
11.222
11.241
11.254
11.264
11.27
11.274
11.284
11.291
11.297
11.302
11.302
11.303
11.311
11.315
11.33
11.334
11.348
11.364
11.384
11.386
11.406
11.408
11.408
11.409
11.417
11.418
11.433
11.446
11.452
11.455
11.477
11.51
11.517
11.528
11.529
11.55
11.566
11.588
11.607
11.608
11.641
11.645
11.65
11.653
11.712
11.717
11.729
11.74
11.746
11.751
11.759
11.765
11.774
11.783
11.798
11.806
11.813
11.831
11.846
11.85
11.854
11.873
11.874
11.874
11.876
11.877
11.899
11.925
11.937
11.946
11.947
11.951
11.963
11.986
11.989
11.995
11.996
11.998
12.007
12.014
12.021
12.033
12.039
12.039
12.047
12.05
12.083
12.109
12.121
12.139
12.141
12.159
12.184
12.205
12.227
12.238
12.265
12.3
12.328
12.334
12.336
12.35
12.379
12.399
12.404
12.404
12.429
12.443
12.482
12.525
12.527
12.533
12.545
12.549
12.638
12.653
12.674
12.707
12.717
12.76
12.781
12.783
12.785
12.8
12.808
12.837
12.86
12.864
12.873
12.875
12.899
12.915
12.951
12.977
13.011
13.043
13.044
13.049
13.087
13.102
13.104
13.113
13.303
13.304
13.348
13.418
13.476
13.48
13.497
13.544
13.551
13.563
13.591
13.643
13.661
13.697
13.759
13.777
13.778
13.853
13.951
14.031
14.145
14.163
14.225
14.405
14.416
14.479
14.54
14.749
14.844
14.889
15.119
15.497
15.514
15.532
15.767
15.818
15.933
15.946
16.018
16.122
16.266
16.355
16.38
16.398
16.41
16.573
16.641
16.779
17.71
17.937
17.979
18.471
19.279
20.131
20.519
20.54
21.134
21.28
21.344
