0.734
4.308
4.337
4.375
4.398
4.497
4.512
4.611
4.65
4.673
4.712
4.723
4.751
4.782
4.789
4.793
4.818
4.885
4.885
4.907
4.91
4.928
4.93
4.931
4.94
4.97
4.975
5.001
5.007
5.023
5.033
5.076
5.102
5.108
5.111
5.13
5.159
5.162
5.178
5.184
5.231
5.26
5.267
5.272
5.28
5.309
5.315
5.337
5.337
5.349
5.349
5.412
5.421
5.431
5.445
5.446
5.462
5.47
5.486
5.497
5.522
5.523
5.528
5.528
5.536
5.538
5.54
5.546
5.553
5.559
5.572
5.594
5.608
5.625
5.646
5.666
5.682
5.686
5.703
5.726
5.733
5.737
5.746
5.748
5.772
5.775
5.793
5.83
5.835
5.878
5.883
5.892
5.904
5.907
5.912
5.916
5.939
5.96
5.961
5.972
5.979
5.979
5.982
5.988
6.008
6.01
6.037
6.041
6.043
6.051
6.075
6.095
6.124
6.125
6.151
6.182
6.201
6.225
6.245
6.254
6.285
6.293
6.296
6.31
6.333
6.337
6.341
6.35
6.373
6.398
6.419
6.421
6.427
6.447
6.472
6.491
6.491
6.507
6.545
6.556
6.581
6.597
6.631
6.633
6.652
6.679
6.692
6.696
6.715
6.718
6.72
6.749
6.783
6.795
6.837
6.857
6.866
6.879
6.88
6.898
6.905
6.907
6.926
6.93
6.957
6.959
6.97
6.974
6.998
7
7.028
7.031
7.035
7.087
7.099
7.101
7.108
7.12
7.135
7.152
7.177
7.199
7.201
7.204
7.204
7.214
7.247
7.25
7.272
7.283
7.359
7.36
7.368
7.4
7.43
7.447
7.451
7.465
7.474
7.501
7.514
7.514
7.518
7.524
7.53
7.543
7.571
7.59
7.608
7.631
7.632
7.632
7.641
7.644
7.655
7.655
7.662
7.68
7.681
7.69
7.693
7.702
7.704
7.763
7.766
7.791
7.803
7.812
7.843
7.868
7.869
7.883
7.894
7.911
7.936
7.952
7.954
7.979
7.986
7.987
7.991
8.002
8.039
8.093
8.096
8.119
8.163
8.183
8.186
8.221
8.228
8.229
8.25
8.264
8.27
8.283
8.286
8.296
8.311
8.319
8.322
8.334
8.339
8.356
8.367
8.37
8.376
8.385
8.392
8.402
8.405
8.413
8.413
8.415
8.417
8.433
8.436
8.438
8.45
8.451
8.457
8.461
8.466
8.47
8.473
8.475
8.475
8.488
8.495
8.512
8.517
8.518
8.524
8.531
8.531
8.551
8.553
8.554
8.563
8.578
8.579
8.594
8.606
8.611
8.615
8.635
8.643
8.643
8.644
8.646
8.662
8.668
8.669
8.678
8.684
8.691
8.691
8.699
8.704
8.705
8.707
8.714
8.723
8.726
8.73
8.736
8.757
8.77
8.776
8.779
8.799
8.806
8.813
8.815
8.825
8.828
8.841
8.842
8.846
8.853
8.853
8.857
8.86
8.865
8.866
8.871
8.872
8.873
8.886
8.901
8.902
8.909
8.916
8.923
8.937
8.943
8.945
8.947
8.949
8.953
8.956
8.958
8.964
8.981
8.986
8.987
8.993
8.996
8.997
8.998
9.009
9.011
9.013
9.023
9.039
9.041
9.055
9.065
9.075
9.079
9.081
9.081
9.086
9.09
9.091
9.093
9.097
9.108
9.12
9.141
9.142
9.143
9.149
9.149
9.15
9.151
9.162
9.17
9.17
9.181
9.199
9.202
9.212
9.215
9.224
9.227
9.244
9.251
9.253
9.256
9.268
9.29
9.294
9.299
9.302
9.309
9.315
9.319
9.32
9.321
9.332
9.351
9.357
9.363
9.363
9.364
9.371
9.375
9.378
9.381
9.429
9.433
9.438
9.452
9.461
9.472
9.481
9.492
9.502
9.506
9.513
9.522
9.524
9.532
9.535
9.539
9.558
9.559
9.563
9.563
9.563
9.567
9.571
9.586
9.587
9.596
9.597
9.603
9.605
9.608
9.612
9.631
9.646
9.646
9.649
9.651
9.66
9.68
9.68
9.686
9.707
9.726
9.734
9.75
9.752
9.769
9.773
9.804
9.812
9.825
9.827
9.842
9.847
9.847
9.865
9.876
9.881
9.888
9.897
9.922
9.924
9.929
9.943
9.945
9.948
9.956
9.983
9.984
9.985
9.999
10
10.012
10.013
10.022
10.037
10.052
10.055
10.068
10.075
10.092
10.095
10.096
10.105
10.107
10.12
10.12
10.143
10.151
10.153
10.171
10.177
10.184
10.193
10.196
10.202
10.212
10.218
10.225
10.236
10.242
10.244
10.246
10.251
10.26
10.264
10.269
10.278
10.287
10.289
10.306
10.309
10.333
10.335
10.348
10.361
10.379
10.382
10.413
10.434
10.453
10.501
10.509
10.51
10.515
10.534
10.546
10.555
10.556
10.561
10.571
10.581
10.598
10.614
10.626
10.635
10.639
10.64
10.65
10.653
10.655
10.657
10.666
10.691
10.695
10.712
10.745
10.757
10.768
10.787
10.787
10.802
10.844
10.849
10.854
10.854
10.854
10.88
10.893
10.923
10.929
10.93
10.93
10.933
10.935
10.939
10.957
10.958
10.961
10.966
10.972
10.974
10.978
10.978
10.982
10.982
10.996
11.046
11.075
11.093
11.099
11.121
11.131
11.138
11.14
11.152
11.159
11.168
11.19
11.191
11.194
11.203
11.208
11.217
11.218
11.226
11.235
11.247
11.271
11.299
11.305
11.307
11.312
11.312
11.313
11.318
11.323
11.33
11.349
11.363
11.366
11.39
11.39
11.392
11.402
11.42
11.437
11.44
11.454
11.474
11.506
11.511
11.52
11.558
11.573
11.583
11.588
11.595
11.596
11.597
11.597
11.655
11.662
11.676
11.681
11.681
11.682
11.686
11.696
11.702
11.718
11.725
11.732
11.757
11.77
11.777
11.799
11.808
11.814
11.827
11.837
11.837
11.838
11.852
11.865
11.876
11.88
11.88
11.887
11.899
11.902
11.918
11.922
11.938
11.953
11.97
11.973
11.973
11.987
11.999
12.004
12.015
12.025
12.029
12.035
12.043
12.08
12.083
12.088
12.089
12.105
12.115
12.125
12.129
12.129
12.132
12.167
12.222
12.235
12.237
12.242
12.275
12.279
12.315
12.317
12.325
12.326
12.327
12.328
12.359
12.389
12.425
12.434
12.449
12.467
12.491
12.508
12.509
12.534
12.553
12.568
12.575
12.578
12.627
12.639
12.64
12.64
12.643
12.654
12.662
12.704
12.707
12.713
12.765
12.786
12.787
12.803
12.867
12.874
12.899
12.913
12.918
12.918
12.927
12.952
12.957
12.96
12.963
12.969
12.97
12.989
12.989
13.001
13.007
13.012
13.016
13.027
13.044
13.047
13.05
13.073
13.087
13.091
13.093
13.119
13.122
13.126
13.133
13.136
13.137
13.14
13.143
13.145
13.15
13.156
13.158
13.187
13.193
13.208
13.209
13.21
13.21
13.243
13.248
13.28
13.292
13.355
13.366
13.393
13.394
13.399
13.41
13.415
13.421
13.452
13.463
13.465
13.468
13.486
13.495
13.539
13.557
13.574
13.58
13.581
13.582
13.61
13.61
13.617
13.618
13.639
13.647
13.647
13.66
13.663
13.663
13.682
13.69
13.73
13.735
13.736
13.738
13.749
13.759
13.766
13.766
13.792
13.799
13.829
13.832
13.835
13.84
13.841
13.894
13.91
13.912
13.922
13.927
13.979
14.039
14.039
14.042
14.052
14.118
14.123
14.129
14.137
14.137
14.144
14.144
14.15
14.186
14.217
14.238
14.253
14.255
14.255
14.277
14.294
14.309
14.327
14.35
14.391
14.416
14.434
14.439
14.454
14.457
14.46
14.466
14.478
14.496
14.498
14.511
14.539
14.541
14.557
14.561
14.582
14.589
14.589
14.59
14.613
14.616
14.628
14.638
14.675
14.681
14.714
14.721
14.723
14.726
14.726
14.743
14.756
14.77
14.818
14.851
14.855
14.914
14.944
14.96
14.98
14.98
14.995
15.043
15.065
15.075
15.138
15.147
15.149
15.159
15.205
15.213
15.215
15.226
15.257
15.259
15.276
15.285
15.296
15.334
15.338
15.347
15.381
15.415
15.439
15.471
15.498
15.51
15.516
15.528
15.529
15.53
15.542
15.606
15.608
15.608
15.625
15.646
15.681
15.688
15.699
15.727
15.738
15.748
15.767
15.772
15.778
15.803
15.829
15.834
15.856
15.899
15.9
15.919
15.92
15.922
15.925
15.949
15.976
15.999
16.016
16.057
16.074
16.075
16.1
16.104
16.105
16.107
16.135
16.146
16.163
16.178
16.233
16.269
16.288
16.311
16.323
16.328
16.329
16.373
16.379
16.379
16.41
16.416
16.461
16.465
16.482
16.493
16.495
16.517
16.527
16.561
16.615
16.629
16.637
16.649
16.649
16.654
16.657
16.686
16.72
16.721
16.727
16.73
16.735
16.744
16.751
16.797
16.815
16.857
16.868
16.891
16.9
16.911
16.921
16.935
16.951
16.953
16.955
16.978
16.979
17.019
17.022
17.04
17.053
17.075
17.112
17.114
17.132
17.132
17.157
17.183
17.226
17.228
17.232
17.296
17.317
17.328
17.346
17.356
17.404
17.405
17.442
17.481
17.482
17.485
17.492
17.527
17.537
17.572
17.637
17.703
17.808
17.854
17.865
17.901
17.911
17.922
17.938
17.955
17.958
18.013
18.035
18.043
18.057
18.075
18.089
18.091
18.12
18.204
18.239
18.257
18.262
18.3
18.326
18.344
18.416
18.508
18.512
18.532
18.584
18.602
18.645
18.655
18.799
18.807
18.843
18.861
18.91
18.918
19.045
19.131
19.162
19.166
19.17
19.253
19.261
19.324
19.336
19.365
19.424
19.452
19.455
19.494
19.575
19.601
19.64
19.704
19.707
19.757
19.819
19.855
19.865
19.898
19.925
19.928
19.937
20.002
20.073
20.081
20.099
20.109
20.268
20.338
20.482
20.496
20.522
20.548
20.555
20.586
20.857
20.927
20.938
20.972
21.06
21.07
21.129
21.15
21.189
21.223
21.233
21.308
21.407
21.562
21.573
21.738
21.772
21.936
22.083
22.089
22.292
22.307
22.412
22.489
22.652
22.721
22.867
22.871
22.953
23.022
23.249
23.281
23.292
23.333
23.483
23.676
23.903
23.909
24.007
24.162
24.246
24.438
24.523
24.546
24.613
24.652
25.182
25.19
25.219
25.431
25.589
25.65
25.716
25.752
25.855
25.91
25.951
26.238
26.372
27.652
27.904
28.074
28.492
30.72
31.007
34.158
35.39
45.318
