0.947
4.126
4.25
4.295
4.321
4.325
4.337
4.392
4.428
4.449
4.456
4.471
4.473
4.483
4.51
4.528
4.561
4.587
4.618
4.619
4.639
4.643
4.65
4.683
4.69
4.716
4.718
4.734
4.794
4.815
4.833
4.837
4.855
4.893
4.911
4.921
4.95
4.951
4.996
5.02
5.022
5.029
5.057
5.062
5.068
5.073
5.089
5.103
5.11
5.122
5.167
5.17
5.172
5.173
5.175
5.198
5.21
5.226
5.227
5.228
5.251
5.254
5.263
5.268
5.269
5.277
5.284
5.291
5.298
5.304
5.306
5.309
5.313
5.314
5.315
5.323
5.326
5.351
5.358
5.36
5.367
5.367
5.371
5.372
5.373
5.38
5.389
5.392
5.4
5.41
5.41
5.417
5.438
5.453
5.485
5.495
5.497
5.5
5.51
5.526
5.529
5.535
5.538
5.542
5.566
5.568
5.571
5.582
5.625
5.635
5.642
5.643
5.653
5.664
5.674
5.69
5.694
5.703
5.707
5.709
5.715
5.72
5.732
5.743
5.744
5.764
5.764
5.768
5.783
5.783
5.794
5.805
5.818
5.819
5.821
5.826
5.832
5.84
5.857
5.868
5.877
5.879
5.908
5.911
5.925
5.925
5.943
5.986
5.988
5.996
6.02
6.021
6.026
6.038
6.04
6.047
6.05
6.054
6.057
6.071
6.079
6.086
6.09
6.105
6.12
6.121
6.123
6.124
6.126
6.139
6.145
6.145
6.148
6.151
6.151
6.152
6.158
6.162
6.167
6.174
6.183
6.184
6.188
6.209
6.21
6.211
6.212
6.215
6.215
6.227
6.229
6.242
6.243
6.247
6.249
6.253
6.253
6.257
6.266
6.268
6.272
6.277
6.287
6.288
6.289
6.295
6.297
6.299
6.301
6.318
6.32
6.333
6.343
6.343
6.345
6.345
6.347
6.347
6.347
6.349
6.353
6.36
6.361
6.364
6.371
6.372
6.374
6.375
6.379
6.38
6.383
6.396
6.407
6.408
6.408
6.409
6.415
6.419
6.421
6.423
6.43
6.432
6.436
6.439
6.439
6.441
6.442
6.447
6.455
6.456
6.468
6.472
6.475
6.475
6.478
6.488
6.492
6.498
6.503
6.507
6.509
6.516
6.523
6.534
6.534
6.541
6.556
6.564
6.582
6.586
6.593
6.594
6.595
6.607
6.607
6.62
6.626
6.635
6.641
6.642
6.642
6.655
6.656
6.669
6.672
6.678
6.686
6.703
6.713
6.735
6.739
6.75
6.751
6.751
6.751
6.752
6.755
6.757
6.768
6.77
6.811
6.818
6.821
6.822
6.825
6.838
6.841
6.846
6.851
6.861
6.867
6.87
6.878
6.897
6.925
6.936
6.946
6.953
6.957
6.971
6.978
6.978
6.98
6.985
6.988
6.988
6.992
6.993
6.998
7.003
7.004
7.009
7.012
7.016
7.019
7.027
7.029
7.03
7.043
7.044
7.047
7.056
7.064
7.067
7.068
7.079
7.094
7.123
7.125
7.149
7.157
7.174
7.178
7.178
7.181
7.186
7.193
7.197
7.204
7.206
7.207
7.212
7.216
7.222
7.225
7.229
7.23
7.256
7.267
7.267
7.273
7.274
7.275
7.284
7.288
7.293
7.299
7.328
7.331
7.342
7.348
7.349
7.351
7.353
7.357
7.374
7.386
7.407
7.415
7.417
7.421
7.429
7.43
7.434
7.436
7.438
7.444
7.452
7.46
7.461
7.464
7.499
7.512
7.514
7.53
7.531
7.533
7.543
7.554
7.562
7.566
7.576
7.578
7.587
7.591
7.592
7.598
7.606
7.614
7.615
7.62
7.621
7.631
7.632
7.639
7.645
7.648
7.65
7.654
7.658
7.658
7.665
7.674
7.697
7.7
7.706
7.717
7.721
7.724
7.733
7.734
7.749
7.758
7.764
7.764
7.77
7.776
7.78
7.782
7.809
7.815
7.825
7.826
7.83
7.834
7.848
7.854
7.856
7.866
7.875
7.877
7.887
7.89
7.898
7.903
7.912
7.938
7.947
7.949
7.95
7.954
7.956
7.963
7.964
7.965
7.968
7.969
7.971
7.972
7.973
7.981
7.99
7.991
7.993
8.002
8.01
8.012
8.016
8.03
8.032
8.033
8.035
8.035
8.039
8.039
8.051
8.053
8.085
8.091
8.093
8.094
8.094
8.095
8.1
8.107
8.109
8.118
8.121
8.122
8.127
8.135
8.136
8.138
8.141
8.146
8.158
8.165
8.171
8.175
8.179
8.184
8.196
8.199
8.213
8.216
8.217
8.218
8.22
8.221
8.225
8.225
8.227
8.236
8.238
8.248
8.25
8.254
8.258
8.264
8.269
8.273
8.28
8.29
8.29
8.291
8.293
8.298
8.3
8.303
8.311
8.315
8.316
8.326
8.333
8.342
8.342
8.344
8.344
8.345
8.347
8.352
8.352
8.355
8.364
8.37
8.38
8.385
8.386
8.387
8.389
8.392
8.392
8.394
8.395
8.396
8.397
8.397
8.4
8.415
8.416
8.421
8.424
8.439
8.443
8.451
8.451
8.454
8.455
8.456
8.459
8.462
8.467
8.478
8.48
8.494
8.497
8.506
8.512
8.523
8.526
8.535
8.541
8.558
8.56
8.561
8.561
8.562
8.564
8.57
8.575
8.577
8.582
8.586
8.59
8.594
8.598
8.602
8.602
8.606
8.619
8.627
8.63
8.633
8.634
8.637
8.64
8.64
8.643
8.643
8.644
8.65
8.655
8.664
8.664
8.666
8.668
8.671
8.68
8.684
8.689
8.691
8.691
8.698
8.702
8.706
8.712
8.718
8.72
8.721
8.727
8.727
8.73
8.736
8.746
8.747
8.754
8.775
8.775
8.776
8.776
8.777
8.778
8.78
8.781
8.784
8.786
8.806
8.812
8.813
8.819
8.821
8.829
8.831
8.837
8.841
8.842
8.849
8.851
8.855
8.859
8.866
8.87
8.873
8.875
8.879
8.883
8.885
8.889
8.895
8.895
8.901
8.902
8.91
8.914
8.933
8.934
8.937
8.946
8.952
8.963
8.963
8.964
8.966
8.967
8.969
8.971
8.973
8.984
8.989
8.998
9
9
9.004
9.009
9.017
9.019
9.023
9.025
9.028
9.041
9.061
9.063
9.065
9.066
9.076
9.081
9.085
9.087
9.094
9.096
9.099
9.104
9.104
9.107
9.113
9.118
9.133
9.135
9.14
9.143
9.145
9.149
9.149
9.152
9.163
9.171
9.174
9.183
9.186
9.189
9.191
9.201
9.204
9.209
9.216
9.216
9.222
9.23
9.232
9.236
9.238
9.239
9.249
9.265
9.268
9.271
9.274
9.28
9.282
9.29
9.31
9.319
9.322
9.336
9.344
9.349
9.356
9.357
9.359
9.359
9.363
9.374
9.387
9.41
9.413
9.434
9.443
9.449
9.451
9.454
9.457
9.464
9.465
9.469
9.469
9.476
9.479
9.502
9.505
9.508
9.523
9.54
9.543
9.551
9.558
9.559
9.569
9.572
9.577
9.579
9.579
9.585
9.592
9.615
9.624
9.642
9.648
9.676
9.679
9.688
9.694
9.7
9.704
9.705
9.712
9.72
9.72
9.725
9.73
9.738
9.757
9.775
9.783
9.786
9.792
9.796
9.8
9.809
9.817
9.817
9.82
9.82
9.83
9.831
9.852
9.868
9.872
9.884
9.884
9.889
9.896
9.899
9.901
9.901
9.902
9.905
9.935
9.943
9.943
9.947
9.948
9.96
9.969
9.973
9.991
10.002
10.005
10.005
10.006
10.008
10.018
10.019
10.022
10.026
10.033
10.035
10.038
10.041
10.07
10.08
10.081
10.09
10.096
10.102
10.103
10.105
10.109
10.118
10.12
10.122
10.144
10.158
10.165
10.166
10.176
10.216
10.26
10.269
10.284
10.293
10.296
10.296
10.297
10.299
10.303
10.307
10.326
10.329
10.331
10.336
10.342
10.35
10.363
10.369
10.374
10.395
10.407
10.422
10.434
10.439
10.45
10.46
10.476
10.477
10.485
10.494
10.496
10.507
10.512
10.52
10.522
10.523
10.526
10.536
10.547
10.568
10.579
10.581
10.589
10.591
10.594
10.611
10.616
10.626
10.634
10.667
10.671
10.677
10.677
10.737
10.746
10.774
10.794
10.797
10.8
10.823
10.833
10.843
10.844
10.857
10.859
10.865
10.871
10.878
10.878
10.892
10.893
10.895
10.905
10.911
10.927
10.939
10.94
10.953
10.953
10.971
10.974
10.994
11.009
11.012
11.022
11.024
11.026
11.032
11.039
11.048
11.068
11.098
11.102
11.104
11.108
11.123
11.125
11.131
11.152
11.157
11.161
11.167
11.169
11.185
11.185
11.185
11.185
11.19
11.204
11.269
11.27
11.276
11.277
11.287
11.3
11.314
11.335
11.355
11.393
11.41
11.463
11.466
11.474
11.475
11.491
11.499
11.502
11.509
11.514
11.514
11.54
11.548
11.571
11.577
11.58
11.587
11.588
11.606
11.608
11.625
11.627
11.65
11.653
11.661
11.673
11.691
11.701
11.71
11.719
11.733
11.746
11.765
11.771
11.773
11.777
11.79
11.796
11.82
11.87
11.878
11.883
11.891
11.901
11.901
11.907
11.929
11.93
11.933
11.939
11.956
11.969
11.999
12.031
12.037
12.044
12.052
12.054
12.065
12.086
12.095
12.098
12.106
12.122
12.128
12.13
12.132
12.145
12.151
12.155
12.175
12.193
12.213
12.213
12.225
12.236
12.266
12.278
12.285
12.286
12.3
12.315
12.32
12.36
12.361
12.395
12.396
12.433
12.469
12.475
12.494
12.501
12.532
12.537
12.548
12.561
12.564
12.566
12.567
12.617
12.622
12.65
12.655
12.662
12.677
12.679
12.687
12.694
12.695
12.717
12.729
12.735
12.738
12.742
12.745
12.753
12.756
12.79
12.815
12.817
12.817
12.817
12.868
12.913
12.959
12.977
12.992
13.01
13.045
13.051
13.06
13.066
13.142
13.15
13.16
13.168
13.17
13.206
13.226
13.258
13.264
13.274
13.279
13.285
13.351
13.351
13.362
13.38
13.387
13.446
13.46
13.493
13.516
13.52
13.529
13.556
13.557
13.613
13.669
13.701
13.72
13.745
13.745
13.758
13.829
13.844
13.874
13.915
13.952
14.033
14.083
14.191
14.204
14.23
14.239
14.277
14.29
14.355
14.378
14.398
14.529
14.667
14.71
14.714
14.739
14.759
14.962
15.355
15.611
15.837
15.921
16.569
16.59
16.619
16.841
17.442
17.523
17.774
17.886
18.028
19.834
21.167
21.656
22.171
