0.749
4.147
4.369
4.42
4.428
4.44
4.479
4.505
4.544
4.555
4.585
4.592
4.592
4.602
4.617
4.624
4.639
4.656
4.666
4.668
4.701
4.717
4.722
4.729
4.733
4.749
4.767
4.792
4.803
4.819
4.849
4.853
4.865
4.873
4.873
4.889
4.9
4.904
4.904
4.916
4.94
4.961
4.967
4.995
5.009
5.014
5.048
5.054
5.058
5.076
5.101
5.141
5.147
5.188
5.205
5.238
5.239
5.242
5.247
5.249
5.25
5.26
5.284
5.286
5.287
5.299
5.301
5.306
5.329
5.384
5.391
5.392
5.409
5.417
5.42
5.422
5.426
5.433
5.438
5.444
5.449
5.45
5.453
5.473
5.473
5.474
5.492
5.503
5.512
5.514
5.518
5.525
5.533
5.549
5.55
5.561
5.561
5.563
5.568
5.574
5.574
5.576
5.581
5.59
5.592
5.593
5.594
5.595
5.597
5.599
5.601
5.602
5.606
5.609
5.609
5.611
5.64
5.65
5.66
5.663
5.676
5.686
5.69
5.693
5.697
5.702
5.71
5.721
5.734
5.735
5.753
5.755
5.769
5.776
5.777
5.779
5.784
5.791
5.803
5.805
5.81
5.817
5.823
5.84
5.842
5.842
5.857
5.865
5.867
5.891
5.91
5.932
5.934
5.94
5.941
5.943
5.951
5.967
5.968
5.974
5.986
5.999
6.001
6.005
6.013
6.014
6.016
6.019
6.02
6.021
6.022
6.039
6.043
6.043
6.048
6.052
6.053
6.057
6.059
6.073
6.074
6.075
6.075
6.075
6.076
6.081
6.094
6.096
6.097
6.102
6.102
6.104
6.106
6.113
6.116
6.118
6.119
6.125
6.127
6.128
6.128
6.13
6.13
6.134
6.142
6.145
6.152
6.153
6.153
6.154
6.162
6.165
6.175
6.185
6.192
6.199
6.199
6.203
6.204
6.217
6.223
6.231
6.235
6.248
6.253
6.253
6.254
6.256
6.258
6.261
6.263
6.269
6.27
6.271
6.277
6.284
6.285
6.299
6.301
6.303
6.305
6.307
6.312
6.321
6.327
6.333
6.344
6.371
6.372
6.373
6.375
6.376
6.376
6.387
6.397
6.415
6.425
6.425
6.429
6.435
6.449
6.467
6.472
6.477
6.487
6.492
6.497
6.501
6.503
6.509
6.511
6.511
6.512
6.513
6.517
6.526
6.531
6.538
6.541
6.544
6.555
6.558
6.558
6.564
6.569
6.591
6.594
6.597
6.62
6.625
6.642
6.651
6.653
6.66
6.679
6.688
6.688
6.69
6.698
6.699
6.701
6.707
6.71
6.714
6.72
6.723
6.724
6.725
6.726
6.729
6.729
6.734
6.741
6.744
6.744
6.744
6.748
6.756
6.762
6.766
6.769
6.77
6.77
6.771
6.773
6.775
6.775
6.776
6.779
6.784
6.784
6.788
6.791
6.799
6.8
6.806
6.807
6.808
6.809
6.814
6.816
6.816
6.821
6.827
6.83
6.838
6.84
6.844
6.85
6.87
6.872
6.876
6.877
6.88
6.881
6.887
6.892
6.9
6.912
6.925
6.94
6.942
6.943
6.953
6.958
6.963
6.967
6.969
6.977
6.982
6.984
6.992
7.001
7.001
7.014
7.021
7.029
7.034
7.035
7.041
7.043
7.043
7.05
7.061
7.063
7.071
7.076
7.078
7.106
7.107
7.114
7.114
7.13
7.13
7.132
7.144
7.147
7.151
7.151
7.154
7.155
7.16
7.161
7.174
7.174
7.174
7.176
7.177
7.181
7.191
7.196
7.199
7.207
7.209
7.21
7.224
7.225
7.241
7.245
7.247
7.253
7.254
7.26
7.263
7.268
7.27
7.272
7.276
7.281
7.283
7.287
7.29
7.298
7.3
7.309
7.312
7.316
7.318
7.328
7.333
7.339
7.344
7.345
7.346
7.347
7.35
7.377
7.392
7.409
7.412
7.417
7.422
7.423
7.428
7.431
7.432
7.436
7.444
7.444
7.444
7.446
7.447
7.457
7.46
7.464
7.465
7.472
7.473
7.482
7.485
7.485
7.496
7.497
7.497
7.505
7.506
7.522
7.538
7.538
7.545
7.548
7.554
7.557
7.563
7.565
7.565
7.565
7.567
7.571
7.572
7.584
7.592
7.6
7.616
7.616
7.62
7.623
7.624
7.626
7.628
7.634
7.636
7.643
7.645
7.648
7.648
7.65
7.655
7.655
7.66
7.661
7.662
7.665
7.666
7.668
7.672
7.677
7.678
7.681
7.686
7.686
7.687
7.696
7.7
7.702
7.708
7.71
7.712
7.716
7.719
7.719
7.728
7.729
7.731
7.733
7.735
7.735
7.736
7.741
7.744
7.745
7.747
7.747
7.759
7.76
7.761
7.762
7.762
7.764
7.771
7.774
7.774
7.779
7.78
7.782
7.786
7.791
7.793
7.798
7.798
7.802
7.803
7.812
7.821
7.824
7.832
7.834
7.836
7.838
7.849
7.85
7.854
7.855
7.859
7.862
7.863
7.866
7.866
7.87
7.875
7.878
7.879
7.887
7.889
7.89
7.891
7.893
7.904
7.907
7.91
7.917
7.919
7.919
7.92
7.922
7.922
7.923
7.929
7.93
7.93
7.93
7.931
7.94
7.94
7.948
7.949
7.965
7.969
7.974
7.975
7.975
7.975
7.975
7.983
7.986
7.987
7.988
7.988
7.989
7.992
7.996
7.996
8.008
8.011
8.012
8.014
8.015
8.015
8.022
8.023
8.026
8.027
8.04
8.051
8.053
8.054
8.056
8.059
8.065
8.067
8.069
8.072
8.076
8.083
8.085
8.092
8.103
8.103
8.107
8.107
8.112
8.129
8.138
8.151
8.153
8.154
8.159
8.162
8.163
8.167
8.171
8.171
8.172
8.177
8.179
8.183
8.184
8.187
8.189
8.211
8.211
8.212
8.215
8.22
8.233
8.252
8.262
8.272
8.282
8.289
8.298
8.303
8.303
8.311
8.311
8.312
8.318
8.321
8.324
8.329
8.333
8.336
8.341
8.351
8.353
8.354
8.363
8.367
8.367
8.37
8.377
8.377
8.377
8.382
8.385
8.396
8.397
8.405
8.406
8.406
8.41
8.417
8.42
8.432
8.449
8.46
8.48
8.491
8.492
8.494
8.507
8.508
8.511
8.513
8.522
8.536
8.545
8.553
8.559
8.564
8.57
8.571
8.577
8.578
8.582
8.583
8.585
8.589
8.591
8.591
8.593
8.593
8.594
8.623
8.625
8.633
8.634
8.635
8.637
8.643
8.657
8.658
8.659
8.659
8.668
8.69
8.695
8.7
8.703
8.726
8.74
8.748
8.755
8.763
8.768
8.779
8.795
8.799
8.803
8.811
8.815
8.82
8.827
8.827
8.829
8.84
8.857
8.86
8.867
8.87
8.874
8.879
8.886
8.887
8.907
8.911
8.918
8.936
8.941
8.945
8.954
8.955
8.984
8.986
8.987
8.988
8.998
9
9.007
9.018
9.019
9.026
9.027
9.035
9.054
9.07
9.074
9.08
9.097
9.113
9.115
9.117
9.128
9.134
9.144
9.159
9.174
9.181
9.183
9.189
9.194
9.201
9.228
9.235
9.241
9.244
9.247
9.256
9.257
9.271
9.274
9.277
9.282
9.293
9.294
9.299
9.304
9.321
9.328
9.339
9.363
9.39
9.391
9.404
9.424
9.437
9.44
9.443
9.446
9.447
9.45
9.459
9.465
9.477
9.485
9.485
9.534
9.547
9.555
9.558
9.591
9.602
9.603
9.621
9.643
9.645
9.651
9.657
9.661
9.665
9.684
9.689
9.695
9.701
9.702
9.713
9.716
9.729
9.734
9.754
9.758
9.76
9.765
9.774
9.778
9.778
9.785
9.79
9.803
9.804
9.808
9.812
9.831
9.86
9.866
9.87
9.892
9.904
9.932
9.933
9.939
9.944
9.952
9.956
9.972
9.973
9.976
9.98
10.003
10.013
10.013
10.014
10.017
10.032
10.037
10.038
10.052
10.057
10.058
10.067
10.098
10.099
10.106
10.109
10.14
10.143
10.15
10.162
10.163
10.183
10.194
10.202
10.213
10.229
10.239
10.29
10.301
10.302
10.315
10.32
10.326
10.337
10.342
10.346
10.353
10.381
10.389
10.401
10.406
10.415
10.446
10.451
10.463
10.475
10.478
10.503
10.559
10.559
10.561
10.569
10.594
10.624
10.637
10.637
10.645
10.646
10.658
10.658
10.66
10.67
10.681
10.685
10.689
10.705
10.714
10.721
10.724
10.725
10.744
10.76
10.766
10.767
10.783
10.787
10.791
10.802
10.812
10.822
10.836
10.842
10.845
10.85
10.867
10.869
10.874
10.875
10.885
10.887
10.893
10.913
10.923
10.926
10.936
10.941
10.953
10.96
10.964
10.969
10.969
10.985
11.008
11.017
11.021
11.024
11.041
11.054
11.058
11.072
11.099
11.124
11.128
11.135
11.137
11.144
11.15
11.161
11.162
11.165
11.176
11.185
11.197
11.216
11.233
11.258
11.263
11.265
11.28
11.282
11.283
11.289
11.304
11.31
11.32
11.348
11.371
11.379
11.381
11.396
11.401
11.409
11.412
11.413
11.413
11.434
11.437
11.446
11.459
11.459
11.496
11.51
11.511
11.535
11.544
11.555
11.576
11.583
11.592
11.645
11.657
11.66
11.668
11.669
11.683
11.683
11.688
11.698
11.705
11.712
11.726
11.742
11.749
11.78
11.785
11.806
11.815
11.829
11.837
11.847
11.851
11.851
11.854
11.865
11.88
11.884
11.886
11.889
11.891
11.914
11.933
11.936
11.95
11.972
11.991
12.008
12.041
12.071
12.078
12.088
12.089
12.116
12.144
12.153
12.171
12.174
12.182
12.196
12.207
12.215
12.285
12.305
12.338
12.349
12.371
12.381
12.382
12.411
12.441
12.443
12.475
12.476
12.494
12.497
12.513
12.532
12.548
12.556
12.566
12.571
12.585
12.611
12.621
12.631
12.644
12.686
12.716
12.762
12.802
12.869
12.908
12.975
12.976
12.992
13.011
13.049
13.066
13.105
13.138
13.212
13.229
13.231
13.246
13.273
13.278
13.316
13.488
13.536
13.56
13.566
13.577
13.626
13.636
13.795
14.016
14.151
14.157
14.168
14.197
14.434
14.578
14.59
14.601
15.064
15.095
15.233
15.385
15.541
15.548
15.737
15.772
16.004
16.258
16.383
16.42
16.496
16.78
16.884
17.067
17.098
17.111
17.367
17.368
17.676
17.686
17.754
17.786
17.904
18.109
18.147
18.26
18.405
18.853
19.176
19.316
19.498
19.69
20.79
21.641
23.467
24.642
