0.99
6.652
6.668
6.794
6.864
6.888
6.901
6.93
7.024
7.069
7.074
7.135
7.136
7.178
7.287
7.293
7.347
7.368
7.384
7.485
7.507
7.519
7.591
7.599
7.636
7.73
7.748
7.773
7.82
7.831
7.852
7.882
7.904
7.908
7.912
7.978
7.984
7.984
7.99
7.996
8.036
8.046
8.053
8.072
8.089
8.097
8.105
8.127
8.136
8.183
8.185
8.208
8.224
8.234
8.235
8.254
8.258
8.262
8.275
8.283
8.29
8.301
8.338
8.35
8.362
8.367
8.369
8.386
8.395
8.408
8.418
8.422
8.425
8.45
8.451
8.463
8.483
8.489
8.496
8.509
8.512
8.531
8.531
8.545
8.547
8.558
8.559
8.562
8.564
8.574
8.574
8.581
8.582
8.589
8.599
8.622
8.63
8.631
8.65
8.661
8.683
8.686
8.688
8.693
8.737
8.745
8.746
8.755
8.769
8.778
8.794
8.795
8.807
8.809
8.838
8.843
8.853
8.868
8.876
8.883
8.887
8.887
8.891
8.899
8.907
8.912
8.918
8.926
8.927
8.933
8.949
8.971
8.974
8.974
8.975
8.985
9.002
9.012
9.016
9.019
9.039
9.06
9.061
9.064
9.064
9.067
9.072
9.072
9.074
9.091
9.091
9.092
9.116
9.128
9.129
9.131
9.136
9.139
9.141
9.144
9.2
9.201
9.204
9.206
9.215
9.219
9.223
9.223
9.225
9.229
9.24
9.244
9.255
9.258
9.258
9.26
9.262
9.267
9.271
9.278
9.287
9.292
9.302
9.309
9.31
9.313
9.326
9.353
9.357
9.361
9.392
9.394
9.396
9.398
9.4
9.403
9.404
9.407
9.412
9.417
9.417
9.424
9.428
9.429
9.431
9.432
9.437
9.438
9.441
9.443
9.445
9.465
9.47
9.472
9.494
9.498
9.502
9.511
9.518
9.521
9.524
9.529
9.531
9.535
9.535
9.54
9.543
9.548
9.558
9.559
9.559
9.56
9.561
9.569
9.575
9.577
9.578
9.578
9.582
9.583
9.585
9.602
9.606
9.609
9.61
9.622
9.625
9.626
9.634
9.642
9.643
9.652
9.659
9.661
9.665
9.678
9.679
9.681
9.709
9.711
9.712
9.712
9.719
9.723
9.729
9.735
9.736
9.739
9.744
9.749
9.757
9.773
9.774
9.774
9.78
9.785
9.792
9.799
9.801
9.803
9.805
9.81
9.829
9.83
9.847
9.849
9.85
9.85
9.852
9.856
9.857
9.863
9.867
9.873
9.885
9.893
9.894
9.899
9.905
9.91
9.918
9.923
9.929
9.93
9.935
9.943
9.949
9.951
9.953
9.956
9.96
9.963
9.965
9.966
9.967
9.968
9.97
9.973
9.976
9.998
10.005
10.011
10.016
10.022
10.028
10.028
10.036
10.042
10.042
10.042
10.048
10.051
10.054
10.058
10.071
10.071
10.073
10.076
10.086
10.087
10.088
10.095
10.096
10.104
10.116
10.118
10.119
10.124
10.133
10.134
10.142
10.151
10.155
10.155
10.156
10.158
10.161
10.173
10.176
10.177
10.182
10.183
10.189
10.191
10.193
10.194
10.194
10.195
10.205
10.211
10.214
10.215
10.215
10.22
10.222
10.223
10.224
10.229
10.23
10.231
10.235
10.236
10.246
10.248
10.25
10.25
10.25
10.25
10.254
10.26
10.264
10.266
10.268
10.272
10.273
10.273
10.275
10.278
10.285
10.289
10.294
10.296
10.302
10.303
10.306
10.308
10.31
10.313
10.324
10.327
10.331
10.335
10.338
10.347
10.347
10.35
10.352
10.354
10.357
10.362
10.371
10.372
10.375
10.387
10.393
10.393
10.398
10.4
10.401
10.401
10.405
10.409
10.414
10.415
10.42
10.421
10.425
10.425
10.426
10.434
10.441
10.446
10.446
10.448
10.449
10.449
10.451
10.451
10.458
10.46
10.462
10.464
10.464
10.468
10.47
10.474
10.475
10.476
10.481
10.484
10.488
10.49
10.509
10.51
10.517
10.52
10.522
10.522
10.523
10.525
10.526
10.528
10.53
10.544
10.546
10.547
10.548
10.549
10.55
10.558
10.56
10.565
10.572
10.582
10.586
10.596
10.597
10.597
10.598
10.6
10.6
10.601
10.613
10.613
10.614
10.615
10.619
10.62
10.638
10.638
10.639
10.641
10.641
10.643
10.643
10.648
10.65
10.65
10.65
10.653
10.653
10.657
10.66
10.673
10.677
10.679
10.68
10.681
10.682
10.684
10.686
10.69
10.705
10.705
10.708
10.71
10.711
10.722
10.723
10.725
10.727
10.728
10.728
10.731
10.738
10.738
10.738
10.74
10.742
10.742
10.747
10.758
10.758
10.758
10.759
10.766
10.766
10.771
10.774
10.78
10.78
10.783
10.783
10.784
10.787
10.787
10.788
10.796
10.797
10.799
10.801
10.804
10.805
10.807
10.813
10.819
10.819
10.82
10.821
10.825
10.826
10.828
10.829
10.84
10.841
10.843
10.847
10.85
10.852
10.855
10.86
10.862
10.865
10.865
10.866
10.874
10.876
10.887
10.891
10.891
10.892
10.893
10.893
10.894
10.908
10.922
10.922
10.923
10.93
10.947
10.951
10.952
10.954
10.956
10.962
10.963
10.965
10.965
10.966
10.975
10.981
10.984
10.985
10.987
10.989
10.994
10.997
10.997
10.999
11
11.01
11.011
11.02
11.024
11.024
11.025
11.029
11.03
11.036
11.036
11.037
11.042
11.044
11.046
11.053
11.064
11.066
11.068
11.069
11.07
11.071
11.074
11.081
11.082
11.084
11.084
11.088
11.09
11.091
11.094
11.095
11.097
11.097
11.099
11.099
11.102
11.115
11.12
11.122
11.122
11.125
11.136
11.14
11.14
11.145
11.147
11.152
11.156
11.161
11.163
11.163
11.166
11.168
11.168
11.169
11.173
11.173
11.176
11.178
11.202
11.202
11.208
11.21
11.214
11.215
11.224
11.225
11.227
11.228
11.23
11.237
11.237
11.238
11.246
11.249
11.251
11.254
11.265
11.267
11.272
11.273
11.277
11.281
11.287
11.288
11.288
11.29
11.291
11.294
11.294
11.296
11.297
11.299
11.307
11.307
11.319
11.325
11.34
11.343
11.344
11.346
11.348
11.351
11.351
11.355
11.361
11.367
11.374
11.376
11.378
11.379
11.38
11.38
11.382
11.389
11.392
11.398
11.4
11.406
11.407
11.41
11.412
11.412
11.418
11.42
11.424
11.425
11.426
11.427
11.435
11.441
11.444
11.455
11.459
11.468
11.471
11.472
11.476
11.479
11.488
11.491
11.493
11.503
11.503
11.505
11.506
11.509
11.512
11.518
11.519
11.522
11.524
11.524
11.525
11.526
11.53
11.533
11.536
11.538
11.542
11.545
11.546
11.548
11.552
11.561
11.561
11.562
11.563
11.572
11.575
11.576
11.577
11.579
11.583
11.593
11.595
11.596
11.596
11.598
11.599
11.609
11.61
11.611
11.624
11.625
11.629
11.635
11.636
11.636
11.636
11.637
11.64
11.64
11.641
11.655
11.658
11.659
11.663
11.666
11.667
11.669
11.67
11.674
11.677
11.683
11.685
11.692
11.693
11.695
11.696
11.697
11.698
11.698
11.702
11.703
11.711
11.712
11.723
11.723
11.738
11.738
11.738
11.739
11.744
11.747
11.747
11.754
11.756
11.756
11.759
11.763
11.763
11.764
11.768
11.787
11.789
11.798
11.798
11.799
11.805
11.807
11.82
11.821
11.823
11.829
11.83
11.833
11.838
11.838
11.84
11.847
11.848
11.851
11.851
11.858
11.861
11.87
11.872
11.872
11.873
11.877
11.882
11.886
11.893
11.893
11.894
11.896
11.901
11.919
11.921
11.93
11.934
11.934
11.936
11.939
11.94
11.946
11.947
11.951
11.951
11.951
11.952
11.952
11.967
11.968
11.978
11.981
11.984
11.988
11.992
11.994
11.997
11.998
12.005
12.011
12.012
12.012
12.016
12.024
12.033
12.033
12.035
12.041
12.043
12.046
12.05
12.053
12.062
12.062
12.067
12.071
12.082
12.083
12.085
12.087
12.088
12.096
12.097
12.098
12.098
12.108
12.111
12.112
12.113
12.113
12.118
12.12
12.123
12.126
12.13
12.133
12.136
12.136
12.139
12.14
12.14
12.143
12.143
12.144
12.145
12.152
12.152
12.153
12.158
12.159
12.159
12.164
12.168
12.172
12.176
12.177
12.182
12.184
12.189
12.189
12.193
12.194
12.199
12.202
12.203
12.203
12.213
12.217
12.221
12.222
12.228
12.236
12.237
12.238
12.239
12.24
12.241
12.242
12.243
12.248
12.248
12.252
12.255
12.262
12.262
12.263
12.264
12.266
12.268
12.268
12.273
12.275
12.278
12.284
12.285
12.285
12.286
12.29
12.294
12.295
12.297
12.298
12.3
12.305
12.305
12.313
12.315
12.321
12.323
12.325
12.326
12.329
12.336
12.344
12.351
12.355
12.355
12.359
12.364
12.368
12.376
12.377
12.381
12.381
12.383
12.387
12.387
12.394
12.396
12.422
12.423
12.427
12.433
12.434
12.438
12.448
12.448
12.452
12.455
12.459
12.462
12.464
12.466
12.467
12.472
12.472
12.473
12.478
12.479
12.48
12.485
12.495
12.497
12.502
12.502
12.502
12.504
12.504
12.507
12.511
12.512
12.515
12.515
12.52
12.524
12.526
12.529
12.53
12.534
12.535
12.542
12.542
12.55
12.55
12.551
12.559
12.57
12.574
12.574
12.578
12.593
12.593
12.595
12.596
12.6
12.603
12.608
12.615
12.615
12.618
12.62
12.622
12.624
12.624
12.626
12.629
12.633
12.634
12.635
12.637
12.639
12.64
12.644
12.647
12.658
12.661
12.679
12.682
12.687
12.693
12.701
12.701
12.709
12.713
12.717
12.72
12.721
12.727
12.73
12.735
12.737
12.748
12.75
12.763
12.764
12.766
12.767
12.769
12.775
12.783
12.784
12.788
12.789
12.791
12.792
12.793
12.795
12.799
12.8
12.8
12.802
12.805
12.805
12.809
12.809
12.817
12.818
12.821
12.821
12.821
12.824
12.826
12.83
12.831
12.832
12.832
12.834
12.84
12.842
12.842
12.847
12.847
12.849
12.852
12.852
12.852
12.853
12.854
12.855
12.858
12.86
12.864
12.868
12.871
12.876
12.883
12.884
12.887
12.89
12.898
12.903
12.904
12.907
12.913
12.92
12.921
12.933
12.934
12.935
12.937
12.937
12.947
12.951
12.954
12.959
12.965
12.969
12.97
12.972
12.977
12.988
12.993
12.996
12.998
13.008
13.009
13.016
13.025
13.025
13.029
13.032
13.038
13.04
13.042
13.048
13.052
13.055
13.056
13.056
13.059
13.059
13.059
13.074
13.079
13.088
13.089
13.093
13.097
13.1
13.113
13.114
13.115
13.118
13.121
13.122
13.123
13.123
13.125
13.128
13.128
13.13
13.131
13.132
13.137
13.141
13.143
13.15
13.151
13.155
13.156
13.157
13.158
13.164
13.164
13.169
13.169
13.171
13.174
13.177
13.186
13.187
13.193
13.198
13.199
13.202
13.203
13.208
13.21
13.221
13.223
13.228
13.229
13.236
13.241
13.242
13.25
13.258
13.261
13.268
13.274
13.274
13.276
13.276
13.279
13.285
13.287
13.288
13.295
13.297
13.298
13.302
13.303
13.308
13.313
13.315
13.318
13.326
13.327
13.328
13.33
13.33
13.339
13.341
13.342
13.345
13.347
13.348
13.356
13.365
13.366
13.367
13.379
13.379
13.381
13.385
13.385
13.388
13.389
13.391
13.396
13.396
13.4
13.404
13.408
13.415
13.419
13.421
13.429
13.43
13.434
13.439
13.447
13.456
13.457
13.461
13.464
13.473
13.474
13.477
13.478
13.482
13.484
13.484
13.484
13.494
13.499
13.5
13.502
13.508
13.51
13.511
13.512
13.513
13.514
13.515
13.517
13.517
13.52
13.528
13.529
13.532
13.534
13.535
13.538
13.539
13.546
13.549
13.55
13.551
13.551
13.552
13.553
13.562
13.57
13.571
13.572
13.574
13.574
13.575
13.576
13.576
13.58
13.584
13.588
13.59
13.595
13.601
13.602
13.603
13.607
13.607
13.613
13.617
13.618
13.626
13.627
13.629
13.631
13.636
13.64
13.642
13.642
13.644
13.651
13.658
13.661
13.663
13.666
13.669
13.677
13.685
13.689
13.691
13.694
13.703
13.708
13.711
13.717
13.721
13.721
13.722
13.727
13.741
13.762
13.763
13.765
13.779
13.781
13.781
13.784
13.785
13.788
13.793
13.796
13.799
13.802
13.813
13.814
13.819
13.82
13.82
13.829
13.83
13.831
13.839
13.844
13.851
13.851
13.858
13.863
13.867
13.868
13.873
13.874
13.876
13.877
13.878
13.882
13.882
13.882
13.883
13.886
13.888
13.893
13.898
13.908
13.91
13.911
13.93
13.93
13.932
13.933
13.934
13.937
13.938
13.943
13.949
13.949
13.949
13.952
13.96
13.962
13.965
13.969
13.971
13.982
13.983
13.988
13.989
13.99
13.991
13.997
14.004
14.004
14.011
14.014
14.02
14.021
14.024
14.028
14.032
14.04
14.044
14.047
14.048
14.05
14.05
14.05
14.054
14.062
14.063
14.066
14.069
14.074
14.075
14.08
14.087
14.092
14.094
14.096
14.107
14.108
14.109
14.123
14.127
14.129
14.13
14.135
14.137
14.139
14.156
14.156
14.16
14.162
14.163
14.164
14.165
14.185
14.192
14.193
14.193
14.195
14.196
14.197
14.199
14.207
14.208
14.208
14.209
14.21
14.213
14.216
14.217
14.218
14.219
14.224
14.224
14.231
14.231
14.234
14.235
14.239
14.245
14.25
14.251
14.253
14.259
14.262
14.272
14.292
14.294
14.299
14.307
14.312
14.32
14.324
14.34
14.34
14.341
14.343
14.361
14.364
14.372
14.372
14.373
14.378
14.379
14.379
14.38
14.38
14.383
14.388
14.39
14.391
14.396
14.398
14.4
14.403
14.404
14.409
14.416
14.417
14.421
14.43
14.433
14.435
14.44
14.442
14.443
14.449
14.454
14.465
14.465
14.467
14.474
14.475
14.478
14.485
14.49
14.492
14.495
14.502
14.514
14.516
14.525
14.533
14.545
14.553
14.554
14.555
14.564
14.568
14.569
14.57
14.571
14.576
14.584
14.59
14.595
14.604
14.61
14.615
14.62
14.624
14.628
14.645
14.651
14.652
14.652
14.663
14.665
14.668
14.668
14.67
14.672
14.673
14.681
14.696
14.71
14.71
14.717
14.718
14.724
14.724
14.73
14.745
14.746
14.749
14.754
14.754
14.757
14.757
14.776
14.777
14.777
14.779
14.78
14.781
14.786
14.787
14.789
14.796
14.8
14.801
14.801
14.802
14.813
14.819
14.821
14.822
14.825
14.827
14.827
14.831
14.834
14.85
14.85
14.851
14.856
14.858
14.861
14.866
14.866
14.877
14.879
14.882
14.887
14.887
14.893
14.894
14.896
14.897
14.901
14.911
14.914
14.914
14.92
14.927
14.929
14.931
14.931
14.939
14.943
14.955
14.958
14.964
14.97
14.97
14.976
14.979
14.985
15.002
15.009
15.02
15.027
15.03
15.033
15.041
15.043
15.047
15.047
15.049
15.054
15.055
15.056
15.065
15.066
15.07
15.073
15.077
15.083
15.087
15.09
15.096
15.101
15.11
15.116
15.119
15.128
15.135
15.138
15.148
15.158
15.159
15.163
15.169
15.171
15.176
15.177
15.181
15.183
15.19
15.201
15.205
15.206
15.218
15.245
15.245
15.246
15.25
15.269
15.269
15.276
15.277
15.279
15.279
15.28
15.296
15.298
15.299
15.307
15.314
15.318
15.321
15.327
15.342
15.348
15.35
15.354
15.372
15.376
15.377
15.384
15.389
15.395
15.399
15.406
15.416
15.418
15.424
15.425
15.427
15.479
15.487
15.488
15.496
15.506
15.51
15.52
15.523
15.539
15.543
15.544
15.545
15.563
15.569
15.571
15.571
15.575
15.582
15.585
15.607
15.614
15.616
15.624
15.625
15.625
15.631
15.642
15.643
15.647
15.649
15.661
15.679
15.681
15.681
15.69
15.699
15.709
15.736
15.738
15.74
15.754
15.755
15.758
15.76
15.777
15.783
15.786
15.791
15.795
15.806
15.812
15.814
15.814
15.821
15.821
15.825
15.825
15.826
15.83
15.844
15.849
15.851
15.854
15.861
15.861
15.863
15.873
15.877
15.892
15.899
15.905
15.906
15.91
15.913
15.92
15.921
15.924
15.929
15.935
15.942
15.955
15.959
15.962
15.968
15.979
15.989
15.992
15.992
16.002
16.011
16.012
16.015
16.021
16.024
16.031
16.039
16.041
16.051
16.053
16.07
16.074
16.081
16.087
16.094
16.099
16.101
16.101
16.112
16.119
16.138
16.143
16.175
16.178
16.183
16.191
16.193
16.202
16.206
16.21
16.217
16.222
16.236
16.236
16.242
16.243
16.243
16.244
16.247
16.264
16.266
16.269
16.271
16.273
16.282
16.286
16.288
16.289
16.291
16.293
16.3
16.305
16.308
16.311
16.317
16.319
16.322
16.331
16.339
16.343
16.352
16.363
16.37
16.372
16.374
16.393
16.403
16.411
16.412
16.421
16.422
16.427
16.44
16.449
16.449
16.456
16.459
16.468
16.475
16.476
16.478
16.484
16.49
16.493
16.495
16.518
16.527
16.529
16.533
16.544
16.547
16.553
16.557
16.559
16.563
16.563
16.564
16.57
16.572
16.574
16.575
16.58
16.584
16.59
16.609
16.617
16.623
16.624
16.637
16.651
16.655
16.667
16.672
16.672
16.694
16.7
16.707
16.708
16.724
16.724
16.738
16.744
16.75
16.758
16.768
16.78
16.781
16.783
16.789
16.838
16.848
16.849
16.86
16.869
16.88
16.91
16.914
16.919
16.92
16.931
16.934
16.941
16.944
16.949
16.951
16.952
16.954
16.955
16.975
16.992
16.993
16.997
16.998
17.001
17.011
17.029
17.03
17.054
17.056
17.062
17.067
17.078
17.092
17.099
17.099
17.103
17.104
17.112
17.115
17.119
17.121
17.147
17.147
17.148
17.152
17.163
17.183
17.185
17.186
17.198
17.219
17.24
17.248
17.25
17.253
17.255
17.268
17.27
17.277
17.28
17.282
17.292
17.315
17.316
17.321
17.323
17.325
17.333
17.34
17.34
17.35
17.351
17.384
17.385
17.395
17.408
17.412
17.417
17.418
17.422
17.422
17.423
17.427
17.439
17.445
17.457
17.462
17.481
17.487
17.497
17.506
17.506
17.512
17.523
17.528
17.539
17.554
17.57
17.603
17.619
17.622
17.63
17.636
17.638
17.641
17.657
17.679
17.683
17.691
17.694
17.699
17.705
17.724
17.724
17.74
17.74
17.753
17.758
17.763
17.775
17.776
17.776
17.801
17.844
17.848
17.864
17.877
17.882
17.884
17.894
17.915
17.916
17.919
17.931
17.938
17.95
17.953
17.976
18.001
18.001
18.011
18.017
18.028
18.031
18.032
18.109
18.116
18.137
18.148
18.153
18.169
18.174
18.204
18.205
18.211
18.215
18.23
18.236
18.237
18.243
18.245
18.27
18.274
18.28
18.284
18.284
18.295
18.298
18.31
18.316
18.316
18.324
18.33
18.34
18.4
18.403
18.405
18.418
18.449
18.459
18.461
18.476
18.544
18.573
18.576
18.586
18.594
18.601
18.618
18.626
18.636
18.641
18.669
18.702
18.713
18.719
18.738
18.739
18.748
18.762
18.781
18.795
18.815
18.823
18.83
18.854
18.861
18.866
18.875
18.909
18.912
18.915
18.916
18.919
18.927
18.929
18.954
18.998
19.002
19.011
19.052
19.053
19.057
19.074
19.076
19.08
19.101
19.179
19.185
19.2
19.215
19.217
19.255
19.284
19.286
19.294
19.322
19.328
19.339
19.344
19.365
19.375
19.377
19.388
19.414
19.443
19.445
19.45
19.451
19.502
19.503
19.515
19.521
19.522
19.54
19.544
19.567
19.58
19.581
19.583
19.585
19.592
19.593
19.593
19.596
19.615
19.617
19.647
19.681
19.704
19.72
19.73
19.82
19.821
19.835
19.864
19.872
19.887
19.889
19.904
19.909
19.917
19.995
19.999
20.033
20.093
20.1
20.108
20.114
20.119
20.132
20.189
20.208
20.212
20.258
20.258
20.301
20.304
20.305
20.369
20.383
20.403
20.439
20.476
20.481
20.501
20.526
20.538
20.546
20.561
20.568
20.586
20.609
20.631
20.638
20.639
20.647
20.658
20.673
20.739
20.777
20.842
20.885
20.887
20.887
20.927
20.943
20.958
20.966
20.974
21.023
21.025
21.032
21.063
21.068
21.144
21.151
21.152
21.165
21.181
21.224
21.245
21.279
21.351
21.356
21.371
21.505
21.542
21.588
21.6
21.642
21.7
21.73
21.834
21.835
21.849
21.861
21.897
21.94
21.95
21.957
22.011
22.027
22.134
22.14
22.156
22.193
22.198
22.212
22.217
22.241
22.249
22.292
22.352
22.411
22.416
22.544
22.559
22.569
22.663
22.811
22.825
22.831
22.869
22.872
22.902
22.926
22.94
22.94
22.989
23.018
23.029
23.193
23.292
23.407
23.474
23.537
23.547
23.6
23.619
23.909
24.081
24.111
24.141
24.18
24.18
24.341
24.357
24.434
24.472
24.475
24.612
24.635
24.669
24.829
25.186
25.256
25.551
25.721
25.729
25.729
25.912
26.393
26.414
26.54
26.558
26.615
26.674
26.981
27.418
27.557
27.828
28.103
28.726
28.794
28.92
28.985
29.343
29.676
30.63
32.973
35.984
