0.742
4.276
4.299
4.321
4.417
4.461
4.534
4.538
4.547
4.556
4.579
4.581
4.581
4.598
4.605
4.615
4.627
4.664
4.676
4.689
4.724
4.741
4.743
4.753
4.757
4.77
4.773
4.803
4.818
4.839
4.842
4.859
4.867
4.888
4.902
4.911
4.931
4.938
4.947
4.955
4.955
4.978
4.98
4.981
4.985
4.99
4.991
4.997
5.03
5.03
5.045
5.046
5.054
5.056
5.066
5.076
5.079
5.094
5.109
5.109
5.112
5.114
5.122
5.123
5.128
5.134
5.142
5.153
5.158
5.162
5.168
5.178
5.187
5.188
5.202
5.204
5.216
5.234
5.237
5.242
5.265
5.266
5.275
5.277
5.286
5.322
5.322
5.336
5.337
5.338
5.34
5.341
5.352
5.358
5.366
5.374
5.375
5.401
5.403
5.431
5.432
5.455
5.459
5.473
5.482
5.485
5.511
5.526
5.54
5.543
5.554
5.559
5.579
5.598
5.604
5.612
5.644
5.646
5.649
5.651
5.668
5.695
5.699
5.71
5.713
5.728
5.74
5.755
5.762
5.769
5.782
5.782
5.782
5.784
5.787
5.791
5.793
5.81
5.815
5.815
5.816
5.821
5.831
5.834
5.834
5.835
5.836
5.837
5.849
5.855
5.871
5.877
5.881
5.884
5.889
5.891
5.896
5.901
5.908
5.909
5.916
5.924
5.925
5.926
5.927
5.931
5.932
5.94
5.941
5.945
5.948
5.959
5.977
5.982
5.987
5.988
5.992
5.994
5.998
5.998
6.001
6.008
6.01
6.012
6.013
6.015
6.02
6.022
6.022
6.023
6.036
6.039
6.041
6.058
6.065
6.066
6.066
6.08
6.09
6.09
6.09
6.092
6.104
6.109
6.112
6.115
6.115
6.115
6.117
6.131
6.141
6.141
6.145
6.147
6.153
6.154
6.157
6.168
6.185
6.193
6.195
6.197
6.203
6.204
6.213
6.213
6.215
6.216
6.223
6.226
6.234
6.238
6.24
6.244
6.246
6.247
6.255
6.258
6.259
6.26
6.262
6.265
6.286
6.29
6.291
6.307
6.313
6.315
6.32
6.329
6.329
6.333
6.338
6.343
6.346
6.369
6.373
6.381
6.382
6.385
6.391
6.397
6.404
6.406
6.407
6.409
6.41
6.418
6.422
6.427
6.429
6.431
6.436
6.448
6.45
6.457
6.46
6.46
6.464
6.464
6.468
6.469
6.47
6.471
6.475
6.477
6.48
6.48
6.485
6.497
6.501
6.501
6.508
6.509
6.511
6.52
6.528
6.531
6.536
6.543
6.547
6.549
6.555
6.56
6.58
6.59
6.595
6.6
6.602
6.621
6.626
6.627
6.636
6.636
6.638
6.649
6.651
6.652
6.667
6.668
6.673
6.673
6.674
6.675
6.691
6.694
6.698
6.698
6.7
6.701
6.705
6.706
6.714
6.714
6.714
6.715
6.725
6.73
6.731
6.732
6.735
6.739
6.749
6.762
6.774
6.779
6.779
6.781
6.787
6.789
6.789
6.8
6.8
6.805
6.805
6.805
6.814
6.82
6.829
6.854
6.86
6.87
6.885
6.891
6.891
6.904
6.911
6.929
6.932
6.949
6.95
6.973
6.973
6.974
6.977
6.978
6.979
6.996
6.996
6.998
7.011
7.015
7.021
7.031
7.031
7.038
7.039
7.039
7.043
7.062
7.065
7.066
7.068
7.082
7.083
7.086
7.089
7.094
7.112
7.113
7.12
7.148
7.159
7.161
7.166
7.168
7.168
7.172
7.174
7.18
7.18
7.183
7.185
7.186
7.2
7.206
7.209
7.21
7.21
7.23
7.233
7.242
7.244
7.246
7.246
7.254
7.259
7.264
7.266
7.273
7.275
7.295
7.308
7.309
7.314
7.317
7.318
7.319
7.331
7.333
7.334
7.335
7.338
7.343
7.347
7.356
7.365
7.365
7.383
7.395
7.396
7.419
7.42
7.426
7.438
7.453
7.456
7.476
7.477
7.481
7.496
7.498
7.501
7.504
7.513
7.527
7.53
7.54
7.547
7.55
7.556
7.557
7.565
7.582
7.586
7.589
7.589
7.593
7.596
7.597
7.598
7.606
7.608
7.612
7.616
7.618
7.621
7.623
7.625
7.625
7.638
7.645
7.65
7.65
7.65
7.651
7.659
7.66
7.662
7.662
7.663
7.663
7.676
7.681
7.681
7.681
7.693
7.693
7.695
7.705
7.707
7.709
7.732
7.736
7.745
7.76
7.763
7.765
7.769
7.772
7.772
7.774
7.775
7.785
7.789
7.79
7.79
7.791
7.792
7.801
7.801
7.804
7.817
7.817
7.819
7.82
7.829
7.84
7.844
7.847
7.848
7.853
7.854
7.858
7.862
7.866
7.867
7.88
7.882
7.889
7.889
7.891
7.892
7.895
7.896
7.903
7.904
7.908
7.908
7.912
7.913
7.913
7.914
7.926
7.928
7.936
7.937
7.937
7.938
7.939
7.94
7.948
7.96
7.969
7.972
7.972
7.974
7.978
7.986
7.986
7.988
7.992
7.993
8.002
8.004
8.007
8.011
8.011
8.015
8.019
8.021
8.025
8.03
8.03
8.031
8.036
8.037
8.038
8.044
8.046
8.051
8.053
8.058
8.059
8.065
8.067
8.08
8.087
8.088
8.094
8.098
8.099
8.102
8.104
8.106
8.107
8.109
8.11
8.111
8.117
8.121
8.126
8.131
8.131
8.135
8.135
8.136
8.149
8.152
8.153
8.155
8.156
8.164
8.166
8.169
8.17
8.19
8.192
8.194
8.197
8.197
8.197
8.2
8.208
8.215
8.217
8.218
8.219
8.223
8.228
8.228
8.231
8.232
8.241
8.243
8.247
8.259
8.261
8.262
8.262
8.263
8.273
8.278
8.282
8.292
8.294
8.301
8.301
8.302
8.304
8.315
8.317
8.322
8.325
8.333
8.333
8.336
8.342
8.342
8.344
8.35
8.356
8.357
8.371
8.378
8.382
8.389
8.39
8.39
8.392
8.396
8.401
8.404
8.413
8.417
8.426
8.434
8.438
8.443
8.445
8.448
8.453
8.456
8.472
8.486
8.503
8.504
8.507
8.509
8.514
8.515
8.52
8.521
8.524
8.536
8.55
8.552
8.553
8.559
8.563
8.568
8.568
8.573
8.578
8.578
8.579
8.625
8.635
8.636
8.638
8.654
8.664
8.668
8.672
8.687
8.702
8.703
8.707
8.708
8.722
8.736
8.737
8.739
8.743
8.745
8.745
8.753
8.758
8.769
8.773
8.778
8.781
8.795
8.803
8.806
8.812
8.813
8.817
8.833
8.835
8.837
8.849
8.849
8.859
8.861
8.865
8.87
8.872
8.883
8.89
8.896
8.896
8.909
8.915
8.932
8.946
8.955
8.959
8.971
8.979
8.988
8.993
8.996
8.997
9.005
9.007
9.01
9.013
9.021
9.027
9.032
9.033
9.033
9.066
9.078
9.078
9.08
9.084
9.085
9.091
9.092
9.093
9.103
9.105
9.115
9.124
9.129
9.132
9.136
9.138
9.145
9.147
9.154
9.16
9.17
9.187
9.188
9.199
9.206
9.207
9.222
9.25
9.292
9.293
9.296
9.304
9.309
9.316
9.321
9.328
9.341
9.362
9.375
9.378
9.38
9.384
9.397
9.407
9.407
9.413
9.415
9.416
9.427
9.446
9.472
9.472
9.48
9.491
9.495
9.498
9.508
9.512
9.513
9.527
9.547
9.548
9.561
9.57
9.59
9.601
9.606
9.658
9.671
9.69
9.704
9.711
9.737
9.745
9.754
9.755
9.775
9.777
9.783
9.817
9.822
9.836
9.841
9.848
9.877
9.886
9.887
9.892
9.895
9.907
9.949
9.956
9.961
9.972
9.974
9.998
10.012
10.027
10.05
10.056
10.057
10.07
10.081
10.084
10.085
10.091
10.094
10.112
10.122
10.138
10.142
10.169
10.204
10.218
10.223
10.236
10.245
10.247
10.252
10.264
10.266
10.276
10.28
10.281
10.297
10.3
10.312
10.318
10.32
10.331
10.337
10.345
10.347
10.355
10.367
10.372
10.383
10.388
10.389
10.425
10.431
10.464
10.484
10.485
10.499
10.509
10.516
10.518
10.536
10.542
10.546
10.551
10.561
10.576
10.578
10.585
10.603
10.613
10.644
10.647
10.648
10.653
10.722
10.734
10.739
10.753
10.767
10.773
10.778
10.784
10.79
10.797
10.797
10.8
10.801
10.805
10.816
10.827
10.828
10.837
10.846
10.85
10.853
10.86
10.86
10.861
10.863
10.867
10.875
10.881
10.887
10.897
10.897
10.898
10.902
10.905
10.921
10.931
10.942
10.949
10.952
10.955
10.971
11.018
11.036
11.045
11.048
11.051
11.057
11.071
11.075
11.079
11.083
11.086
11.09
11.091
11.093
11.096
11.097
11.099
11.1
11.142
11.162
11.17
11.174
11.176
11.189
11.192
11.194
11.2
11.209
11.218
11.219
11.22
11.221
11.225
11.225
11.228
11.243
11.275
11.281
11.286
11.289
11.292
11.297
11.316
11.323
11.334
11.335
11.342
11.348
11.383
11.383
11.386
11.393
11.399
11.4
11.409
11.415
11.419
11.435
11.442
11.456
11.459
11.471
11.475
11.485
11.485
11.492
11.498
11.5
11.517
11.532
11.532
11.535
11.543
11.56
11.571
11.573
11.601
11.606
11.616
11.628
11.631
11.633
11.651
11.67
11.67
11.672
11.676
11.69
11.694
11.707
11.712
11.718
11.724
11.727
11.732
11.75
11.752
11.77
11.781
11.784
11.787
11.794
11.803
11.822
11.826
11.828
11.851
11.859
11.86
11.862
11.904
11.915
11.917
11.928
11.935
11.942
11.949
11.95
11.955
11.979
11.982
11.984
11.99
11.993
11.994
12.016
12.029
12.036
12.043
12.05
12.06
12.062
12.072
12.088
12.099
12.108
12.122
12.123
12.14
12.141
12.143
12.17
12.186
12.231
12.235
12.244
12.245
12.272
12.28
12.306
12.328
12.329
12.343
12.389
12.403
12.408
12.432
12.475
12.514
12.516
12.531
12.537
12.598
12.638
12.641
12.669
12.67
12.681
12.682
12.708
12.713
12.726
12.845
12.859
12.865
12.902
12.919
13.03
13.047
13.055
13.083
13.11
13.129
13.162
13.162
13.199
13.202
13.203
13.31
13.467
13.487
13.543
13.562
13.66
13.697
14.03
14.051
14.057
14.142
14.321
14.581
14.592
14.683
14.745
14.843
15.073
15.254
15.807
15.808
15.826
16.226
16.475
16.874
17.104
17.143
17.311
17.803
17.863
18.349
19.003
19.059
19.409
