1.57
6.617
6.959
7.076
7.095
7.135
7.244
7.256
7.352
7.365
7.387
7.401
7.437
7.447
7.457
7.51
7.519
7.554
7.591
7.602
7.622
7.63
7.668
7.679
7.73
7.742
7.762
7.765
7.793
7.795
7.806
7.811
7.886
7.89
7.925
7.927
7.947
7.953
7.958
7.959
7.986
7.996
8.023
8.025
8.026
8.042
8.048
8.064
8.082
8.091
8.134
8.136
8.146
8.156
8.184
8.215
8.216
8.226
8.236
8.261
8.264
8.314
8.319
8.332
8.337
8.36
8.365
8.368
8.377
8.4
8.403
8.423
8.428
8.454
8.461
8.474
8.475
8.491
8.493
8.495
8.502
8.505
8.505
8.506
8.507
8.511
8.513
8.516
8.522
8.531
8.536
8.542
8.543
8.545
8.552
8.562
8.576
8.581
8.586
8.594
8.598
8.6
8.601
8.602
8.609
8.614
8.622
8.638
8.648
8.653
8.662
8.669
8.679
8.681
8.683
8.69
8.69
8.712
8.717
8.724
8.726
8.731
8.732
8.734
8.755
8.756
8.76
8.762
8.767
8.769
8.772
8.773
8.78
8.786
8.79
8.792
8.799
8.801
8.802
8.804
8.811
8.82
8.825
8.835
8.855
8.862
8.863
8.878
8.885
8.888
8.89
8.891
8.899
8.921
8.922
8.949
8.953
8.955
8.956
8.961
8.97
8.978
8.998
9.003
9.006
9.019
9.021
9.023
9.027
9.04
9.052
9.053
9.061
9.068
9.07
9.073
9.084
9.086
9.088
9.097
9.097
9.1
9.102
9.103
9.11
9.124
9.129
9.137
9.139
9.14
9.141
9.157
9.164
9.173
9.173
9.177
9.18
9.186
9.188
9.192
9.194
9.199
9.2
9.202
9.207
9.237
9.24
9.243
9.247
9.251
9.264
9.269
9.275
9.275
9.278
9.28
9.281
9.285
9.295
9.302
9.302
9.305
9.324
9.324
9.331
9.346
9.35
9.353
9.361
9.364
9.366
9.371
9.371
9.372
9.38
9.381
9.382
9.386
9.392
9.398
9.404
9.433
9.438
9.439
9.441
9.443
9.445
9.446
9.449
9.462
9.463
9.465
9.47
9.475
9.483
9.486
9.489
9.496
9.499
9.5
9.501
9.513
9.519
9.522
9.523
9.529
9.532
9.533
9.537
9.541
9.542
9.547
9.547
9.558
9.56
9.563
9.576
9.586
9.589
9.59
9.598
9.601
9.606
9.609
9.617
9.623
9.623
9.624
9.627
9.629
9.631
9.638
9.654
9.656
9.656
9.657
9.661
9.668
9.672
9.679
9.681
9.686
9.687
9.687
9.69
9.691
9.692
9.706
9.708
9.725
9.726
9.734
9.737
9.749
9.751
9.751
9.752
9.753
9.758
9.766
9.767
9.768
9.777
9.783
9.784
9.785
9.788
9.788
9.79
9.793
9.796
9.799
9.803
9.807
9.808
9.809
9.812
9.826
9.827
9.828
9.828
9.833
9.834
9.834
9.838
9.84
9.841
9.841
9.846
9.848
9.857
9.857
9.863
9.868
9.871
9.874
9.879
9.884
9.884
9.886
9.889
9.891
9.906
9.909
9.912
9.915
9.917
9.917
9.919
9.92
9.921
9.923
9.937
9.941
9.955
9.957
9.957
9.96
9.96
9.978
9.979
9.982
9.985
9.989
9.99
9.992
9.994
9.999
10.004
10.005
10.006
10.022
10.036
10.04
10.045
10.045
10.047
10.048
10.051
10.052
10.054
10.058
10.059
10.06
10.068
10.075
10.081
10.082
10.082
10.083
10.085
10.085
10.089
10.093
10.098
10.101
10.101
10.102
10.104
10.107
10.108
10.109
10.112
10.115
10.12
10.125
10.127
10.13
10.135
10.138
10.139
10.139
10.14
10.142
10.143
10.149
10.151
10.152
10.152
10.155
10.16
10.172
10.174
10.178
10.18
10.183
10.186
10.186
10.189
10.191
10.192
10.2
10.207
10.211
10.212
10.213
10.225
10.225
10.227
10.229
10.232
10.233
10.234
10.24
10.243
10.251
10.263
10.266
10.276
10.276
10.277
10.278
10.281
10.282
10.284
10.288
10.291
10.293
10.295
10.296
10.297
10.298
10.298
10.299
10.306
10.307
10.307
10.31
10.315
10.316
10.323
10.323
10.324
10.326
10.327
10.338
10.339
10.34
10.344
10.345
10.347
10.353
10.354
10.354
10.358
10.362
10.365
10.367
10.369
10.383
10.387
10.387
10.388
10.389
10.391
10.392
10.394
10.396
10.4
10.402
10.403
10.404
10.408
10.408
10.409
10.412
10.413
10.414
10.415
10.415
10.416
10.424
10.427
10.427
10.432
10.434
10.434
10.437
10.443
10.445
10.451
10.452
10.453
10.455
10.457
10.458
10.459
10.461
10.462
10.468
10.47
10.47
10.476
10.477
10.477
10.477
10.478
10.48
10.485
10.487
10.495
10.496
10.498
10.499
10.504
10.506
10.514
10.516
10.521
10.522
10.531
10.532
10.533
10.534
10.54
10.541
10.541
10.541
10.544
10.551
10.551
10.553
10.555
10.558
10.562
10.568
10.579
10.58
10.58
10.581
10.584
10.585
10.59
10.59
10.592
10.603
10.603
10.605
10.61
10.612
10.616
10.619
10.625
10.626
10.63
10.632
10.634
10.64
10.642
10.645
10.659
10.662
10.669
10.672
10.672
10.676
10.677
10.681
10.687
10.689
10.69
10.694
10.695
10.696
10.705
10.705
10.707
10.707
10.711
10.712
10.713
10.715
10.717
10.72
10.725
10.73
10.747
10.75
10.75
10.752
10.754
10.754
10.755
10.757
10.759
10.759
10.761
10.77
10.778
10.788
10.79
10.791
10.791
10.791
10.792
10.792
10.794
10.796
10.796
10.798
10.801
10.803
10.806
10.808
10.81
10.815
10.816
10.824
10.825
10.828
10.834
10.834
10.835
10.839
10.842
10.843
10.844
10.848
10.849
10.851
10.856
10.861
10.863
10.864
10.865
10.87
10.874
10.874
10.885
10.886
10.895
10.898
10.907
10.916
10.917
10.919
10.919
10.919
10.928
10.932
10.941
10.941
10.941
10.944
10.944
10.945
10.947
10.949
10.951
10.953
10.953
10.955
10.957
10.96
10.962
10.965
10.965
10.965
10.968
10.976
10.98
10.982
10.983
10.986
10.986
10.988
10.988
10.99
10.994
10.994
10.996
10.996
10.996
10.997
11.004
11.013
11.023
11.026
11.027
11.027
11.038
11.045
11.047
11.051
11.055
11.057
11.06
11.065
11.068
11.069
11.071
11.075
11.083
11.085
11.087
11.092
11.092
11.093
11.103
11.108
11.109
11.111
11.113
11.113
11.118
11.128
11.131
11.138
11.141
11.143
11.147
11.157
11.166
11.167
11.176
11.179
11.185
11.188
11.191
11.192
11.203
11.205
11.205
11.205
11.211
11.212
11.213
11.213
11.215
11.219
11.219
11.221
11.225
11.232
11.239
11.241
11.241
11.248
11.255
11.256
11.258
11.263
11.267
11.271
11.275
11.28
11.291
11.295
11.302
11.309
11.31
11.31
11.312
11.313
11.313
11.317
11.322
11.329
11.332
11.34
11.342
11.342
11.344
11.344
11.353
11.353
11.355
11.356
11.359
11.361
11.369
11.372
11.381
11.39
11.403
11.407
11.412
11.414
11.417
11.42
11.425
11.425
11.437
11.441
11.447
11.45
11.452
11.462
11.469
11.472
11.474
11.477
11.481
11.484
11.491
11.5
11.501
11.506
11.506
11.507
11.507
11.508
11.515
11.522
11.53
11.532
11.534
11.539
11.54
11.541
11.543
11.544
11.548
11.55
11.551
11.555
11.558
11.562
11.563
11.565
11.568
11.568
11.574
11.578
11.59
11.592
11.594
11.598
11.6
11.608
11.608
11.608
11.609
11.611
11.611
11.614
11.617
11.624
11.628
11.632
11.64
11.64
11.641
11.645
11.647
11.647
11.651
11.652
11.658
11.66
11.674
11.676
11.68
11.682
11.698
11.702
11.71
11.718
11.723
11.728
11.73
11.74
11.756
11.765
11.776
11.778
11.783
11.787
11.788
11.797
11.801
11.804
11.816
11.818
11.821
11.821
11.835
11.844
11.847
11.848
11.848
11.852
11.852
11.86
11.86
11.86
11.865
11.868
11.888
11.895
11.898
11.901
11.902
11.902
11.905
11.906
11.909
11.91
11.91
11.914
11.916
11.923
11.926
11.926
11.927
11.931
11.935
11.942
11.942
11.943
11.944
11.955
11.959
11.968
11.969
11.97
11.971
11.971
11.972
11.974
11.978
11.984
11.991
11.996
12.002
12.011
12.013
12.014
12.025
12.025
12.027
12.046
12.046
12.052
12.053
12.054
12.055
12.057
12.061
12.062
12.062
12.063
12.067
12.074
12.075
12.077
12.077
12.087
12.095
12.1
12.108
12.109
12.109
12.111
12.112
12.112
12.117
12.118
12.121
12.126
12.126
12.13
12.131
12.134
12.135
12.145
12.149
12.156
12.161
12.162
12.17
12.172
12.18
12.183
12.183
12.184
12.185
12.189
12.194
12.199
12.202
12.207
12.213
12.216
12.217
12.219
12.22
12.222
12.223
12.224
12.226
12.227
12.23
12.232
12.235
12.236
12.237
12.247
12.255
12.263
12.264
12.265
12.265
12.267
12.269
12.271
12.279
12.284
12.286
12.298
12.302
12.305
12.31
12.311
12.316
12.32
12.325
12.326
12.332
12.338
12.345
12.346
12.348
12.348
12.349
12.352
12.352
12.358
12.362
12.363
12.367
12.367
12.37
12.371
12.374
12.375
12.381
12.381
12.386
12.391
12.391
12.397
12.397
12.419
12.42
12.425
12.426
12.432
12.433
12.44
12.446
12.458
12.458
12.46
12.464
12.465
12.469
12.472
12.48
12.481
12.483
12.485
12.489
12.492
12.495
12.503
12.51
12.511
12.514
12.519
12.522
12.525
12.528
12.529
12.53
12.53
12.535
12.537
12.538
12.546
12.551
12.551
12.553
12.561
12.568
12.57
12.571
12.573
12.573
12.577
12.586
12.587
12.596
12.598
12.602
12.605
12.609
12.61
12.611
12.611
12.612
12.614
12.614
12.615
12.619
12.619
12.62
12.621
12.622
12.622
12.623
12.626
12.626
12.632
12.636
12.639
12.642
12.647
12.648
12.648
12.649
12.649
12.656
12.662
12.664
12.668
12.668
12.682
12.683
12.684
12.693
12.693
12.697
12.7
12.7
12.705
12.707
12.707
12.708
12.71
12.713
12.714
12.716
12.719
12.721
12.726
12.73
12.731
12.732
12.746
12.747
12.751
12.753
12.76
12.762
12.769
12.77
12.779
12.78
12.784
12.787
12.796
12.8
12.802
12.803
12.814
12.815
12.821
12.821
12.822
12.825
12.826
12.827
12.829
12.831
12.834
12.836
12.84
12.842
12.843
12.846
12.847
12.848
12.855
12.855
12.855
12.861
12.863
12.863
12.864
12.864
12.875
12.875
12.88
12.886
12.887
12.893
12.894
12.897
12.898
12.898
12.899
12.912
12.915
12.922
12.924
12.924
12.925
12.926
12.927
12.929
12.93
12.937
12.94
12.94
12.941
12.942
12.946
12.946
12.947
12.947
12.952
12.956
12.964
12.971
12.977
12.979
12.987
12.987
12.99
12.99
12.991
12.991
13.005
13.012
13.013
13.016
13.016
13.018
13.026
13.03
13.032
13.035
13.039
13.042
13.049
13.053
13.056
13.061
13.062
13.073
13.078
13.078
13.086
13.087
13.091
13.097
13.097
13.098
13.099
13.101
13.105
13.106
13.106
13.107
13.109
13.113
13.117
13.117
13.124
13.124
13.135
13.137
13.145
13.154
13.158
13.159
13.173
13.174
13.186
13.191
13.195
13.204
13.204
13.207
13.215
13.215
13.222
13.226
13.228
13.23
13.236
13.245
13.256
13.263
13.264
13.265
13.269
13.274
13.276
13.276
13.278
13.279
13.282
13.284
13.288
13.29
13.291
13.295
13.303
13.307
13.321
13.337
13.341
13.343
13.345
13.353
13.354
13.363
13.365
13.37
13.376
13.377
13.383
13.388
13.39
13.39
13.392
13.402
13.404
13.408
13.408
13.417
13.433
13.435
13.436
13.444
13.449
13.449
13.45
13.453
13.455
13.457
13.465
13.465
13.474
13.477
13.487
13.49
13.491
13.493
13.5
13.507
13.508
13.51
13.522
13.525
13.526
13.532
13.549
13.55
13.558
13.568
13.573
13.58
13.581
13.582
13.583
13.583
13.584
13.586
13.587
13.588
13.59
13.591
13.605
13.608
13.608
13.609
13.611
13.62
13.62
13.621
13.626
13.633
13.639
13.655
13.659
13.662
13.663
13.665
13.667
13.675
13.678
13.688
13.694
13.696
13.698
13.712
13.712
13.714
13.723
13.723
13.724
13.725
13.731
13.732
13.742
13.749
13.753
13.76
13.768
13.773
13.773
13.782
13.793
13.796
13.808
13.813
13.814
13.821
13.825
13.827
13.83
13.833
13.836
13.868
13.873
13.888
13.89
13.898
13.899
13.906
13.91
13.913
13.915
13.918
13.928
13.93
13.932
13.946
13.956
13.956
13.962
13.97
13.97
13.974
13.974
13.981
13.985
13.986
13.989
13.993
13.995
14
14.004
14.012
14.017
14.022
14.024
14.026
14.027
14.036
14.041
14.044
14.045
14.051
14.055
14.056
14.066
14.073
14.073
14.091
14.107
14.113
14.115
14.12
14.126
14.13
14.131
14.134
14.136
14.14
14.157
14.165
14.172
14.186
14.19
14.196
14.197
14.201
14.202
14.213
14.215
14.216
14.216
14.22
14.23
14.233
14.246
14.246
14.247
14.248
14.259
14.259
14.272
14.275
14.281
14.291
14.294
14.296
14.322
14.33
14.335
14.348
14.351
14.357
14.362
14.375
14.376
14.381
14.383
14.385
14.395
14.403
14.407
14.413
14.419
14.427
14.431
14.437
14.445
14.448
14.45
14.451
14.454
14.468
14.469
14.47
14.472
14.49
14.527
14.553
14.554
14.559
14.573
14.579
14.581
14.586
14.586
14.591
14.599
14.604
14.622
14.624
14.629
14.635
14.64
14.642
14.647
14.651
14.669
14.678
14.679
14.688
14.694
14.708
14.714
14.721
14.754
14.76
14.767
14.771
14.78
14.792
14.801
14.811
14.813
14.817
14.817
14.818
14.824
14.825
14.825
14.826
14.829
14.842
14.871
14.872
14.88
14.881
14.883
14.89
14.899
14.899
14.909
14.91
14.911
14.914
14.919
14.94
14.946
14.95
14.951
14.958
14.96
14.964
14.969
14.975
14.978
14.979
14.982
14.983
14.984
14.985
14.995
15.001
15.006
15.008
15.01
15.02
15.023
15.026
15.03
15.03
15.039
15.04
15.042
15.046
15.047
15.061
15.063
15.086
15.086
15.089
15.097
15.101
15.102
15.105
15.107
15.111
15.112
15.127
15.131
15.156
15.158
15.163
15.168
15.183
15.183
15.185
15.197
15.199
15.201
15.202
15.229
15.233
15.24
15.24
15.243
15.243
15.247
15.25
15.252
15.254
15.254
15.255
15.256
15.268
15.276
15.288
15.291
15.296
15.299
15.3
15.305
15.32
15.321
15.331
15.333
15.34
15.346
15.348
15.353
15.367
15.372
15.375
15.376
15.386
15.389
15.4
15.411
15.413
15.418
15.423
15.425
15.426
15.427
15.439
15.443
15.449
15.451
15.459
15.465
15.468
15.471
15.49
15.493
15.496
15.501
15.502
15.514
15.524
15.531
15.548
15.55
15.55
15.557
15.558
15.574
15.588
15.59
15.594
15.6
15.601
15.605
15.614
15.624
15.627
15.637
15.637
15.643
15.646
15.658
15.662
15.663
15.664
15.671
15.673
15.677
15.678
15.686
15.688
15.688
15.69
15.691
15.692
15.703
15.705
15.707
15.709
15.715
15.715
15.716
15.716
15.716
15.738
15.756
15.792
15.793
15.796
15.797
15.8
15.804
15.81
15.818
15.823
15.828
15.829
15.836
15.848
15.858
15.862
15.866
15.866
15.871
15.882
15.887
15.889
15.902
15.903
15.911
15.912
15.914
15.919
15.923
15.935
15.938
15.94
15.947
15.954
15.964
15.965
15.968
15.968
15.969
15.982
15.99
15.994
16.004
16.016
16.018
16.027
16.029
16.03
16.036
16.051
16.063
16.063
16.073
16.075
16.076
16.076
16.085
16.086
16.088
16.099
16.11
16.111
16.119
16.132
16.142
16.156
16.158
16.16
16.201
16.204
16.209
16.214
16.215
16.219
16.222
16.241
16.248
16.259
16.261
16.263
16.268
16.281
16.292
16.294
16.295
16.304
16.314
16.315
16.322
16.329
16.347
16.357
16.36
16.367
16.375
16.378
16.386
16.387
16.392
16.396
16.406
16.448
16.456
16.457
16.465
16.475
16.489
16.491
16.493
16.498
16.505
16.521
16.529
16.531
16.531
16.542
16.543
16.544
16.546
16.552
16.555
16.568
16.572
16.58
16.595
16.596
16.597
16.616
16.647
16.647
16.65
16.655
16.66
16.664
16.664
16.671
16.691
16.697
16.708
16.718
16.735
16.749
16.752
16.783
16.803
16.805
16.807
16.819
16.823
16.831
16.84
16.843
16.846
16.851
16.864
16.865
16.881
16.887
16.891
16.896
16.9
16.91
16.914
16.916
16.924
16.93
16.948
16.956
16.958
16.96
16.971
16.971
16.972
16.977
16.979
16.985
16.994
16.997
16.998
16.999
17
17.002
17.004
17.012
17.013
17.022
17.032
17.034
17.036
17.044
17.047
17.064
17.071
17.073
17.074
17.078
17.079
17.085
17.103
17.104
17.111
17.112
17.113
17.128
17.128
17.129
17.14
17.159
17.163
17.188
17.197
17.204
17.21
17.212
17.224
17.225
17.225
17.233
17.236
17.242
17.246
17.253
17.258
17.275
17.275
17.28
17.306
17.306
17.312
17.316
17.321
17.326
17.337
17.345
17.348
17.36
17.363
17.369
17.378
17.387
17.388
17.391
17.396
17.428
17.445
17.452
17.458
17.46
17.461
17.475
17.494
17.511
17.536
17.541
17.543
17.545
17.565
17.569
17.571
17.572
17.579
17.585
17.589
17.591
17.592
17.597
17.608
17.608
17.615
17.622
17.63
17.635
17.642
17.651
17.658
17.683
17.695
17.724
17.726
17.734
17.739
17.75
17.754
17.77
17.788
17.793
17.819
17.819
17.821
17.839
17.848
17.855
17.865
17.873
17.874
17.884
17.884
17.894
17.895
17.904
17.925
17.933
17.943
17.95
17.957
17.963
17.966
17.97
17.992
17.992
17.993
18.023
18.028
18.028
18.066
18.083
18.085
18.108
18.11
18.117
18.128
18.135
18.146
18.155
18.162
18.167
18.178
18.183
18.204
18.206
18.223
18.226
18.228
18.232
18.238
18.259
18.268
18.27
18.27
18.302
18.317
18.317
18.343
18.347
18.35
18.359
18.376
18.392
18.402
18.403
18.429
18.437
18.456
18.471
18.481
18.497
18.504
18.519
18.521
18.521
18.548
18.558
18.563
18.571
18.572
18.584
18.592
18.595
18.622
18.632
18.638
18.658
18.681
18.696
18.701
18.706
18.707
18.71
18.758
18.795
18.799
18.801
18.805
18.823
18.824
18.844
18.853
18.866
18.867
18.87
18.882
18.908
18.914
18.916
18.931
18.935
18.942
18.943
18.944
18.964
18.979
18.991
18.994
18.995
18.998
19.007
19.022
19.026
19.049
19.055
19.066
19.075
19.09
19.092
19.145
19.182
19.225
19.23
19.244
19.259
19.259
19.268
19.273
19.323
19.326
19.334
19.335
19.338
19.343
19.35
19.377
19.377
19.387
19.391
19.392
19.415
19.417
19.423
19.469
19.473
19.473
19.478
19.478
19.484
19.492
19.506
19.518
19.552
19.565
19.582
19.586
19.59
19.596
19.653
19.672
19.68
19.687
19.697
19.718
19.732
19.759
19.785
19.787
19.812
19.813
19.831
19.848
19.876
19.92
19.93
19.936
19.958
19.968
19.99
19.995
20.007
20.039
20.051
20.062
20.094
20.137
20.173
20.192
20.22
20.222
20.241
20.26
20.264
20.267
20.272
20.281
20.299
20.334
20.362
20.386
20.428
20.455
20.46
20.503
20.569
20.601
20.634
20.691
20.712
20.723
20.748
20.75
20.754
20.763
20.811
20.829
20.842
20.848
20.865
20.878
20.897
20.907
20.937
20.983
21.031
21.051
21.081
21.109
21.118
21.127
21.148
21.16
21.217
21.233
21.241
21.272
21.293
21.3
21.321
21.351
21.374
21.39
21.429
21.502
21.538
21.595
21.61
21.676
21.678
21.705
21.729
21.761
21.769
21.791
21.846
21.847
21.851
21.87
21.91
21.94
21.982
21.999
22.005
22.022
22.025
22.106
22.123
22.219
22.234
22.236
22.248
22.287
22.292
22.309
22.338
22.368
22.376
22.377
22.441
22.508
22.526
22.587
22.656
22.683
22.691
22.777
22.786
22.996
23.081
23.114
23.123
23.23
23.255
23.282
23.439
23.456
23.457
23.463
23.488
23.518
23.584
23.609
23.688
23.72
23.765
23.771
23.895
23.924
23.977
24.128
24.212
24.241
24.304
24.345
24.347
24.445
24.572
24.623
24.855
24.923
25.234
25.414
25.62
25.646
25.697
25.758
25.81
25.872
25.978
26.068
26.069
26.117
26.122
26.197
26.202
26.229
26.285
26.326
26.367
26.494
26.56
26.593
26.638
26.68
26.708
26.75
26.759
26.797
26.873
26.89
26.972
26.974
27.003
27.091
27.122
27.248
27.292
27.506
27.545
27.766
27.772
27.856
27.864
28.087
28.143
28.198
28.586
29.095
29.127
29.7
29.842
30.408
30.409
31.009
32.149
33.587
