1.04
6.67
6.793
6.975
6.985
7.059
7.255
7.263
7.301
7.318
7.408
7.444
7.524
7.551
7.61
7.69
7.712
7.713
7.714
7.718
7.738
7.758
7.76
7.791
7.793
7.796
7.8
7.833
7.842
7.862
7.864
7.897
7.917
7.935
7.949
8.003
8.012
8.045
8.071
8.072
8.082
8.083
8.09
8.102
8.126
8.151
8.181
8.192
8.219
8.229
8.249
8.261
8.287
8.296
8.296
8.304
8.32
8.32
8.322
8.322
8.327
8.33
8.354
8.375
8.378
8.378
8.392
8.397
8.41
8.415
8.43
8.438
8.466
8.471
8.484
8.498
8.501
8.503
8.507
8.51
8.514
8.521
8.523
8.543
8.544
8.545
8.549
8.551
8.586
8.591
8.603
8.605
8.606
8.618
8.633
8.634
8.66
8.661
8.678
8.681
8.691
8.699
8.705
8.706
8.709
8.711
8.717
8.722
8.733
8.738
8.739
8.739
8.752
8.755
8.766
8.772
8.78
8.782
8.784
8.787
8.805
8.806
8.824
8.831
8.833
8.85
8.851
8.862
8.863
8.87
8.873
8.887
8.899
8.903
8.907
8.907
8.915
8.918
8.919
8.923
8.923
8.923
8.927
8.952
8.953
8.957
8.96
8.973
8.981
8.986
8.987
8.991
8.998
9.001
9.003
9.009
9.013
9.018
9.021
9.03
9.048
9.06
9.061
9.084
9.093
9.096
9.099
9.108
9.118
9.119
9.125
9.155
9.156
9.159
9.161
9.162
9.187
9.189
9.193
9.199
9.199
9.213
9.218
9.218
9.221
9.222
9.225
9.229
9.23
9.231
9.232
9.233
9.246
9.248
9.248
9.251
9.255
9.26
9.267
9.268
9.269
9.275
9.277
9.277
9.278
9.279
9.291
9.293
9.294
9.3
9.308
9.31
9.317
9.321
9.33
9.331
9.336
9.337
9.338
9.35
9.357
9.36
9.361
9.365
9.369
9.381
9.383
9.392
9.394
9.395
9.397
9.402
9.423
9.439
9.446
9.446
9.449
9.455
9.455
9.466
9.473
9.48
9.481
9.482
9.483
9.485
9.487
9.496
9.498
9.505
9.507
9.51
9.529
9.538
9.539
9.54
9.552
9.555
9.564
9.566
9.569
9.573
9.58
9.583
9.586
9.593
9.596
9.6
9.604
9.61
9.612
9.613
9.618
9.62
9.635
9.643
9.645
9.646
9.648
9.649
9.653
9.66
9.662
9.662
9.665
9.666
9.668
9.671
9.673
9.682
9.692
9.694
9.694
9.706
9.706
9.709
9.71
9.716
9.72
9.721
9.724
9.728
9.742
9.745
9.747
9.749
9.772
9.774
9.781
9.783
9.789
9.789
9.792
9.798
9.808
9.81
9.81
9.816
9.818
9.821
9.824
9.828
9.832
9.837
9.84
9.843
9.844
9.844
9.85
9.851
9.854
9.855
9.857
9.857
9.866
9.869
9.87
9.872
9.874
9.878
9.883
9.883
9.889
9.891
9.896
9.897
9.897
9.9
9.902
9.903
9.905
9.913
9.915
9.919
9.922
9.922
9.923
9.928
9.933
9.938
9.944
9.945
9.948
9.953
9.954
9.964
9.966
9.972
9.973
9.977
9.984
9.987
9.994
10
10
10.001
10.004
10.011
10.013
10.013
10.013
10.016
10.023
10.025
10.03
10.034
10.036
10.039
10.041
10.044
10.046
10.047
10.054
10.055
10.056
10.059
10.064
10.065
10.071
10.083
10.089
10.093
10.094
10.095
10.096
10.097
10.108
10.108
10.111
10.111
10.117
10.12
10.121
10.123
10.129
10.131
10.133
10.138
10.141
10.143
10.143
10.146
10.146
10.158
10.16
10.163
10.17
10.171
10.173
10.178
10.185
10.188
10.19
10.21
10.211
10.215
10.215
10.226
10.234
10.235
10.237
10.237
10.242
10.246
10.253
10.259
10.266
10.269
10.269
10.272
10.273
10.281
10.283
10.286
10.288
10.296
10.299
10.299
10.3
10.302
10.307
10.314
10.315
10.316
10.317
10.32
10.323
10.327
10.327
10.327
10.334
10.337
10.338
10.34
10.341
10.346
10.352
10.353
10.353
10.355
10.356
10.357
10.36
10.36
10.362
10.363
10.363
10.367
10.375
10.376
10.38
10.38
10.385
10.403
10.407
10.414
10.421
10.422
10.427
10.428
10.436
10.438
10.439
10.44
10.442
10.446
10.448
10.463
10.467
10.468
10.468
10.47
10.471
10.473
10.475
10.48
10.481
10.483
10.484
10.489
10.489
10.491
10.511
10.526
10.528
10.53
10.532
10.533
10.537
10.538
10.542
10.542
10.543
10.549
10.551
10.551
10.556
10.557
10.562
10.563
10.565
10.574
10.574
10.576
10.581
10.581
10.583
10.583
10.587
10.589
10.593
10.594
10.594
10.601
10.603
10.603
10.603
10.608
10.609
10.62
10.623
10.623
10.626
10.627
10.628
10.629
10.63
10.632
10.633
10.635
10.636
10.641
10.647
10.648
10.651
10.654
10.656
10.656
10.659
10.66
10.667
10.672
10.672
10.678
10.681
10.683
10.685
10.685
10.692
10.7
10.7
10.702
10.703
10.706
10.711
10.713
10.715
10.717
10.72
10.722
10.741
10.745
10.747
10.752
10.754
10.757
10.76
10.76
10.763
10.763
10.765
10.765
10.767
10.767
10.768
10.775
10.788
10.791
10.793
10.799
10.799
10.804
10.805
10.809
10.81
10.817
10.825
10.828
10.843
10.844
10.851
10.858
10.859
10.86
10.862
10.867
10.878
10.893
10.894
10.895
10.906
10.911
10.915
10.916
10.923
10.928
10.932
10.932
10.934
10.943
10.946
10.957
10.958
10.961
10.962
10.962
10.97
10.972
10.974
10.974
10.975
10.981
10.985
10.989
10.995
11.008
11.01
11.01
11.012
11.013
11.028
11.031
11.031
11.031
11.036
11.036
11.04
11.051
11.052
11.069
11.072
11.074
11.075
11.077
11.079
11.08
11.083
11.089
11.095
11.099
11.099
11.104
11.111
11.112
11.112
11.115
11.116
11.119
11.121
11.126
11.126
11.128
11.133
11.138
11.145
11.146
11.146
11.146
11.149
11.15
11.152
11.152
11.155
11.157
11.159
11.162
11.167
11.169
11.171
11.172
11.179
11.182
11.184
11.185
11.186
11.186
11.188
11.188
11.2
11.2
11.207
11.215
11.224
11.235
11.236
11.236
11.237
11.239
11.241
11.242
11.242
11.245
11.248
11.25
11.256
11.259
11.259
11.262
11.263
11.266
11.274
11.282
11.283
11.283
11.283
11.284
11.29
11.292
11.292
11.293
11.298
11.299
11.3
11.3
11.32
11.326
11.331
11.339
11.34
11.341
11.344
11.349
11.354
11.359
11.361
11.363
11.366
11.367
11.368
11.373
11.376
11.376
11.383
11.384
11.387
11.388
11.391
11.391
11.395
11.396
11.405
11.415
11.417
11.42
11.42
11.421
11.424
11.427
11.427
11.429
11.43
11.433
11.434
11.439
11.441
11.445
11.448
11.451
11.451
11.453
11.461
11.461
11.462
11.462
11.463
11.472
11.479
11.482
11.483
11.491
11.493
11.496
11.499
11.499
11.505
11.505
11.507
11.51
11.511
11.515
11.519
11.527
11.528
11.529
11.534
11.535
11.544
11.545
11.552
11.561
11.566
11.566
11.571
11.572
11.572
11.574
11.577
11.578
11.582
11.593
11.596
11.597
11.599
11.599
11.601
11.603
11.605
11.606
11.615
11.621
11.621
11.629
11.63
11.632
11.637
11.639
11.64
11.641
11.642
11.643
11.647
11.647
11.65
11.658
11.659
11.66
11.667
11.678
11.683
11.69
11.691
11.701
11.707
11.712
11.715
11.731
11.734
11.734
11.736
11.742
11.748
11.759
11.76
11.763
11.765
11.774
11.776
11.789
11.79
11.794
11.795
11.797
11.801
11.802
11.808
11.814
11.817
11.818
11.822
11.822
11.826
11.826
11.836
11.848
11.853
11.865
11.867
11.873
11.875
11.878
11.882
11.882
11.89
11.898
11.901
11.902
11.906
11.917
11.92
11.922
11.922
11.922
11.927
11.937
11.937
11.938
11.939
11.94
11.942
11.948
11.948
11.955
11.959
11.964
11.965
11.965
11.97
11.978
11.982
12.001
12.007
12.008
12.012
12.013
12.016
12.019
12.021
12.035
12.042
12.042
12.046
12.053
12.059
12.059
12.059
12.06
12.072
12.074
12.079
12.079
12.082
12.087
12.098
12.101
12.104
12.108
12.115
12.118
12.122
12.132
12.132
12.135
12.136
12.137
12.137
12.138
12.139
12.148
12.149
12.15
12.156
12.157
12.159
12.168
12.169
12.172
12.175
12.18
12.182
12.184
12.184
12.189
12.189
12.191
12.195
12.196
12.196
12.199
12.202
12.203
12.212
12.213
12.215
12.216
12.217
12.222
12.222
12.224
12.224
12.226
12.229
12.236
12.237
12.237
12.241
12.241
12.251
12.256
12.259
12.264
12.268
12.273
12.279
12.282
12.283
12.289
12.29
12.293
12.317
12.32
12.322
12.323
12.325
12.326
12.333
12.335
12.337
12.341
12.344
12.345
12.35
12.351
12.353
12.353
12.357
12.36
12.361
12.363
12.364
12.365
12.368
12.369
12.371
12.371
12.375
12.377
12.381
12.383
12.384
12.385
12.385
12.385
12.401
12.41
12.414
12.418
12.42
12.423
12.425
12.427
12.43
12.435
12.435
12.437
12.44
12.444
12.45
12.451
12.453
12.456
12.462
12.463
12.468
12.47
12.47
12.481
12.485
12.485
12.485
12.487
12.489
12.496
12.498
12.498
12.498
12.499
12.499
12.504
12.509
12.51
12.518
12.52
12.52
12.524
12.524
12.525
12.527
12.527
12.531
12.533
12.537
12.537
12.544
12.548
12.548
12.549
12.55
12.551
12.553
12.553
12.557
12.56
12.563
12.571
12.571
12.572
12.578
12.584
12.589
12.594
12.598
12.599
12.6
12.603
12.614
12.615
12.619
12.622
12.631
12.633
12.638
12.644
12.648
12.648
12.652
12.653
12.655
12.655
12.658
12.663
12.664
12.667
12.669
12.676
12.678
12.678
12.684
12.687
12.688
12.701
12.702
12.708
12.709
12.712
12.714
12.715
12.715
12.726
12.728
12.729
12.74
12.741
12.742
12.744
12.748
12.749
12.75
12.754
12.754
12.755
12.756
12.759
12.764
12.765
12.767
12.768
12.769
12.774
12.774
12.777
12.777
12.778
12.784
12.784
12.786
12.788
12.791
12.793
12.794
12.797
12.799
12.799
12.813
12.82
12.833
12.834
12.837
12.843
12.845
12.85
12.852
12.852
12.854
12.855
12.857
12.859
12.863
12.866
12.87
12.87
12.871
12.871
12.871
12.874
12.877
12.877
12.883
12.892
12.903
12.905
12.91
12.913
12.919
12.925
12.928
12.929
12.939
12.944
12.947
12.95
12.953
12.954
12.955
12.962
12.963
12.965
12.966
12.968
12.97
12.971
12.977
12.978
12.981
12.982
12.982
12.985
12.986
12.987
12.993
12.996
13
13.009
13.01
13.014
13.019
13.022
13.022
13.026
13.027
13.029
13.034
13.041
13.051
13.053
13.056
13.06
13.061
13.063
13.064
13.074
13.074
13.075
13.084
13.086
13.091
13.092
13.092
13.092
13.095
13.099
13.104
13.104
13.109
13.109
13.115
13.116
13.119
13.119
13.12
13.121
13.124
13.125
13.127
13.128
13.129
13.13
13.13
13.138
13.15
13.15
13.157
13.16
13.167
13.173
13.173
13.174
13.177
13.178
13.182
13.182
13.183
13.19
13.192
13.202
13.203
13.213
13.217
13.229
13.234
13.238
13.246
13.25
13.255
13.261
13.276
13.277
13.278
13.279
13.285
13.288
13.291
13.295
13.297
13.298
13.299
13.302
13.309
13.31
13.319
13.32
13.326
13.337
13.344
13.345
13.354
13.356
13.36
13.361
13.363
13.371
13.376
13.379
13.386
13.395
13.395
13.402
13.41
13.415
13.417
13.417
13.417
13.422
13.423
13.426
13.433
13.433
13.436
13.448
13.451
13.451
13.452
13.456
13.457
13.48
13.482
13.484
13.486
13.489
13.489
13.492
13.493
13.493
13.498
13.501
13.519
13.532
13.54
13.542
13.551
13.566
13.573
13.573
13.582
13.586
13.6
13.605
13.612
13.612
13.614
13.617
13.619
13.62
13.625
13.639
13.642
13.643
13.654
13.658
13.67
13.699
13.71
13.716
13.717
13.721
13.722
13.726
13.731
13.734
13.737
13.744
13.746
13.746
13.753
13.758
13.761
13.776
13.779
13.78
13.786
13.787
13.793
13.799
13.801
13.811
13.824
13.838
13.851
13.856
13.858
13.859
13.859
13.86
13.862
13.863
13.866
13.867
13.88
13.886
13.887
13.899
13.9
13.907
13.914
13.914
13.916
13.924
13.928
13.929
13.931
13.939
13.94
13.941
13.974
13.988
13.988
14.003
14.007
14.01
14.013
14.013
14.019
14.022
14.025
14.028
14.029
14.03
14.036
14.058
14.058
14.059
14.062
14.071
14.074
14.076
14.08
14.087
14.095
14.111
14.112
14.12
14.135
14.137
14.148
14.159
14.164
14.166
14.173
14.179
14.186
14.189
14.189
14.192
14.193
14.195
14.211
14.213
14.221
14.225
14.237
14.238
14.239
14.244
14.246
14.251
14.261
14.264
14.267
14.277
14.278
14.283
14.286
14.293
14.295
14.295
14.304
14.306
14.306
14.309
14.311
14.32
14.327
14.328
14.329
14.332
14.332
14.337
14.34
14.344
14.349
14.349
14.354
14.364
14.366
14.376
14.387
14.396
14.402
14.406
14.414
14.421
14.422
14.425
14.431
14.436
14.437
14.446
14.447
14.454
14.458
14.464
14.465
14.477
14.478
14.483
14.488
14.49
14.494
14.494
14.495
14.499
14.509
14.52
14.52
14.535
14.537
14.542
14.545
14.548
14.549
14.553
14.556
14.563
14.563
14.568
14.569
14.57
14.579
14.58
14.581
14.585
14.592
14.594
14.599
14.601
14.613
14.626
14.628
14.629
14.633
14.641
14.645
14.649
14.65
14.652
14.654
14.659
14.661
14.662
14.663
14.671
14.673
14.673
14.686
14.687
14.69
14.694
14.696
14.705
14.707
14.711
14.714
14.714
14.717
14.725
14.742
14.749
14.75
14.75
14.753
14.757
14.757
14.764
14.766
14.77
14.773
14.777
14.778
14.779
14.781
14.784
14.789
14.793
14.801
14.802
14.804
14.804
14.812
14.82
14.828
14.829
14.83
14.84
14.842
14.845
14.85
14.851
14.856
14.857
14.859
14.862
14.865
14.866
14.874
14.875
14.893
14.894
14.9
14.902
14.906
14.907
14.914
14.919
14.931
14.94
14.941
14.941
14.95
14.957
14.982
14.994
14.995
14.995
14.998
15.009
15.01
15.018
15.021
15.025
15.028
15.029
15.032
15.033
15.041
15.05
15.053
15.08
15.085
15.104
15.115
15.117
15.123
15.126
15.129
15.13
15.132
15.143
15.143
15.146
15.156
15.18
15.186
15.188
15.189
15.192
15.194
15.2
15.203
15.204
15.222
15.228
15.228
15.235
15.24
15.241
15.255
15.264
15.269
15.295
15.295
15.297
15.299
15.306
15.309
15.309
15.314
15.319
15.324
15.326
15.326
15.327
15.332
15.335
15.341
15.352
15.361
15.369
15.373
15.375
15.384
15.386
15.392
15.395
15.398
15.399
15.404
15.415
15.416
15.433
15.454
15.458
15.46
15.461
15.47
15.471
15.473
15.478
15.488
15.49
15.491
15.496
15.498
15.502
15.502
15.504
15.512
15.524
15.527
15.527
15.528
15.529
15.538
15.545
15.547
15.548
15.549
15.552
15.56
15.565
15.575
15.58
15.586
15.586
15.593
15.595
15.599
15.604
15.607
15.609
15.618
15.619
15.624
15.624
15.632
15.634
15.636
15.637
15.639
15.64
15.648
15.671
15.683
15.687
15.69
15.692
15.694
15.706
15.71
15.717
15.718
15.729
15.734
15.738
15.74
15.74
15.749
15.758
15.765
15.766
15.766
15.79
15.793
15.795
15.802
15.803
15.816
15.819
15.82
15.848
15.853
15.859
15.879
15.881
15.883
15.885
15.891
15.894
15.894
15.896
15.902
15.906
15.906
15.91
15.913
15.929
15.929
15.939
15.943
15.946
15.955
15.959
15.961
15.971
15.973
15.991
15.999
16.009
16.01
16.017
16.02
16.025
16.029
16.05
16.051
16.058
16.058
16.066
16.069
16.094
16.097
16.099
16.102
16.104
16.111
16.111
16.121
16.128
16.131
16.134
16.142
16.147
16.167
16.179
16.184
16.192
16.194
16.196
16.205
16.211
16.216
16.22
16.231
16.242
16.245
16.247
16.269
16.287
16.293
16.296
16.297
16.297
16.302
16.309
16.316
16.316
16.317
16.318
16.321
16.327
16.349
16.349
16.35
16.359
16.362
16.363
16.377
16.377
16.383
16.386
16.387
16.388
16.39
16.391
16.417
16.461
16.462
16.468
16.471
16.476
16.477
16.505
16.508
16.522
16.53
16.534
16.535
16.537
16.546
16.549
16.553
16.554
16.564
16.565
16.571
16.574
16.578
16.578
16.595
16.6
16.603
16.61
16.613
16.636
16.641
16.649
16.65
16.651
16.659
16.664
16.669
16.672
16.682
16.685
16.691
16.698
16.699
16.699
16.703
16.703
16.704
16.711
16.713
16.718
16.73
16.74
16.752
16.755
16.757
16.759
16.766
16.767
16.771
16.777
16.786
16.809
16.812
16.823
16.836
16.84
16.841
16.849
16.869
16.872
16.873
16.878
16.888
16.896
16.907
16.912
16.913
16.919
16.921
16.924
16.926
16.932
16.936
16.959
16.962
16.965
16.968
16.969
16.987
16.987
16.992
16.999
17
17.009
17.055
17.057
17.065
17.065
17.07
17.074
17.079
17.08
17.083
17.086
17.087
17.09
17.095
17.095
17.1
17.108
17.111
17.116
17.119
17.121
17.13
17.13
17.132
17.139
17.143
17.148
17.162
17.187
17.192
17.21
17.228
17.232
17.253
17.271
17.288
17.29
17.291
17.298
17.308
17.312
17.316
17.318
17.35
17.358
17.371
17.396
17.413
17.432
17.435
17.438
17.446
17.49
17.503
17.505
17.513
17.52
17.528
17.531
17.538
17.542
17.551
17.551
17.564
17.567
17.586
17.587
17.589
17.591
17.601
17.622
17.638
17.641
17.644
17.65
17.672
17.673
17.674
17.69
17.707
17.713
17.724
17.728
17.728
17.735
17.754
17.757
17.761
17.765
17.786
17.803
17.808
17.836
17.84
17.859
17.86
17.863
17.865
17.876
17.879
17.882
17.885
17.89
17.911
17.917
17.924
17.926
17.956
17.963
17.972
17.976
17.986
18.024
18.028
18.037
18.049
18.084
18.095
18.095
18.099
18.127
18.148
18.149
18.154
18.157
18.216
18.228
18.233
18.236
18.263
18.303
18.305
18.341
18.348
18.355
18.359
18.373
18.381
18.386
18.419
18.434
18.451
18.49
18.491
18.493
18.524
18.525
18.534
18.535
18.55
18.552
18.559
18.573
18.579
18.589
18.624
18.637
18.651
18.661
18.664
18.671
18.685
18.695
18.696
18.713
18.728
18.756
18.769
18.775
18.787
18.787
18.815
18.85
18.862
18.871
18.899
18.912
18.916
18.926
18.929
18.939
18.996
18.999
19.011
19.031
19.039
19.043
19.055
19.128
19.129
19.132
19.197
19.204
19.206
19.227
19.228
19.24
19.242
19.267
19.272
19.296
19.304
19.325
19.336
19.37
19.373
19.377
19.382
19.422
19.434
19.464
19.507
19.509
19.509
19.515
19.522
19.531
19.541
19.555
19.571
19.632
19.678
19.695
19.703
19.731
19.741
19.741
19.752
19.789
19.802
19.808
19.852
19.853
19.869
19.887
19.915
19.921
19.927
19.961
19.97
19.971
20.001
20.004
20.006
20.035
20.04
20.055
20.058
20.061
20.083
20.114
20.12
20.129
20.166
20.168
20.173
20.183
20.185
20.215
20.218
20.265
20.28
20.305
20.309
20.34
20.351
20.374
20.382
20.406
20.416
20.442
20.445
20.447
20.505
20.525
20.526
20.535
20.537
20.537
20.542
20.587
20.601
20.636
20.661
20.669
20.684
20.696
20.73
20.744
20.767
20.793
20.81
20.952
21.026
21.053
21.068
21.109
21.112
21.114
21.135
21.143
21.157
21.158
21.185
21.22
21.223
21.265
21.268
21.311
21.363
21.425
21.44
21.449
21.514
21.537
21.543
21.578
21.585
21.659
21.694
21.774
21.782
21.819
21.877
21.891
21.895
21.919
21.923
21.936
22.001
22.034
22.044
22.064
22.089
22.118
22.176
22.202
22.26
22.275
22.297
22.328
22.351
22.356
22.383
22.441
22.449
22.454
22.513
22.548
22.564
22.571
22.608
22.648
22.687
22.73
22.747
22.766
22.767
22.792
22.811
22.815
22.867
22.999
23.05
23.11
23.127
23.196
23.25
23.254
23.303
23.388
23.507
23.513
23.519
23.544
23.545
23.667
23.947
23.99
24.011
24.158
24.242
24.275
24.315
24.32
24.325
24.329
24.33
24.448
24.493
24.544
24.581
24.593
24.598
24.693
24.745
24.783
24.785
24.791
24.808
24.87
24.916
25.14
25.328
25.557
25.726
25.826
26.07
26.132
26.331
26.556
26.581
26.657
26.733
26.754
26.88
26.938
27.091
27.209
27.309
27.408
27.431
27.617
27.828
28.283
28.34
28.358
28.601
28.676
28.779
29.264
29.402
29.416
29.579
29.845
29.871
30.06
30.354
31.679
31.919
32.013
32.314
49.257
