1.026
6.485
6.532
6.601
6.67
6.684
6.725
6.852
6.946
6.993
7.01
7.228
7.251
7.373
7.415
7.419
7.483
7.572
7.608
7.612
7.616
7.64
7.676
7.683
7.703
7.704
7.729
7.744
7.784
7.789
7.79
7.8
7.835
7.881
7.89
7.963
7.963
7.972
7.973
7.996
8.027
8.029
8.058
8.06
8.075
8.076
8.091
8.093
8.111
8.118
8.14
8.141
8.149
8.164
8.173
8.182
8.186
8.213
8.223
8.228
8.234
8.251
8.258
8.27
8.275
8.289
8.293
8.296
8.306
8.315
8.316
8.343
8.355
8.363
8.373
8.379
8.388
8.412
8.413
8.423
8.432
8.453
8.484
8.493
8.507
8.509
8.523
8.532
8.537
8.542
8.55
8.577
8.581
8.584
8.621
8.621
8.63
8.631
8.632
8.636
8.647
8.652
8.653
8.655
8.656
8.663
8.681
8.686
8.689
8.69
8.691
8.706
8.708
8.709
8.712
8.721
8.724
8.729
8.732
8.742
8.742
8.745
8.746
8.749
8.761
8.766
8.768
8.768
8.768
8.774
8.788
8.805
8.829
8.838
8.846
8.862
8.866
8.866
8.87
8.883
8.887
8.899
8.916
8.916
8.941
8.942
8.955
8.965
8.98
8.981
8.991
8.991
8.994
8.999
9.029
9.042
9.046
9.047
9.054
9.084
9.1
9.106
9.113
9.124
9.132
9.137
9.144
9.147
9.151
9.162
9.173
9.174
9.174
9.18
9.184
9.194
9.203
9.208
9.21
9.222
9.225
9.228
9.231
9.232
9.234
9.234
9.243
9.243
9.244
9.252
9.255
9.257
9.266
9.275
9.275
9.291
9.294
9.329
9.331
9.333
9.334
9.334
9.336
9.343
9.354
9.366
9.372
9.373
9.375
9.384
9.385
9.4
9.401
9.408
9.41
9.414
9.417
9.422
9.422
9.426
9.431
9.433
9.435
9.441
9.443
9.444
9.447
9.452
9.453
9.46
9.46
9.463
9.466
9.469
9.474
9.481
9.485
9.489
9.494
9.498
9.501
9.51
9.516
9.517
9.529
9.537
9.548
9.551
9.551
9.551
9.559
9.562
9.565
9.567
9.567
9.572
9.574
9.576
9.585
9.588
9.59
9.591
9.592
9.594
9.595
9.604
9.604
9.62
9.631
9.64
9.642
9.643
9.649
9.656
9.656
9.657
9.658
9.66
9.671
9.672
9.676
9.679
9.683
9.683
9.69
9.692
9.698
9.702
9.703
9.71
9.712
9.717
9.719
9.722
9.724
9.736
9.737
9.75
9.75
9.751
9.753
9.754
9.757
9.757
9.758
9.766
9.772
9.779
9.779
9.782
9.783
9.786
9.787
9.788
9.79
9.793
9.795
9.795
9.796
9.8
9.803
9.806
9.808
9.809
9.816
9.826
9.828
9.837
9.84
9.84
9.841
9.842
9.842
9.848
9.85
9.853
9.855
9.857
9.861
9.862
9.865
9.868
9.868
9.874
9.882
9.888
9.896
9.898
9.9
9.917
9.918
9.918
9.921
9.922
9.928
9.931
9.931
9.932
9.945
9.945
9.946
9.947
9.949
9.951
9.957
9.971
9.971
9.973
9.983
9.985
9.993
10
10.007
10.014
10.015
10.015
10.027
10.03
10.03
10.031
10.034
10.04
10.04
10.041
10.042
10.043
10.049
10.049
10.049
10.063
10.067
10.067
10.069
10.076
10.079
10.088
10.096
10.098
10.105
10.105
10.105
10.108
10.116
10.118
10.121
10.122
10.122
10.124
10.126
10.127
10.129
10.129
10.13
10.134
10.135
10.141
10.144
10.147
10.149
10.152
10.156
10.165
10.168
10.169
10.169
10.17
10.175
10.181
10.183
10.184
10.185
10.192
10.195
10.2
10.2
10.203
10.205
10.209
10.209
10.209
10.21
10.215
10.215
10.217
10.223
10.227
10.227
10.233
10.235
10.235
10.238
10.239
10.254
10.268
10.269
10.273
10.28
10.285
10.287
10.288
10.295
10.297
10.297
10.301
10.303
10.304
10.312
10.312
10.313
10.319
10.322
10.33
10.33
10.338
10.339
10.349
10.35
10.351
10.354
10.358
10.359
10.362
10.366
10.374
10.378
10.379
10.384
10.385
10.388
10.39
10.39
10.391
10.391
10.396
10.396
10.399
10.401
10.403
10.403
10.409
10.422
10.422
10.422
10.425
10.426
10.429
10.431
10.432
10.434
10.437
10.437
10.441
10.453
10.453
10.456
10.466
10.467
10.474
10.484
10.485
10.489
10.494
10.494
10.495
10.498
10.504
10.506
10.506
10.509
10.513
10.515
10.518
10.519
10.519
10.519
10.522
10.522
10.523
10.523
10.532
10.533
10.534
10.537
10.537
10.54
10.544
10.554
10.555
10.557
10.557
10.568
10.574
10.574
10.574
10.574
10.575
10.576
10.577
10.581
10.603
10.609
10.619
10.632
10.639
10.642
10.643
10.643
10.644
10.647
10.652
10.656
10.658
10.659
10.663
10.671
10.673
10.675
10.681
10.685
10.689
10.69
10.692
10.701
10.704
10.708
10.714
10.717
10.718
10.725
10.734
10.735
10.736
10.742
10.743
10.745
10.747
10.753
10.753
10.753
10.761
10.763
10.766
10.773
10.773
10.776
10.777
10.795
10.795
10.796
10.801
10.807
10.813
10.816
10.817
10.817
10.821
10.823
10.825
10.828
10.833
10.835
10.835
10.836
10.856
10.857
10.859
10.859
10.869
10.871
10.882
10.885
10.888
10.893
10.893
10.9
10.917
10.919
10.919
10.92
10.92
10.921
10.925
10.927
10.927
10.937
10.939
10.946
10.951
10.96
10.973
10.98
10.997
10.998
10.999
11.01
11.013
11.018
11.027
11.028
11.032
11.033
11.036
11.037
11.043
11.048
11.05
11.052
11.061
11.068
11.071
11.073
11.074
11.076
11.08
11.08
11.089
11.089
11.089
11.091
11.093
11.098
11.104
11.108
11.111
11.111
11.113
11.114
11.116
11.123
11.124
11.128
11.13
11.132
11.133
11.135
11.141
11.143
11.15
11.151
11.152
11.155
11.158
11.159
11.163
11.163
11.165
11.166
11.168
11.174
11.178
11.18
11.184
11.185
11.186
11.193
11.2
11.204
11.207
11.207
11.226
11.229
11.233
11.234
11.236
11.236
11.241
11.245
11.247
11.247
11.249
11.251
11.252
11.254
11.258
11.258
11.26
11.26
11.264
11.264
11.274
11.278
11.278
11.279
11.282
11.288
11.296
11.301
11.306
11.313
11.314
11.315
11.316
11.316
11.321
11.322
11.324
11.33
11.333
11.335
11.345
11.351
11.353
11.354
11.361
11.362
11.367
11.373
11.373
11.379
11.38
11.381
11.382
11.386
11.389
11.392
11.411
11.412
11.415
11.415
11.418
11.418
11.423
11.427
11.428
11.436
11.441
11.442
11.443
11.447
11.447
11.451
11.451
11.451
11.452
11.461
11.464
11.468
11.475
11.48
11.486
11.487
11.488
11.495
11.496
11.497
11.5
11.502
11.502
11.503
11.504
11.505
11.506
11.514
11.515
11.519
11.522
11.523
11.529
11.533
11.539
11.54
11.54
11.543
11.548
11.551
11.558
11.561
11.564
11.567
11.568
11.571
11.573
11.573
11.575
11.576
11.58
11.58
11.582
11.589
11.591
11.592
11.594
11.597
11.598
11.599
11.602
11.606
11.613
11.618
11.625
11.625
11.628
11.636
11.636
11.637
11.637
11.641
11.643
11.643
11.644
11.646
11.653
11.659
11.66
11.664
11.664
11.667
11.673
11.675
11.675
11.689
11.698
11.702
11.703
11.706
11.708
11.709
11.716
11.719
11.723
11.726
11.732
11.738
11.746
11.749
11.76
11.76
11.762
11.763
11.763
11.764
11.766
11.779
11.783
11.786
11.786
11.797
11.807
11.817
11.824
11.825
11.829
11.831
11.832
11.838
11.838
11.841
11.843
11.843
11.843
11.847
11.85
11.852
11.857
11.86
11.86
11.862
11.863
11.866
11.87
11.886
11.887
11.888
11.894
11.913
11.915
11.92
11.923
11.928
11.934
11.935
11.936
11.939
11.939
11.942
11.944
11.956
11.957
11.957
11.958
11.958
11.958
11.961
11.965
11.974
11.974
11.974
11.975
11.976
11.976
11.977
11.983
11.988
12.004
12.011
12.011
12.011
12.013
12.027
12.032
12.036
12.038
12.048
12.058
12.061
12.064
12.067
12.071
12.073
12.074
12.077
12.083
12.084
12.085
12.087
12.088
12.09
12.091
12.091
12.094
12.095
12.096
12.097
12.097
12.098
12.101
12.101
12.102
12.108
12.111
12.114
12.118
12.121
12.126
12.127
12.127
12.133
12.143
12.146
12.148
12.152
12.153
12.16
12.162
12.168
12.169
12.171
12.178
12.178
12.179
12.183
12.186
12.186
12.189
12.191
12.199
12.205
12.207
12.208
12.209
12.212
12.215
12.216
12.218
12.221
12.222
12.231
12.232
12.234
12.235
12.235
12.236
12.236
12.24
12.241
12.25
12.25
12.26
12.261
12.265
12.267
12.275
12.275
12.276
12.276
12.278
12.285
12.288
12.29
12.304
12.305
12.309
12.31
12.311
12.316
12.324
12.324
12.325
12.326
12.334
12.337
12.338
12.339
12.343
12.345
12.348
12.359
12.365
12.368
12.391
12.395
12.397
12.4
12.402
12.403
12.405
12.408
12.41
12.416
12.416
12.418
12.42
12.428
12.433
12.433
12.44
12.45
12.453
12.462
12.462
12.464
12.467
12.469
12.472
12.473
12.475
12.476
12.48
12.489
12.492
12.492
12.499
12.501
12.501
12.505
12.506
12.51
12.518
12.518
12.519
12.525
12.525
12.527
12.528
12.537
12.541
12.542
12.546
12.548
12.55
12.551
12.551
12.554
12.557
12.561
12.562
12.563
12.564
12.567
12.568
12.57
12.572
12.572
12.573
12.578
12.58
12.587
12.589
12.589
12.593
12.604
12.606
12.608
12.608
12.613
12.613
12.621
12.623
12.624
12.63
12.632
12.637
12.638
12.641
12.641
12.646
12.648
12.655
12.656
12.662
12.664
12.68
12.68
12.684
12.685
12.686
12.686
12.694
12.704
12.713
12.719
12.725
12.731
12.734
12.736
12.74
12.745
12.746
12.75
12.753
12.754
12.757
12.763
12.771
12.771
12.774
12.777
12.778
12.78
12.797
12.798
12.8
12.801
12.803
12.805
12.812
12.816
12.819
12.822
12.828
12.829
12.832
12.832
12.833
12.835
12.842
12.848
12.851
12.853
12.853
12.856
12.864
12.864
12.875
12.876
12.881
12.885
12.887
12.888
12.893
12.898
12.899
12.906
12.908
12.909
12.916
12.922
12.929
12.932
12.935
12.937
12.941
12.944
12.948
12.951
12.958
12.959
12.961
12.964
12.966
12.967
12.97
12.971
12.974
12.987
12.992
13.002
13.007
13.016
13.019
13.022
13.022
13.025
13.028
13.035
13.041
13.041
13.046
13.048
13.05
13.052
13.059
13.06
13.063
13.066
13.069
13.071
13.071
13.077
13.082
13.082
13.091
13.098
13.1
13.104
13.104
13.108
13.111
13.123
13.124
13.124
13.131
13.131
13.136
13.137
13.139
13.141
13.142
13.142
13.143
13.143
13.147
13.153
13.156
13.159
13.162
13.162
13.165
13.166
13.168
13.172
13.181
13.191
13.195
13.201
13.213
13.217
13.217
13.226
13.229
13.239
13.261
13.262
13.263
13.268
13.268
13.273
13.273
13.275
13.29
13.292
13.293
13.293
13.3
13.308
13.309
13.311
13.314
13.315
13.331
13.362
13.364
13.367
13.368
13.372
13.377
13.379
13.38
13.39
13.397
13.403
13.407
13.408
13.414
13.418
13.419
13.42
13.421
13.424
13.425
13.428
13.463
13.463
13.472
13.473
13.474
13.478
13.492
13.494
13.504
13.518
13.519
13.524
13.529
13.529
13.534
13.535
13.542
13.543
13.543
13.547
13.551
13.551
13.554
13.562
13.571
13.574
13.579
13.58
13.584
13.589
13.589
13.592
13.596
13.602
13.603
13.603
13.603
13.604
13.604
13.605
13.607
13.608
13.613
13.613
13.615
13.624
13.629
13.643
13.647
13.649
13.651
13.657
13.657
13.662
13.666
13.667
13.669
13.674
13.679
13.711
13.711
13.718
13.722
13.724
13.728
13.741
13.744
13.75
13.752
13.755
13.755
13.76
13.761
13.769
13.773
13.78
13.782
13.786
13.799
13.8
13.802
13.804
13.814
13.822
13.825
13.835
13.841
13.842
13.868
13.869
13.873
13.876
13.877
13.877
13.88
13.893
13.894
13.927
13.928
13.929
13.948
13.951
13.952
13.954
13.965
13.974
13.981
13.992
13.994
13.998
13.999
14.005
14.012
14.015
14.024
14.026
14.046
14.054
14.059
14.067
14.069
14.074
14.077
14.078
14.081
14.083
14.09
14.092
14.098
14.099
14.1
14.101
14.104
14.115
14.117
14.119
14.133
14.135
14.139
14.146
14.152
14.155
14.157
14.164
14.164
14.166
14.171
14.178
14.184
14.184
14.186
14.197
14.2
14.207
14.21
14.214
14.217
14.222
14.226
14.227
14.227
14.232
14.235
14.237
14.239
14.241
14.241
14.244
14.259
14.26
14.271
14.273
14.273
14.279
14.291
14.296
14.319
14.321
14.326
14.326
14.327
14.327
14.328
14.33
14.33
14.33
14.334
14.34
14.343
14.35
14.353
14.361
14.367
14.373
14.384
14.391
14.4
14.41
14.411
14.416
14.417
14.418
14.422
14.428
14.428
14.43
14.439
14.439
14.441
14.444
14.454
14.461
14.467
14.47
14.47
14.475
14.475
14.477
14.477
14.487
14.491
14.5
14.507
14.507
14.513
14.522
14.524
14.526
14.531
14.532
14.532
14.535
14.535
14.541
14.551
14.553
14.554
14.555
14.557
14.558
14.561
14.562
14.563
14.564
14.567
14.569
14.572
14.582
14.586
14.593
14.598
14.599
14.605
14.608
14.623
14.625
14.627
14.635
14.643
14.652
14.652
14.653
14.659
14.666
14.669
14.676
14.676
14.678
14.681
14.688
14.688
14.695
14.696
14.699
14.699
14.699
14.701
14.703
14.71
14.712
14.723
14.723
14.727
14.731
14.736
14.738
14.739
14.744
14.746
14.748
14.749
14.754
14.757
14.763
14.775
14.779
14.78
14.781
14.787
14.788
14.79
14.798
14.8
14.801
14.802
14.803
14.804
14.806
14.811
14.814
14.819
14.826
14.827
14.832
14.836
14.845
14.854
14.856
14.858
14.861
14.865
14.866
14.873
14.877
14.879
14.879
14.879
14.889
14.89
14.898
14.905
14.908
14.91
14.915
14.92
14.927
14.928
14.93
14.937
14.937
14.938
14.938
14.945
14.947
14.95
14.951
14.962
14.967
14.969
14.969
14.972
14.974
14.975
14.982
14.986
14.987
14.988
14.989
14.99
14.991
14.995
15.001
15.006
15.016
15.017
15.018
15.018
15.021
15.029
15.033
15.041
15.048
15.052
15.055
15.06
15.061
15.067
15.068
15.071
15.073
15.075
15.079
15.081
15.081
15.082
15.093
15.097
15.098
15.1
15.106
15.106
15.108
15.112
15.113
15.133
15.14
15.144
15.147
15.156
15.165
15.165
15.174
15.174
15.182
15.189
15.19
15.192
15.195
15.204
15.21
15.214
15.229
15.233
15.236
15.238
15.248
15.249
15.249
15.251
15.258
15.258
15.271
15.272
15.276
15.283
15.291
15.292
15.297
15.299
15.302
15.302
15.304
15.317
15.325
15.325
15.328
15.334
15.338
15.342
15.344
15.346
15.35
15.357
15.382
15.383
15.39
15.391
15.393
15.395
15.396
15.398
15.402
15.403
15.419
15.419
15.42
15.424
15.429
15.435
15.437
15.44
15.449
15.451
15.454
15.459
15.465
15.468
15.474
15.478
15.489
15.507
15.511
15.516
15.517
15.517
15.519
15.526
15.531
15.536
15.541
15.565
15.567
15.567
15.576
15.583
15.583
15.586
15.587
15.592
15.599
15.605
15.607
15.607
15.609
15.61
15.61
15.615
15.618
15.618
15.622
15.624
15.632
15.643
15.654
15.655
15.662
15.667
15.679
15.691
15.701
15.706
15.707
15.708
15.708
15.709
15.728
15.732
15.734
15.738
15.741
15.743
15.744
15.749
15.756
15.772
15.776
15.784
15.805
15.81
15.812
15.814
15.817
15.819
15.824
15.828
15.833
15.837
15.838
15.841
15.845
15.851
15.853
15.854
15.855
15.856
15.86
15.878
15.887
15.931
15.934
15.936
15.945
15.949
15.951
15.956
15.957
15.975
15.992
15.993
15.994
15.994
16.005
16.013
16.025
16.026
16.034
16.036
16.055
16.073
16.078
16.079
16.087
16.094
16.098
16.118
16.122
16.123
16.124
16.136
16.149
16.15
16.155
16.168
16.204
16.22
16.237
16.257
16.262
16.262
16.264
16.286
16.291
16.298
16.301
16.307
16.307
16.31
16.313
16.337
16.339
16.339
16.342
16.344
16.347
16.348
16.351
16.352
16.353
16.364
16.365
16.367
16.368
16.368
16.379
16.383
16.411
16.412
16.418
16.42
16.42
16.421
16.427
16.444
16.446
16.461
16.466
16.482
16.494
16.502
16.528
16.539
16.541
16.544
16.551
16.552
16.563
16.564
16.568
16.569
16.577
16.58
16.589
16.597
16.599
16.609
16.611
16.615
16.625
16.631
16.638
16.665
16.671
16.674
16.675
16.677
16.688
16.698
16.704
16.707
16.722
16.724
16.727
16.731
16.733
16.739
16.739
16.741
16.757
16.761
16.776
16.777
16.778
16.779
16.781
16.787
16.789
16.801
16.808
16.809
16.81
16.852
16.855
16.855
16.86
16.862
16.872
16.883
16.886
16.888
16.888
16.889
16.896
16.897
16.908
16.912
16.916
16.923
16.939
16.948
16.97
16.975
16.986
16.987
16.999
17.031
17.056
17.089
17.09
17.097
17.098
17.098
17.111
17.119
17.123
17.126
17.143
17.154
17.164
17.169
17.174
17.182
17.2
17.203
17.207
17.21
17.215
17.232
17.249
17.252
17.256
17.276
17.276
17.283
17.296
17.298
17.301
17.303
17.309
17.317
17.326
17.332
17.339
17.343
17.353
17.356
17.361
17.368
17.379
17.379
17.387
17.405
17.42
17.42
17.423
17.426
17.466
17.467
17.472
17.478
17.481
17.484
17.498
17.501
17.51
17.517
17.534
17.537
17.546
17.591
17.592
17.597
17.598
17.599
17.616
17.632
17.634
17.639
17.644
17.659
17.67
17.693
17.698
17.7
17.703
17.721
17.725
17.735
17.738
17.74
17.75
17.757
17.771
17.783
17.792
17.797
17.798
17.801
17.809
17.838
17.854
17.858
17.865
17.879
17.893
17.895
17.909
17.916
17.92
17.922
17.938
17.938
17.942
17.942
17.971
17.976
18.001
18.009
18.014
18.023
18.039
18.042
18.044
18.056
18.058
18.066
18.08
18.082
18.106
18.108
18.11
18.112
18.115
18.123
18.127
18.133
18.14
18.14
18.153
18.165
18.179
18.185
18.193
18.194
18.219
18.226
18.231
18.237
18.262
18.27
18.281
18.294
18.306
18.338
18.341
18.345
18.348
18.375
18.383
18.411
18.418
18.431
18.436
18.448
18.449
18.455
18.458
18.458
18.46
18.489
18.49
18.491
18.497
18.507
18.513
18.519
18.537
18.537
18.546
18.548
18.557
18.566
18.566
18.58
18.613
18.641
18.655
18.658
18.666
18.668
18.694
18.695
18.703
18.729
18.738
18.754
18.756
18.76
18.762
18.79
18.8
18.805
18.809
18.81
18.829
18.834
18.845
18.847
18.853
18.855
18.873
18.877
18.886
18.896
18.902
18.904
18.911
18.925
18.954
18.955
18.972
18.975
19.007
19.016
19.017
19.018
19.024
19.028
19.03
19.043
19.061
19.066
19.068
19.076
19.082
19.148
19.18
19.198
19.207
19.215
19.25
19.282
19.302
19.354
19.371
19.391
19.402
19.407
19.421
19.439
19.448
19.454
19.474
19.482
19.513
19.521
19.53
19.537
19.544
19.545
19.545
19.551
19.552
19.587
19.589
19.601
19.606
19.613
19.62
19.627
19.658
19.669
19.684
19.692
19.718
19.744
19.764
19.777
19.78
19.78
19.805
19.858
19.867
19.891
19.96
19.96
19.988
20.012
20.015
20.041
20.044
20.053
20.071
20.099
20.106
20.118
20.12
20.13
20.146
20.189
20.201
20.23
20.237
20.251
20.259
20.276
20.365
20.406
20.501
20.507
20.535
20.553
20.553
20.574
20.592
20.603
20.604
20.608
20.631
20.635
20.641
20.691
20.699
20.754
20.761
20.775
20.784
20.805
20.809
20.826
20.834
20.884
20.894
20.896
20.948
20.966
20.983
20.993
21.028
21.038
21.042
21.05
21.089
21.1
21.146
21.186
21.223
21.301
21.321
21.386
21.39
21.416
21.42
21.438
21.477
21.511
21.518
21.605
21.629
21.63
21.719
21.763
21.769
21.833
21.871
21.889
21.891
21.967
21.973
21.986
22.016
22.079
22.122
22.15
22.218
22.224
22.306
22.35
22.443
22.582
22.584
22.611
22.786
22.987
23.081
23.097
23.103
23.133
23.142
23.174
23.245
23.328
23.447
23.449
23.506
23.69
23.708
23.777
23.83
23.871
23.884
24.015
24.365
24.407
24.498
24.581
24.68
24.706
24.723
24.83
25.125
25.135
25.137
25.161
25.22
25.32
25.664
25.8
25.864
25.978
26.353
26.859
27.634
27.742
27.872
29.292
29.316
29.398
29.682
29.744
29.889
29.956
31.073
31.281
32.123
32.601
32.74
36.89
