1.074
6.742
6.755
6.915
7.184
7.343
7.457
7.552
7.57
7.584
7.595
7.617
7.791
7.805
7.805
7.809
7.814
7.821
7.826
7.846
7.847
7.889
7.891
7.902
7.943
7.97
7.972
7.975
8.023
8.067
8.093
8.109
8.151
8.158
8.159
8.165
8.168
8.172
8.177
8.178
8.178
8.204
8.219
8.224
8.238
8.242
8.242
8.242
8.276
8.285
8.296
8.299
8.303
8.321
8.324
8.339
8.351
8.352
8.373
8.374
8.377
8.38
8.391
8.405
8.407
8.409
8.418
8.424
8.431
8.442
8.457
8.463
8.476
8.478
8.493
8.493
8.497
8.499
8.515
8.521
8.528
8.533
8.535
8.548
8.552
8.553
8.557
8.586
8.602
8.604
8.607
8.608
8.62
8.631
8.638
8.641
8.647
8.672
8.673
8.674
8.68
8.689
8.7
8.723
8.723
8.739
8.742
8.749
8.76
8.762
8.766
8.768
8.775
8.785
8.79
8.805
8.81
8.817
8.821
8.828
8.831
8.832
8.837
8.843
8.844
8.849
8.857
8.869
8.875
8.878
8.881
8.904
8.906
8.91
8.913
8.928
8.93
8.94
8.952
8.96
8.96
8.968
8.974
8.976
8.988
8.996
8.997
9.005
9.009
9.014
9.014
9.014
9.02
9.02
9.027
9.029
9.047
9.056
9.056
9.058
9.062
9.07
9.072
9.075
9.085
9.085
9.085
9.085
9.089
9.09
9.096
9.097
9.099
9.099
9.108
9.111
9.118
9.126
9.13
9.135
9.137
9.137
9.141
9.144
9.146
9.179
9.181
9.182
9.197
9.201
9.212
9.219
9.223
9.226
9.23
9.231
9.234
9.238
9.239
9.24
9.242
9.242
9.245
9.256
9.264
9.269
9.28
9.28
9.283
9.288
9.291
9.297
9.299
9.299
9.315
9.318
9.322
9.323
9.323
9.324
9.327
9.329
9.334
9.336
9.339
9.34
9.341
9.346
9.348
9.359
9.376
9.382
9.385
9.387
9.389
9.39
9.394
9.396
9.403
9.409
9.41
9.414
9.418
9.421
9.421
9.423
9.429
9.434
9.44
9.441
9.442
9.443
9.445
9.445
9.445
9.451
9.454
9.454
9.457
9.465
9.472
9.474
9.475
9.477
9.482
9.483
9.488
9.488
9.497
9.499
9.509
9.518
9.519
9.521
9.526
9.528
9.531
9.531
9.533
9.533
9.539
9.54
9.547
9.548
9.551
9.552
9.559
9.562
9.566
9.584
9.585
9.586
9.586
9.588
9.594
9.595
9.596
9.597
9.601
9.611
9.621
9.624
9.625
9.627
9.631
9.632
9.632
9.632
9.636
9.646
9.647
9.652
9.661
9.671
9.676
9.676
9.69
9.701
9.701
9.702
9.716
9.716
9.722
9.723
9.732
9.735
9.735
9.739
9.741
9.743
9.747
9.751
9.752
9.752
9.763
9.766
9.777
9.779
9.78
9.78
9.792
9.795
9.799
9.803
9.815
9.828
9.829
9.846
9.846
9.846
9.85
9.851
9.852
9.861
9.863
9.866
9.868
9.868
9.871
9.877
9.887
9.89
9.892
9.899
9.902
9.903
9.906
9.908
9.909
9.911
9.914
9.915
9.917
9.922
9.931
9.931
9.931
9.932
9.933
9.939
9.939
9.94
9.947
9.947
9.949
9.949
9.95
9.951
9.953
9.957
9.959
9.96
9.961
9.965
9.965
9.967
9.971
9.972
9.973
9.975
9.981
9.985
9.985
9.986
9.992
9.992
9.996
9.998
10
10.004
10.004
10.014
10.014
10.016
10.018
10.019
10.021
10.03
10.031
10.04
10.041
10.042
10.043
10.048
10.055
10.057
10.062
10.063
10.063
10.07
10.083
10.085
10.086
10.088
10.09
10.096
10.1
10.101
10.104
10.106
10.11
10.112
10.115
10.129
10.133
10.133
10.137
10.138
10.142
10.142
10.143
10.144
10.148
10.151
10.153
10.159
10.16
10.16
10.162
10.164
10.166
10.166
10.17
10.17
10.172
10.176
10.179
10.179
10.18
10.18
10.186
10.187
10.188
10.199
10.199
10.199
10.207
10.207
10.211
10.213
10.213
10.216
10.22
10.227
10.228
10.229
10.232
10.232
10.245
10.246
10.25
10.251
10.258
10.26
10.269
10.271
10.273
10.275
10.276
10.277
10.277
10.28
10.28
10.282
10.287
10.289
10.296
10.297
10.298
10.298
10.302
10.304
10.306
10.309
10.309
10.309
10.317
10.317
10.319
10.319
10.32
10.32
10.321
10.33
10.333
10.336
10.337
10.338
10.347
10.348
10.349
10.355
10.355
10.36
10.366
10.366
10.374
10.379
10.38
10.382
10.385
10.385
10.386
10.386
10.392
10.392
10.397
10.402
10.405
10.406
10.408
10.417
10.419
10.422
10.428
10.429
10.432
10.433
10.434
10.436
10.44
10.441
10.441
10.449
10.45
10.457
10.459
10.463
10.464
10.467
10.469
10.473
10.476
10.48
10.484
10.486
10.489
10.491
10.494
10.497
10.501
10.506
10.509
10.511
10.511
10.521
10.525
10.531
10.539
10.544
10.545
10.545
10.554
10.557
10.557
10.56
10.563
10.571
10.571
10.572
10.572
10.578
10.58
10.581
10.587
10.595
10.596
10.601
10.602
10.603
10.604
10.611
10.614
10.615
10.617
10.63
10.631
10.634
10.638
10.639
10.643
10.643
10.649
10.65
10.652
10.655
10.658
10.66
10.661
10.667
10.669
10.675
10.675
10.676
10.682
10.682
10.685
10.685
10.697
10.7
10.701
10.704
10.706
10.708
10.709
10.715
10.716
10.72
10.72
10.721
10.721
10.721
10.722
10.723
10.724
10.725
10.726
10.727
10.732
10.737
10.746
10.752
10.758
10.76
10.762
10.763
10.764
10.765
10.766
10.773
10.775
10.788
10.79
10.799
10.799
10.799
10.8
10.804
10.804
10.807
10.812
10.817
10.82
10.823
10.825
10.827
10.83
10.831
10.836
10.837
10.842
10.844
10.854
10.859
10.861
10.861
10.864
10.867
10.869
10.87
10.874
10.879
10.891
10.894
10.902
10.906
10.906
10.908
10.91
10.916
10.92
10.922
10.924
10.926
10.928
10.931
10.932
10.932
10.942
10.952
10.954
10.954
10.96
10.961
10.963
10.965
10.968
10.969
10.974
10.975
10.984
10.99
10.99
10.996
10.998
10.999
11
11.004
11.007
11.007
11.008
11.012
11.018
11.018
11.022
11.03
11.031
11.034
11.037
11.04
11.046
11.05
11.052
11.055
11.059
11.06
11.065
11.069
11.071
11.079
11.08
11.083
11.088
11.09
11.09
11.091
11.093
11.097
11.101
11.103
11.103
11.105
11.106
11.107
11.108
11.116
11.118
11.122
11.122
11.124
11.125
11.127
11.13
11.131
11.135
11.139
11.149
11.152
11.153
11.155
11.156
11.159
11.161
11.168
11.169
11.169
11.169
11.172
11.178
11.182
11.188
11.189
11.199
11.201
11.202
11.203
11.203
11.206
11.209
11.21
11.211
11.213
11.213
11.219
11.219
11.223
11.223
11.227
11.23
11.232
11.236
11.237
11.241
11.251
11.263
11.263
11.266
11.281
11.286
11.288
11.291
11.292
11.295
11.298
11.299
11.308
11.308
11.308
11.309
11.31
11.311
11.316
11.318
11.327
11.33
11.33
11.339
11.346
11.349
11.358
11.36
11.367
11.367
11.369
11.369
11.371
11.38
11.382
11.382
11.384
11.387
11.388
11.389
11.389
11.393
11.393
11.393
11.4
11.408
11.411
11.415
11.415
11.419
11.437
11.439
11.439
11.444
11.45
11.454
11.464
11.466
11.467
11.468
11.469
11.47
11.478
11.479
11.484
11.487
11.49
11.493
11.495
11.496
11.507
11.513
11.514
11.517
11.519
11.526
11.529
11.532
11.533
11.538
11.538
11.547
11.551
11.553
11.557
11.557
11.565
11.566
11.567
11.568
11.57
11.572
11.576
11.577
11.579
11.579
11.58
11.581
11.581
11.582
11.588
11.588
11.589
11.592
11.593
11.593
11.594
11.597
11.599
11.601
11.614
11.618
11.619
11.629
11.63
11.632
11.633
11.638
11.641
11.645
11.652
11.663
11.67
11.67
11.675
11.683
11.691
11.701
11.711
11.711
11.715
11.717
11.722
11.723
11.724
11.725
11.726
11.729
11.731
11.742
11.742
11.744
11.752
11.754
11.757
11.757
11.759
11.761
11.762
11.769
11.773
11.776
11.779
11.779
11.781
11.782
11.785
11.794
11.797
11.798
11.801
11.802
11.807
11.807
11.808
11.814
11.818
11.818
11.818
11.824
11.828
11.828
11.832
11.835
11.835
11.837
11.842
11.844
11.848
11.85
11.85
11.862
11.863
11.863
11.868
11.868
11.869
11.869
11.87
11.874
11.877
11.881
11.887
11.89
11.891
11.892
11.893
11.894
11.896
11.899
11.902
11.912
11.912
11.916
11.923
11.924
11.926
11.93
11.931
11.932
11.934
11.935
11.938
11.94
11.944
11.945
11.951
11.952
11.954
11.955
11.96
11.961
11.963
11.964
11.966
11.971
11.985
11.988
11.989
11.992
12.003
12.003
12.004
12.004
12.005
12.008
12.01
12.017
12.017
12.024
12.029
12.035
12.038
12.041
12.042
12.052
12.055
12.066
12.069
12.069
12.07
12.071
12.072
12.075
12.077
12.085
12.086
12.091
12.095
12.097
12.097
12.098
12.1
12.109
12.111
12.12
12.122
12.129
12.136
12.137
12.139
12.139
12.14
12.141
12.146
12.146
12.146
12.147
12.149
12.149
12.15
12.153
12.158
12.16
12.164
12.167
12.168
12.172
12.172
12.172
12.174
12.176
12.179
12.18
12.18
12.181
12.183
12.184
12.185
12.187
12.2
12.201
12.203
12.208
12.209
12.21
12.21
12.211
12.213
12.213
12.215
12.218
12.221
12.224
12.229
12.232
12.233
12.234
12.235
12.242
12.246
12.251
12.255
12.261
12.261
12.263
12.265
12.268
12.269
12.274
12.277
12.278
12.279
12.283
12.284
12.284
12.286
12.293
12.294
12.296
12.299
12.302
12.302
12.308
12.311
12.317
12.326
12.333
12.333
12.335
12.339
12.339
12.341
12.347
12.347
12.348
12.348
12.354
12.358
12.359
12.361
12.363
12.367
12.368
12.369
12.37
12.372
12.374
12.379
12.38
12.383
12.384
12.387
12.387
12.388
12.39
12.39
12.392
12.393
12.396
12.396
12.398
12.404
12.408
12.421
12.421
12.422
12.422
12.422
12.425
12.431
12.434
12.434
12.435
12.438
12.439
12.443
12.444
12.449
12.451
12.453
12.466
12.476
12.478
12.481
12.485
12.49
12.493
12.495
12.499
12.502
12.503
12.506
12.516
12.523
12.524
12.529
12.531
12.537
12.554
12.556
12.556
12.562
12.573
12.576
12.578
12.578
12.579
12.582
12.582
12.585
12.587
12.588
12.588
12.589
12.589
12.595
12.597
12.598
12.602
12.603
12.608
12.614
12.621
12.624
12.63
12.63
12.631
12.632
12.634
12.645
12.655
12.658
12.658
12.665
12.668
12.669
12.669
12.675
12.676
12.676
12.679
12.681
12.683
12.686
12.694
12.703
12.703
12.714
12.717
12.72
12.722
12.722
12.723
12.723
12.725
12.725
12.725
12.727
12.727
12.731
12.731
12.738
12.741
12.745
12.749
12.75
12.751
12.757
12.758
12.759
12.774
12.776
12.793
12.793
12.805
12.808
12.817
12.822
12.824
12.825
12.83
12.835
12.836
12.837
12.845
12.853
12.855
12.857
12.858
12.864
12.867
12.87
12.88
12.883
12.892
12.898
12.898
12.91
12.911
12.918
12.921
12.921
12.921
12.923
12.925
12.925
12.925
12.936
12.944
12.95
12.958
12.961
12.967
12.969
12.969
12.975
12.977
12.981
12.996
13.001
13.009
13.01
13.016
13.022
13.028
13.028
13.033
13.042
13.046
13.054
13.067
13.076
13.083
13.085
13.086
13.087
13.091
13.096
13.097
13.099
13.106
13.11
13.11
13.111
13.112
13.115
13.116
13.119
13.122
13.13
13.131
13.132
13.135
13.142
13.146
13.152
13.152
13.162
13.163
13.166
13.172
13.177
13.177
13.18
13.184
13.186
13.19
13.19
13.197
13.202
13.205
13.207
13.209
13.218
13.219
13.224
13.225
13.225
13.227
13.233
13.235
13.236
13.244
13.247
13.25
13.256
13.266
13.273
13.274
13.275
13.276
13.287
13.29
13.29
13.295
13.302
13.302
13.305
13.309
13.31
13.316
13.336
13.342
13.345
13.345
13.346
13.35
13.35
13.377
13.387
13.398
13.399
13.401
13.412
13.419
13.421
13.424
13.425
13.426
13.433
13.434
13.434
13.435
13.436
13.442
13.442
13.444
13.444
13.447
13.458
13.462
13.464
13.474
13.475
13.478
13.484
13.487
13.492
13.499
13.507
13.51
13.516
13.52
13.525
13.526
13.527
13.528
13.534
13.536
13.539
13.543
13.544
13.549
13.55
13.552
13.555
13.561
13.564
13.564
13.572
13.572
13.573
13.577
13.581
13.583
13.584
13.588
13.59
13.597
13.603
13.604
13.605
13.605
13.608
13.616
13.616
13.62
13.621
13.628
13.634
13.636
13.639
13.644
13.645
13.65
13.668
13.67
13.673
13.683
13.683
13.695
13.703
13.706
13.706
13.706
13.707
13.707
13.708
13.717
13.722
13.746
13.757
13.764
13.764
13.767
13.77
13.777
13.777
13.786
13.789
13.792
13.793
13.799
13.8
13.8
13.801
13.821
13.832
13.836
13.837
13.839
13.851
13.855
13.865
13.874
13.893
13.907
13.916
13.919
13.929
13.94
13.951
13.959
13.96
13.962
13.966
13.968
13.97
13.989
14.001
14.004
14.023
14.027
14.028
14.037
14.04
14.051
14.059
14.062
14.066
14.069
14.074
14.074
14.076
14.077
14.082
14.083
14.092
14.092
14.11
14.112
14.119
14.123
14.128
14.136
14.142
14.177
14.181
14.186
14.188
14.19
14.192
14.2
14.21
14.215
14.236
14.242
14.258
14.267
14.271
14.274
14.282
14.288
14.292
14.294
14.305
14.318
14.326
14.336
14.339
14.343
14.35
14.354
14.354
14.365
14.37
14.372
14.373
14.39
14.393
14.397
14.401
14.42
14.422
14.422
14.424
14.426
14.433
14.433
14.439
14.447
14.458
14.493
14.495
14.496
14.496
14.506
14.506
14.507
14.518
14.528
14.532
14.535
14.536
14.544
14.55
14.551
14.557
14.572
14.579
14.581
14.583
14.587
14.596
14.605
14.609
14.61
14.616
14.62
14.626
14.637
14.642
14.646
14.65
14.66
14.665
14.673
14.677
14.677
14.685
14.686
14.687
14.697
14.699
14.714
14.725
14.731
14.733
14.737
14.746
14.754
14.756
14.758
14.77
14.773
14.773
14.775
14.777
14.78
14.793
14.795
14.8
14.801
14.805
14.81
14.828
14.83
14.831
14.833
14.833
14.835
14.836
14.837
14.846
14.846
14.855
14.875
14.889
14.89
14.89
14.898
14.918
14.921
14.922
14.922
14.937
14.944
14.955
14.957
14.964
14.964
14.971
14.975
14.977
14.977
14.982
14.985
14.991
14.994
15.001
15.023
15.024
15.029
15.029
15.033
15.035
15.036
15.04
15.042
15.045
15.046
15.047
15.065
15.073
15.076
15.082
15.085
15.087
15.089
15.093
15.093
15.096
15.098
15.1
15.102
15.107
15.107
15.109
15.118
15.122
15.122
15.126
15.136
15.145
15.15
15.151
15.153
15.154
15.156
15.157
15.161
15.161
15.166
15.173
15.181
15.185
15.194
15.195
15.197
15.208
15.217
15.221
15.223
15.227
15.229
15.231
15.24
15.244
15.252
15.255
15.269
15.272
15.281
15.281
15.282
15.293
15.295
15.304
15.313
15.315
15.319
15.329
15.333
15.342
15.356
15.359
15.361
15.368
15.387
15.391
15.393
15.398
15.414
15.416
15.416
15.422
15.431
15.436
15.441
15.451
15.463
15.468
15.477
15.478
15.482
15.484
15.485
15.485
15.52
15.525
15.525
15.54
15.541
15.545
15.554
15.561
15.562
15.572
15.575
15.577
15.587
15.591
15.595
15.596
15.608
15.61
15.615
15.616
15.627
15.629
15.635
15.644
15.646
15.658
15.662
15.663
15.669
15.669
15.679
15.68
15.691
15.691
15.695
15.7
15.7
15.711
15.718
15.725
15.731
15.732
15.735
15.737
15.738
15.739
15.751
15.761
15.762
15.769
15.77
15.784
15.795
15.797
15.8
15.801
15.805
15.814
15.819
15.82
15.821
15.823
15.824
15.828
15.831
15.835
15.836
15.839
15.842
15.843
15.845
15.858
15.88
15.885
15.902
15.904
15.905
15.906
15.906
15.917
15.919
15.925
15.925
15.936
15.941
15.956
15.96
15.972
15.984
16.011
16.02
16.041
16.051
16.053
16.056
16.057
16.058
16.061
16.065
16.089
16.09
16.1
16.11
16.124
16.125
16.129
16.141
16.142
16.145
16.152
16.159
16.16
16.164
16.178
16.178
16.189
16.211
16.23
16.239
16.24
16.245
16.261
16.261
16.28
16.281
16.281
16.29
16.291
16.307
16.315
16.318
16.321
16.324
16.328
16.334
16.336
16.346
16.348
16.359
16.377
16.38
16.388
16.39
16.402
16.406
16.41
16.411
16.415
16.422
16.423
16.444
16.446
16.459
16.475
16.48
16.485
16.486
16.49
16.49
16.492
16.493
16.501
16.502
16.505
16.507
16.51
16.51
16.511
16.518
16.526
16.528
16.529
16.544
16.554
16.56
16.586
16.595
16.597
16.597
16.599
16.603
16.603
16.607
16.613
16.616
16.619
16.619
16.639
16.648
16.654
16.658
16.671
16.687
16.689
16.691
16.72
16.721
16.731
16.751
16.753
16.758
16.78
16.784
16.784
16.794
16.81
16.817
16.818
16.828
16.835
16.835
16.836
16.849
16.857
16.859
16.874
16.897
16.9
16.911
16.917
16.919
16.929
16.937
16.949
16.951
16.954
16.962
16.965
16.982
16.997
17
17.023
17.028
17.033
17.034
17.053
17.06
17.084
17.088
17.09
17.096
17.099
17.099
17.106
17.108
17.119
17.12
17.126
17.136
17.144
17.151
17.151
17.161
17.162
17.181
17.208
17.208
17.219
17.228
17.237
17.253
17.254
17.265
17.266
17.266
17.274
17.278
17.283
17.307
17.313
17.333
17.352
17.39
17.394
17.417
17.424
17.433
17.435
17.448
17.474
17.477
17.482
17.483
17.49
17.525
17.528
17.545
17.546
17.565
17.592
17.598
17.599
17.62
17.62
17.632
17.644
17.652
17.66
17.661
17.692
17.698
17.717
17.717
17.725
17.747
17.756
17.776
17.795
17.797
17.799
17.8
17.824
17.828
17.848
17.874
17.877
17.878
17.898
17.923
17.936
17.964
17.966
17.979
18.006
18.007
18.017
18.022
18.047
18.071
18.078
18.082
18.094
18.114
18.117
18.158
18.179
18.218
18.219
18.236
18.265
18.287
18.3
18.329
18.337
18.339
18.341
18.362
18.369
18.372
18.375
18.389
18.401
18.421
18.423
18.436
18.44
18.441
18.444
18.45
18.458
18.482
18.498
18.526
18.534
18.534
18.539
18.547
18.577
18.59
18.602
18.632
18.634
18.637
18.646
18.647
18.657
18.667
18.68
18.692
18.695
18.715
18.722
18.734
18.751
18.752
18.784
18.819
18.84
18.844
18.847
18.847
18.857
18.874
18.895
18.898
18.902
18.914
18.931
18.935
18.94
18.959
18.971
18.972
18.991
18.993
18.997
19.007
19.039
19.062
19.075
19.093
19.102
19.107
19.12
19.13
19.137
19.147
19.159
19.166
19.169
19.223
19.227
19.232
19.233
19.235
19.242
19.248
19.252
19.302
19.354
19.368
19.368
19.382
19.383
19.406
19.426
19.496
19.498
19.507
19.528
19.532
19.532
19.546
19.55
19.589
19.627
19.632
19.632
19.645
19.651
19.652
19.652
19.652
19.654
19.684
19.689
19.699
19.755
19.758
19.777
19.781
19.786
19.825
19.852
19.878
19.956
19.976
19.99
20.031
20.049
20.058
20.09
20.1
20.107
20.117
20.128
20.139
20.152
20.198
20.248
20.269
20.313
20.323
20.331
20.339
20.353
20.365
20.371
20.386
20.398
20.487
20.493
20.493
20.511
20.526
20.585
20.596
20.613
20.643
20.658
20.667
20.669
20.674
20.678
20.689
20.692
20.726
20.731
20.75
20.773
20.793
20.81
20.884
20.937
20.98
20.982
20.984
20.989
20.999
21.033
21.047
21.127
21.196
21.288
21.311
21.335
21.35
21.452
21.467
21.496
21.528
21.532
21.577
21.6
21.628
21.643
21.65
21.723
21.745
21.749
21.761
21.777
21.806
21.973
21.976
22.028
22.124
22.126
22.132
22.141
22.144
22.241
22.291
22.345
22.411
22.411
22.469
22.535
22.538
22.566
22.643
22.699
22.707
22.733
22.76
22.824
22.83
22.885
22.958
22.977
23.097
23.099
23.13
23.167
23.18
23.199
23.234
23.289
23.372
23.46
23.468
23.519
23.578
23.601
23.605
23.618
23.648
23.679
23.698
23.748
23.961
23.972
24.017
24.088
24.259
24.278
24.354
24.539
24.621
24.655
24.83
24.831
24.977
25.116
25.146
25.24
25.313
25.335
25.431
25.518
25.543
25.827
25.959
25.992
26.108
26.325
26.388
26.717
26.869
26.982
27.219
27.353
27.353
27.551
27.842
28.257
28.307
28.558
28.911
29.35
29.386
29.992
30.203
33.139
34.253
48.677
