0.733
4.132
4.196
4.256
4.337
4.429
4.44
4.461
4.485
4.499
4.525
4.525
4.532
4.552
4.554
4.586
4.602
4.639
4.667
4.693
4.701
4.711
4.747
4.79
4.791
4.799
4.811
4.812
4.823
4.841
4.85
4.851
4.851
4.867
4.912
4.915
4.915
4.936
4.968
4.975
4.977
4.981
5.004
5.025
5.026
5.052
5.057
5.062
5.067
5.071
5.076
5.086
5.095
5.095
5.096
5.097
5.099
5.099
5.112
5.128
5.134
5.141
5.172
5.19
5.204
5.206
5.209
5.213
5.219
5.219
5.221
5.222
5.224
5.228
5.241
5.244
5.248
5.249
5.256
5.267
5.286
5.29
5.292
5.302
5.306
5.332
5.336
5.338
5.339
5.345
5.352
5.362
5.368
5.388
5.394
5.394
5.394
5.397
5.4
5.405
5.411
5.416
5.426
5.439
5.44
5.45
5.453
5.465
5.472
5.486
5.497
5.516
5.564
5.575
5.58
5.591
5.595
5.596
5.608
5.631
5.633
5.639
5.643
5.646
5.649
5.651
5.652
5.652
5.664
5.674
5.688
5.7
5.703
5.707
5.712
5.714
5.717
5.718
5.723
5.731
5.736
5.737
5.74
5.758
5.771
5.793
5.797
5.804
5.81
5.812
5.814
5.822
5.837
5.841
5.842
5.843
5.853
5.873
5.874
5.881
5.891
5.893
5.902
5.902
5.903
5.908
5.931
5.941
5.946
5.946
5.959
5.966
5.968
5.972
5.99
5.996
6.006
6.008
6.018
6.023
6.024
6.027
6.035
6.035
6.036
6.04
6.043
6.052
6.054
6.058
6.077
6.096
6.096
6.106
6.108
6.108
6.109
6.119
6.12
6.124
6.127
6.132
6.133
6.142
6.144
6.146
6.147
6.151
6.16
6.165
6.165
6.165
6.169
6.182
6.197
6.199
6.2
6.206
6.206
6.214
6.226
6.24
6.258
6.261
6.265
6.266
6.269
6.269
6.269
6.278
6.279
6.28
6.286
6.289
6.289
6.299
6.31
6.315
6.316
6.323
6.324
6.326
6.331
6.331
6.333
6.336
6.343
6.345
6.351
6.355
6.359
6.369
6.374
6.38
6.384
6.394
6.396
6.405
6.412
6.415
6.422
6.424
6.431
6.462
6.465
6.466
6.467
6.468
6.469
6.47
6.476
6.477
6.478
6.479
6.484
6.484
6.485
6.491
6.495
6.496
6.496
6.51
6.511
6.514
6.515
6.535
6.542
6.546
6.548
6.549
6.549
6.553
6.555
6.555
6.572
6.574
6.579
6.584
6.587
6.588
6.59
6.595
6.597
6.598
6.598
6.599
6.607
6.611
6.612
6.617
6.617
6.619
6.623
6.632
6.642
6.646
6.649
6.654
6.668
6.67
6.671
6.673
6.683
6.686
6.688
6.699
6.711
6.725
6.726
6.73
6.74
6.741
6.742
6.742
6.752
6.752
6.752
6.765
6.767
6.77
6.773
6.774
6.774
6.779
6.78
6.793
6.794
6.796
6.808
6.815
6.815
6.817
6.818
6.835
6.839
6.845
6.846
6.849
6.854
6.855
6.876
6.876
6.888
6.888
6.896
6.901
6.905
6.908
6.911
6.913
6.92
6.92
6.923
6.925
6.925
6.933
6.939
6.945
6.953
6.954
6.965
6.967
6.981
6.988
6.991
6.995
6.999
7
7.013
7.016
7.022
7.032
7.04
7.045
7.056
7.059
7.06
7.063
7.065
7.069
7.074
7.081
7.082
7.093
7.1
7.104
7.108
7.11
7.117
7.119
7.134
7.137
7.141
7.145
7.173
7.199
7.204
7.206
7.207
7.209
7.214
7.227
7.234
7.234
7.243
7.244
7.247
7.249
7.273
7.292
7.303
7.307
7.313
7.314
7.32
7.32
7.322
7.328
7.332
7.334
7.335
7.336
7.336
7.346
7.363
7.372
7.376
7.383
7.384
7.395
7.401
7.403
7.405
7.419
7.432
7.441
7.442
7.46
7.482
7.482
7.495
7.515
7.52
7.529
7.532
7.533
7.542
7.545
7.546
7.55
7.55
7.554
7.555
7.565
7.57
7.584
7.591
7.602
7.607
7.615
7.616
7.635
7.637
7.638
7.641
7.642
7.649
7.652
7.662
7.663
7.67
7.677
7.677
7.684
7.687
7.687
7.691
7.702
7.708
7.71
7.716
7.717
7.72
7.722
7.722
7.723
7.725
7.738
7.74
7.741
7.744
7.749
7.755
7.756
7.758
7.759
7.77
7.773
7.779
7.783
7.796
7.796
7.797
7.802
7.803
7.804
7.807
7.813
7.816
7.818
7.82
7.821
7.822
7.83
7.831
7.834
7.842
7.848
7.849
7.849
7.851
7.851
7.86
7.863
7.864
7.866
7.866
7.867
7.875
7.877
7.881
7.882
7.882
7.882
7.886
7.889
7.895
7.896
7.898
7.907
7.909
7.911
7.911
7.925
7.926
7.928
7.937
7.939
7.942
7.944
7.951
7.952
7.954
7.957
7.964
7.974
7.975
7.981
7.982
7.983
7.986
7.987
7.988
7.992
8.005
8.009
8.015
8.015
8.017
8.021
8.021
8.021
8.025
8.03
8.035
8.04
8.045
8.046
8.05
8.052
8.054
8.065
8.068
8.069
8.07
8.07
8.072
8.075
8.076
8.076
8.078
8.079
8.082
8.091
8.094
8.095
8.103
8.104
8.107
8.113
8.12
8.126
8.131
8.137
8.149
8.15
8.154
8.156
8.157
8.159
8.16
8.161
8.164
8.165
8.168
8.168
8.17
8.171
8.176
8.178
8.18
8.181
8.182
8.185
8.186
8.188
8.191
8.192
8.194
8.195
8.198
8.205
8.218
8.221
8.23
8.231
8.233
8.238
8.238
8.241
8.244
8.252
8.253
8.256
8.258
8.264
8.277
8.278
8.279
8.279
8.28
8.284
8.288
8.304
8.311
8.318
8.321
8.325
8.329
8.335
8.34
8.341
8.348
8.354
8.355
8.364
8.364
8.368
8.371
8.38
8.385
8.389
8.397
8.398
8.402
8.406
8.411
8.415
8.416
8.426
8.427
8.439
8.44
8.441
8.451
8.454
8.455
8.469
8.473
8.476
8.479
8.485
8.487
8.494
8.501
8.502
8.507
8.536
8.537
8.541
8.549
8.55
8.559
8.562
8.563
8.567
8.591
8.602
8.606
8.607
8.614
8.617
8.63
8.635
8.64
8.641
8.642
8.644
8.645
8.66
8.664
8.664
8.669
8.676
8.678
8.683
8.688
8.688
8.689
8.691
8.7
8.703
8.706
8.707
8.71
8.712
8.721
8.721
8.734
8.737
8.74
8.741
8.751
8.758
8.762
8.767
8.774
8.782
8.795
8.797
8.808
8.811
8.814
8.821
8.823
8.831
8.838
8.839
8.861
8.861
8.876
8.877
8.878
8.896
8.898
8.906
8.906
8.906
8.917
8.933
8.934
8.937
8.945
8.968
8.97
8.985
8.992
9.003
9.005
9.009
9.009
9.011
9.014
9.026
9.028
9.031
9.039
9.044
9.048
9.058
9.069
9.072
9.076
9.091
9.103
9.103
9.114
9.119
9.126
9.128
9.129
9.165
9.175
9.181
9.189
9.199
9.2
9.201
9.202
9.21
9.216
9.233
9.234
9.24
9.249
9.256
9.258
9.259
9.265
9.267
9.268
9.271
9.275
9.279
9.291
9.3
9.332
9.334
9.34
9.348
9.355
9.357
9.374
9.377
9.379
9.401
9.404
9.424
9.426
9.428
9.437
9.437
9.439
9.457
9.464
9.47
9.471
9.481
9.498
9.523
9.536
9.549
9.563
9.566
9.569
9.574
9.592
9.595
9.598
9.6
9.609
9.615
9.631
9.637
9.638
9.653
9.655
9.684
9.699
9.717
9.722
9.726
9.767
9.78
9.784
9.802
9.805
9.819
9.821
9.851
9.854
9.862
9.862
9.87
9.875
9.887
9.891
9.894
9.913
9.929
9.945
9.951
9.968
10.007
10.01
10.012
10.028
10.028
10.036
10.05
10.051
10.052
10.096
10.105
10.133
10.143
10.154
10.181
10.185
10.185
10.186
10.194
10.195
10.198
10.2
10.203
10.226
10.242
10.256
10.276
10.277
10.287
10.295
10.305
10.33
10.344
10.417
10.443
10.448
10.459
10.467
10.477
10.486
10.511
10.513
10.528
10.531
10.535
10.544
10.547
10.549
10.554
10.559
10.561
10.571
10.571
10.573
10.584
10.607
10.608
10.616
10.622
10.627
10.654
10.659
10.668
10.671
10.672
10.68
10.697
10.718
10.72
10.737
10.739
10.749
10.756
10.757
10.758
10.772
10.776
10.778
10.804
10.829
10.829
10.832
10.832
10.836
10.836
10.842
10.843
10.845
10.873
10.883
10.884
10.885
10.891
10.892
10.892
10.894
10.895
10.899
10.901
10.902
10.912
10.912
10.926
10.957
10.966
10.975
10.985
10.988
11
11.005
11.013
11.019
11.02
11.022
11.028
11.031
11.061
11.067
11.073
11.117
11.148
11.15
11.166
11.197
11.218
11.218
11.237
11.238
11.259
11.274
11.291
11.32
11.323
11.324
11.328
11.335
11.335
11.339
11.341
11.353
11.354
11.358
11.373
11.38
11.381
11.382
11.393
11.402
11.404
11.409
11.416
11.435
11.437
11.445
11.445
11.446
11.447
11.464
11.484
11.489
11.489
11.498
11.502
11.509
11.518
11.519
11.528
11.559
11.57
11.57
11.579
11.585
11.588
11.595
11.599
11.626
11.628
11.635
11.642
11.647
11.659
11.662
11.67
11.673
11.677
11.715
11.718
11.728
11.755
11.764
11.767
11.769
11.8
11.81
11.826
11.831
11.853
11.859
11.877
11.878
11.903
11.909
11.949
11.951
11.955
11.994
12.01
12.044
12.052
12.071
12.129
12.138
12.148
12.156
12.161
12.164
12.186
12.19
12.193
12.208
12.223
12.266
12.294
12.294
12.301
12.32
12.331
12.338
12.36
12.401
12.44
12.484
12.579
12.608
12.629
12.667
12.691
12.749
12.75
12.78
12.808
12.82
12.93
12.984
13.055
13.06
13.071
13.1
13.107
13.289
13.319
13.381
13.431
13.543
13.562
13.631
13.638
13.693
13.824
13.856
14.029
14.041
14.12
14.172
14.307
14.35
14.356
14.692
14.967
15.011
15.211
15.255
15.298
15.818
15.964
16.003
16.046
16.068
16.077
16.313
16.576
16.688
16.971
17.101
17.241
17.335
17.404
17.591
17.765
17.787
17.864
18.121
18.787
19.133
19.185
19.205
19.673
20.85
20.985
21.603
21.765
23.526
23.839
25.54
27.271
28.412
