0.986
6.488
6.556
6.587
6.971
7.249
7.267
7.284
7.337
7.393
7.402
7.498
7.506
7.549
7.582
7.632
7.711
7.718
7.734
7.752
7.765
7.778
7.78
7.78
7.788
7.803
7.814
7.841
7.855
7.869
7.871
7.902
7.911
7.912
7.923
7.933
7.977
8
8.009
8.015
8.032
8.08
8.108
8.109
8.112
8.129
8.131
8.161
8.163
8.171
8.186
8.198
8.203
8.221
8.318
8.32
8.326
8.344
8.354
8.356
8.383
8.383
8.387
8.392
8.405
8.417
8.419
8.423
8.428
8.431
8.432
8.457
8.494
8.503
8.508
8.524
8.533
8.546
8.547
8.563
8.576
8.587
8.59
8.596
8.598
8.605
8.613
8.618
8.622
8.627
8.629
8.634
8.635
8.645
8.648
8.652
8.652
8.658
8.671
8.683
8.702
8.71
8.71
8.71
8.722
8.729
8.729
8.738
8.741
8.751
8.754
8.77
8.779
8.779
8.784
8.788
8.793
8.816
8.816
8.829
8.833
8.836
8.848
8.851
8.855
8.863
8.872
8.879
8.879
8.884
8.903
8.904
8.914
8.923
8.928
8.941
8.946
8.948
8.97
8.972
8.972
8.974
8.977
8.983
8.996
8.996
9
9.001
9.001
9.013
9.025
9.025
9.048
9.055
9.056
9.06
9.089
9.091
9.093
9.094
9.098
9.101
9.103
9.105
9.124
9.142
9.144
9.146
9.151
9.155
9.155
9.163
9.167
9.168
9.176
9.182
9.185
9.192
9.194
9.195
9.195
9.205
9.206
9.209
9.221
9.224
9.227
9.228
9.229
9.232
9.242
9.244
9.248
9.25
9.252
9.254
9.257
9.263
9.268
9.27
9.282
9.283
9.295
9.301
9.307
9.313
9.323
9.324
9.325
9.334
9.335
9.337
9.339
9.341
9.343
9.358
9.36
9.36
9.365
9.367
9.375
9.376
9.376
9.381
9.381
9.386
9.389
9.394
9.395
9.409
9.41
9.413
9.414
9.415
9.42
9.422
9.429
9.431
9.447
9.455
9.456
9.458
9.463
9.466
9.47
9.473
9.474
9.476
9.477
9.477
9.483
9.484
9.489
9.49
9.497
9.497
9.502
9.511
9.511
9.512
9.517
9.519
9.521
9.521
9.521
9.521
9.525
9.527
9.528
9.53
9.533
9.534
9.536
9.539
9.542
9.547
9.558
9.562
9.565
9.567
9.574
9.574
9.577
9.582
9.585
9.585
9.588
9.594
9.595
9.597
9.605
9.606
9.609
9.611
9.612
9.613
9.613
9.618
9.62
9.623
9.624
9.627
9.63
9.637
9.637
9.638
9.647
9.647
9.649
9.665
9.666
9.669
9.67
9.68
9.681
9.682
9.683
9.684
9.687
9.688
9.689
9.692
9.694
9.695
9.698
9.702
9.703
9.705
9.707
9.709
9.717
9.722
9.728
9.728
9.73
9.738
9.742
9.744
9.744
9.744
9.75
9.751
9.757
9.761
9.765
9.766
9.771
9.777
9.78
9.78
9.784
9.784
9.787
9.791
9.792
9.8
9.801
9.808
9.813
9.817
9.817
9.82
9.822
9.822
9.834
9.836
9.838
9.84
9.843
9.843
9.849
9.851
9.852
9.854
9.861
9.87
9.871
9.873
9.875
9.883
9.884
9.89
9.896
9.898
9.899
9.899
9.905
9.906
9.91
9.91
9.922
9.925
9.937
9.943
9.946
9.949
9.951
9.952
9.958
9.958
9.962
9.97
9.97
9.975
9.981
9.981
9.984
9.985
9.987
9.989
9.989
9.994
9.995
10.008
10.008
10.011
10.011
10.015
10.015
10.017
10.02
10.024
10.025
10.025
10.027
10.032
10.034
10.039
10.041
10.041
10.045
10.045
10.051
10.058
10.059
10.061
10.062
10.064
10.066
10.068
10.068
10.069
10.075
10.081
10.087
10.097
10.102
10.104
10.107
10.11
10.118
10.121
10.127
10.13
10.136
10.136
10.139
10.139
10.144
10.146
10.15
10.154
10.156
10.166
10.166
10.166
10.166
10.169
10.178
10.179
10.188
10.188
10.193
10.194
10.196
10.197
10.198
10.198
10.204
10.205
10.207
10.209
10.21
10.214
10.217
10.218
10.221
10.221
10.222
10.231
10.232
10.233
10.237
10.242
10.252
10.254
10.266
10.268
10.27
10.275
10.276
10.279
10.279
10.281
10.283
10.284
10.287
10.29
10.291
10.294
10.294
10.295
10.3
10.303
10.304
10.31
10.316
10.317
10.338
10.339
10.34
10.342
10.343
10.346
10.354
10.359
10.36
10.36
10.362
10.365
10.366
10.372
10.374
10.377
10.387
10.392
10.394
10.402
10.404
10.404
10.405
10.407
10.409
10.412
10.413
10.418
10.42
10.422
10.422
10.436
10.438
10.439
10.439
10.44
10.445
10.45
10.451
10.453
10.458
10.468
10.469
10.471
10.483
10.484
10.485
10.487
10.491
10.51
10.52
10.521
10.521
10.524
10.527
10.529
10.529
10.534
10.537
10.54
10.54
10.54
10.54
10.548
10.55
10.55
10.555
10.555
10.558
10.577
10.578
10.578
10.583
10.593
10.596
10.598
10.603
10.61
10.611
10.619
10.62
10.622
10.623
10.624
10.625
10.626
10.628
10.631
10.635
10.636
10.636
10.637
10.64
10.64
10.642
10.642
10.644
10.645
10.649
10.656
10.659
10.661
10.663
10.665
10.665
10.666
10.676
10.676
10.677
10.685
10.689
10.689
10.694
10.695
10.699
10.703
10.705
10.706
10.708
10.715
10.717
10.72
10.724
10.724
10.727
10.728
10.732
10.738
10.743
10.743
10.746
10.756
10.772
10.775
10.776
10.778
10.779
10.783
10.785
10.787
10.787
10.79
10.79
10.799
10.8
10.804
10.805
10.807
10.807
10.809
10.814
10.817
10.824
10.828
10.836
10.837
10.847
10.848
10.871
10.881
10.885
10.895
10.896
10.898
10.899
10.903
10.904
10.917
10.922
10.927
10.929
10.933
10.939
10.941
10.943
10.943
10.944
10.945
10.948
10.948
10.948
10.955
10.956
10.958
10.959
10.961
10.962
10.964
10.967
10.98
10.98
10.984
10.984
10.989
10.993
10.993
10.993
10.996
10.996
11.004
11.022
11.023
11.023
11.023
11.029
11.029
11.03
11.043
11.047
11.05
11.052
11.055
11.055
11.059
11.066
11.07
11.076
11.078
11.082
11.083
11.084
11.087
11.09
11.092
11.1
11.104
11.105
11.11
11.112
11.118
11.118
11.12
11.124
11.126
11.126
11.127
11.127
11.128
11.128
11.137
11.142
11.143
11.144
11.153
11.153
11.154
11.154
11.158
11.16
11.161
11.162
11.182
11.184
11.184
11.185
11.187
11.193
11.196
11.201
11.212
11.213
11.217
11.22
11.221
11.222
11.226
11.23
11.231
11.239
11.24
11.242
11.245
11.245
11.251
11.254
11.258
11.267
11.268
11.268
11.271
11.275
11.29
11.292
11.293
11.294
11.295
11.297
11.3
11.305
11.315
11.316
11.316
11.319
11.328
11.334
11.334
11.337
11.339
11.34
11.341
11.352
11.352
11.356
11.361
11.363
11.363
11.37
11.372
11.377
11.378
11.38
11.381
11.384
11.386
11.388
11.388
11.389
11.391
11.391
11.392
11.393
11.394
11.396
11.397
11.398
11.401
11.407
11.414
11.416
11.421
11.422
11.423
11.424
11.43
11.431
11.44
11.441
11.441
11.441
11.448
11.451
11.452
11.455
11.457
11.46
11.465
11.473
11.473
11.475
11.483
11.487
11.488
11.491
11.492
11.492
11.496
11.496
11.5
11.501
11.502
11.509
11.511
11.512
11.514
11.517
11.52
11.521
11.523
11.524
11.527
11.537
11.538
11.545
11.551
11.552
11.563
11.563
11.565
11.567
11.568
11.571
11.576
11.578
11.583
11.589
11.596
11.601
11.602
11.604
11.612
11.612
11.615
11.615
11.619
11.62
11.624
11.627
11.628
11.631
11.631
11.653
11.655
11.66
11.664
11.664
11.671
11.672
11.674
11.675
11.676
11.676
11.678
11.681
11.683
11.686
11.689
11.693
11.701
11.702
11.702
11.71
11.711
11.712
11.714
11.716
11.72
11.72
11.73
11.734
11.736
11.743
11.744
11.746
11.747
11.754
11.757
11.761
11.772
11.779
11.779
11.781
11.782
11.783
11.787
11.79
11.793
11.796
11.796
11.798
11.809
11.809
11.811
11.811
11.813
11.818
11.822
11.822
11.833
11.835
11.836
11.838
11.838
11.838
11.841
11.845
11.845
11.85
11.851
11.852
11.857
11.857
11.859
11.862
11.869
11.879
11.882
11.89
11.893
11.898
11.904
11.904
11.912
11.912
11.914
11.922
11.923
11.924
11.927
11.927
11.93
11.933
11.936
11.937
11.937
11.937
11.938
11.939
11.944
11.945
11.946
11.947
11.95
11.951
11.954
11.957
11.958
11.962
11.964
11.976
11.977
11.978
11.981
11.989
11.994
11.999
12.002
12.003
12.007
12.012
12.021
12.022
12.033
12.034
12.036
12.037
12.037
12.047
12.055
12.057
12.069
12.072
12.072
12.077
12.085
12.098
12.101
12.106
12.108
12.112
12.115
12.116
12.118
12.12
12.122
12.123
12.128
12.128
12.135
12.136
12.138
12.139
12.14
12.14
12.141
12.141
12.144
12.149
12.156
12.158
12.159
12.162
12.164
12.171
12.174
12.177
12.178
12.182
12.183
12.183
12.188
12.188
12.193
12.194
12.207
12.21
12.21
12.221
12.225
12.231
12.232
12.236
12.244
12.244
12.246
12.249
12.255
12.257
12.257
12.258
12.259
12.265
12.265
12.27
12.275
12.281
12.287
12.29
12.291
12.292
12.292
12.293
12.296
12.296
12.298
12.301
12.302
12.303
12.316
12.318
12.319
12.325
12.325
12.331
12.333
12.335
12.345
12.352
12.353
12.354
12.357
12.357
12.361
12.365
12.369
12.371
12.373
12.384
12.396
12.396
12.398
12.399
12.401
12.403
12.404
12.406
12.407
12.409
12.411
12.413
12.414
12.414
12.415
12.415
12.417
12.436
12.447
12.448
12.448
12.449
12.451
12.452
12.456
12.458
12.463
12.465
12.47
12.474
12.474
12.476
12.476
12.477
12.486
12.487
12.489
12.495
12.495
12.497
12.499
12.503
12.508
12.509
12.511
12.514
12.515
12.521
12.524
12.524
12.527
12.528
12.535
12.537
12.537
12.545
12.547
12.548
12.548
12.551
12.551
12.554
12.556
12.558
12.558
12.562
12.567
12.568
12.569
12.571
12.578
12.581
12.585
12.586
12.59
12.592
12.595
12.596
12.604
12.61
12.611
12.625
12.639
12.64
12.661
12.662
12.668
12.67
12.67
12.672
12.673
12.677
12.681
12.682
12.686
12.687
12.692
12.692
12.7
12.705
12.707
12.707
12.712
12.716
12.73
12.734
12.734
12.739
12.744
12.744
12.746
12.752
12.753
12.753
12.758
12.758
12.785
12.788
12.793
12.794
12.797
12.798
12.803
12.804
12.812
12.816
12.817
12.821
12.822
12.832
12.833
12.839
12.841
12.844
12.85
12.85
12.856
12.857
12.861
12.864
12.869
12.874
12.874
12.876
12.876
12.879
12.88
12.881
12.889
12.902
12.903
12.908
12.908
12.912
12.925
12.934
12.935
12.937
12.939
12.94
12.945
12.946
12.949
12.951
12.951
12.955
12.959
12.96
12.961
12.967
12.968
12.968
12.977
12.977
12.991
12.995
13.003
13.008
13.018
13.026
13.029
13.039
13.042
13.045
13.065
13.07
13.071
13.072
13.083
13.085
13.097
13.097
13.1
13.1
13.104
13.111
13.114
13.117
13.121
13.122
13.123
13.124
13.128
13.129
13.13
13.135
13.135
13.146
13.149
13.155
13.163
13.165
13.173
13.176
13.18
13.181
13.187
13.188
13.196
13.196
13.198
13.2
13.202
13.209
13.211
13.214
13.225
13.226
13.227
13.228
13.234
13.241
13.243
13.246
13.249
13.251
13.26
13.261
13.262
13.264
13.264
13.269
13.285
13.288
13.295
13.3
13.303
13.311
13.316
13.321
13.322
13.322
13.326
13.329
13.333
13.345
13.347
13.347
13.351
13.354
13.365
13.369
13.392
13.396
13.398
13.409
13.41
13.413
13.417
13.418
13.429
13.429
13.441
13.448
13.453
13.466
13.469
13.47
13.477
13.478
13.485
13.492
13.493
13.499
13.5
13.512
13.533
13.534
13.539
13.542
13.545
13.546
13.547
13.549
13.55
13.55
13.554
13.574
13.581
13.588
13.602
13.605
13.609
13.613
13.615
13.622
13.623
13.628
13.634
13.635
13.638
13.65
13.656
13.658
13.664
13.669
13.671
13.713
13.72
13.722
13.73
13.737
13.749
13.756
13.758
13.77
13.77
13.772
13.785
13.786
13.789
13.791
13.793
13.796
13.81
13.815
13.817
13.823
13.823
13.824
13.824
13.825
13.826
13.851
13.855
13.858
13.873
13.875
13.884
13.902
13.904
13.904
13.904
13.913
13.914
13.92
13.923
13.925
13.927
13.927
13.932
13.933
13.935
13.946
13.953
13.957
13.959
13.962
13.97
13.972
13.975
13.979
13.984
13.996
13.998
14.007
14.015
14.028
14.032
14.04
14.042
14.044
14.052
14.057
14.059
14.066
14.073
14.079
14.094
14.118
14.126
14.129
14.132
14.133
14.136
14.137
14.138
14.145
14.149
14.16
14.165
14.165
14.188
14.196
14.21
14.212
14.215
14.222
14.229
14.231
14.231
14.233
14.234
14.236
14.237
14.243
14.244
14.246
14.249
14.26
14.261
14.265
14.266
14.266
14.267
14.271
14.279
14.283
14.29
14.297
14.312
14.326
14.34
14.342
14.349
14.349
14.351
14.355
14.355
14.363
14.364
14.367
14.368
14.368
14.37
14.372
14.377
14.397
14.4
14.4
14.402
14.412
14.415
14.417
14.428
14.439
14.442
14.457
14.458
14.473
14.476
14.493
14.501
14.502
14.503
14.506
14.509
14.511
14.511
14.512
14.525
14.526
14.529
14.534
14.539
14.545
14.548
14.548
14.555
14.566
14.567
14.57
14.57
14.577
14.589
14.594
14.602
14.613
14.618
14.628
14.63
14.635
14.638
14.642
14.662
14.665
14.668
14.673
14.684
14.702
14.703
14.739
14.741
14.75
14.757
14.761
14.761
14.77
14.771
14.782
14.782
14.783
14.789
14.807
14.812
14.814
14.823
14.829
14.838
14.851
14.851
14.852
14.853
14.859
14.862
14.867
14.868
14.877
14.879
14.891
14.894
14.895
14.917
14.926
14.927
14.934
14.938
14.939
14.945
14.948
14.953
14.958
14.963
14.964
14.967
14.97
14.976
14.976
14.996
15.004
15.047
15.05
15.051
15.052
15.054
15.055
15.063
15.069
15.082
15.084
15.095
15.096
15.102
15.104
15.115
15.13
15.133
15.134
15.141
15.149
15.155
15.16
15.16
15.161
15.17
15.173
15.175
15.177
15.178
15.183
15.192
15.192
15.193
15.195
15.215
15.219
15.225
15.227
15.232
15.232
15.233
15.236
15.253
15.258
15.258
15.263
15.269
15.271
15.275
15.277
15.288
15.31
15.314
15.315
15.322
15.323
15.326
15.333
15.347
15.348
15.348
15.355
15.369
15.371
15.378
15.384
15.384
15.385
15.386
15.391
15.408
15.416
15.42
15.425
15.438
15.438
15.453
15.455
15.465
15.483
15.486
15.495
15.498
15.499
15.5
15.508
15.515
15.516
15.526
15.529
15.532
15.542
15.544
15.571
15.575
15.576
15.581
15.586
15.587
15.59
15.596
15.599
15.601
15.603
15.613
15.626
15.633
15.647
15.647
15.65
15.65
15.661
15.665
15.683
15.686
15.687
15.7
15.709
15.71
15.714
15.731
15.743
15.749
15.752
15.756
15.762
15.762
15.763
15.771
15.777
15.783
15.8
15.808
15.816
15.837
15.838
15.839
15.844
15.85
15.866
15.868
15.876
15.877
15.883
15.885
15.89
15.894
15.897
15.909
15.914
15.935
15.936
15.951
15.957
15.96
15.969
15.978
15.978
15.985
16.002
16.007
16.007
16.01
16.015
16.026
16.027
16.028
16.032
16.032
16.038
16.044
16.061
16.072
16.079
16.091
16.092
16.093
16.098
16.1
16.108
16.128
16.129
16.135
16.136
16.137
16.142
16.146
16.15
16.154
16.157
16.164
16.168
16.17
16.174
16.185
16.189
16.199
16.205
16.213
16.218
16.22
16.231
16.231
16.239
16.239
16.251
16.251
16.254
16.257
16.26
16.26
16.265
16.27
16.271
16.286
16.289
16.295
16.298
16.304
16.309
16.312
16.318
16.318
16.32
16.321
16.322
16.337
16.337
16.338
16.354
16.363
16.366
16.368
16.375
16.377
16.377
16.384
16.395
16.396
16.397
16.402
16.429
16.43
16.438
16.454
16.455
16.456
16.484
16.49
16.494
16.496
16.496
16.501
16.502
16.52
16.527
16.531
16.538
16.543
16.545
16.554
16.56
16.564
16.571
16.59
16.593
16.604
16.604
16.623
16.624
16.635
16.636
16.638
16.639
16.648
16.648
16.649
16.654
16.665
16.67
16.679
16.688
16.705
16.706
16.713
16.717
16.72
16.721
16.728
16.737
16.748
16.765
16.793
16.8
16.81
16.812
16.843
16.849
16.855
16.861
16.882
16.885
16.886
16.9
16.91
16.918
16.926
16.929
16.94
16.946
16.948
16.949
16.951
16.958
16.967
16.968
16.973
16.985
16.997
17.002
17.007
17.019
17.02
17.029
17.039
17.04
17.05
17.065
17.069
17.07
17.105
17.11
17.133
17.14
17.144
17.156
17.156
17.156
17.158
17.164
17.165
17.167
17.175
17.181
17.182
17.188
17.193
17.194
17.199
17.201
17.209
17.212
17.225
17.226
17.226
17.243
17.246
17.252
17.253
17.256
17.263
17.267
17.268
17.272
17.277
17.278
17.281
17.287
17.288
17.293
17.293
17.294
17.303
17.326
17.327
17.339
17.349
17.35
17.358
17.366
17.373
17.376
17.399
17.432
17.435
17.439
17.444
17.446
17.452
17.454
17.456
17.474
17.48
17.48
17.487
17.489
17.528
17.537
17.542
17.553
17.556
17.561
17.563
17.569
17.569
17.569
17.574
17.577
17.583
17.6
17.622
17.622
17.629
17.631
17.643
17.645
17.661
17.687
17.692
17.7
17.718
17.726
17.727
17.73
17.738
17.738
17.761
17.764
17.764
17.773
17.784
17.798
17.798
17.807
17.834
17.843
17.844
17.845
17.847
17.849
17.857
17.884
17.886
17.893
17.901
17.904
17.919
17.935
17.936
17.937
17.95
17.95
17.952
17.952
17.953
17.954
17.96
17.985
17.988
18.019
18.027
18.029
18.033
18.034
18.039
18.043
18.049
18.063
18.069
18.084
18.086
18.103
18.11
18.111
18.12
18.125
18.136
18.156
18.169
18.182
18.209
18.215
18.227
18.233
18.267
18.268
18.276
18.304
18.315
18.336
18.345
18.348
18.363
18.368
18.371
18.373
18.392
18.41
18.461
18.478
18.48
18.489
18.501
18.514
18.531
18.534
18.537
18.554
18.554
18.555
18.562
18.57
18.573
18.584
18.596
18.612
18.662
18.699
18.724
18.73
18.765
18.767
18.775
18.777
18.792
18.8
18.807
18.813
18.813
18.818
18.822
18.833
18.845
18.847
18.847
18.871
18.871
18.907
18.933
18.946
18.958
18.963
18.975
18.986
19.018
19.029
19.086
19.09
19.092
19.107
19.113
19.123
19.125
19.145
19.153
19.177
19.19
19.217
19.252
19.256
19.278
19.283
19.296
19.312
19.334
19.351
19.352
19.353
19.371
19.376
19.379
19.382
19.406
19.406
19.448
19.46
19.479
19.481
19.49
19.493
19.498
19.529
19.547
19.55
19.561
19.59
19.659
19.668
19.678
19.706
19.706
19.718
19.729
19.744
19.754
19.76
19.829
19.843
19.864
19.891
19.979
19.984
20.021
20.045
20.069
20.084
20.097
20.108
20.121
20.244
20.253
20.279
20.286
20.294
20.319
20.337
20.345
20.358
20.399
20.408
20.429
20.437
20.467
20.478
20.509
20.548
20.55
20.55
20.559
20.584
20.601
20.722
20.724
20.725
20.776
20.832
20.842
20.874
20.939
20.951
20.951
21.005
21.009
21.013
21.069
21.071
21.098
21.122
21.123
21.125
21.219
21.238
21.24
21.264
21.294
21.363
21.385
21.399
21.411
21.433
21.491
21.565
21.6
21.697
21.722
21.733
21.741
21.778
21.787
21.794
21.817
21.823
21.844
21.846
21.867
21.904
21.915
21.935
21.971
21.977
21.984
21.987
22.034
22.041
22.044
22.049
22.108
22.121
22.23
22.244
22.27
22.283
22.304
22.33
22.367
22.408
22.426
22.442
22.452
22.539
22.564
22.571
22.575
22.603
22.608
22.619
22.645
22.691
22.721
22.755
22.759
22.876
22.925
22.926
22.965
23.102
23.139
23.167
23.191
23.225
23.263
23.33
23.346
23.454
23.504
23.575
23.617
23.68
23.689
23.891
23.897
23.898
24.056
24.065
24.082
24.114
24.151
24.275
24.315
24.34
24.453
24.543
24.613
24.642
24.669
24.671
24.7
24.747
24.75
24.833
24.868
24.887
24.936
25.318
25.345
25.371
25.549
25.621
25.848
26.011
26.078
26.127
26.207
26.228
26.25
26.453
26.565
26.604
26.749
26.873
26.902
27.194
27.224
27.426
27.792
27.809
27.845
27.849
27.921
28.156
28.247
28.796
29.02
29.05
29.085
29.337
29.905
30.09
32.898
33.184
33.488
34.566
37.531
