1.423
6.316
6.402
6.562
6.611
6.67
6.741
6.758
6.766
6.772
6.776
6.827
6.857
6.863
6.911
6.925
6.936
6.961
7.004
7.015
7.027
7.037
7.088
7.329
7.33
7.341
7.38
7.407
7.415
7.418
7.433
7.445
7.447
7.534
7.619
7.62
7.621
7.65
7.692
7.714
7.723
7.735
7.737
7.79
7.854
7.872
7.904
7.913
7.93
7.97
8.034
8.05
8.05
8.062
8.068
8.088
8.091
8.134
8.138
8.165
8.187
8.205
8.207
8.213
8.218
8.224
8.226
8.227
8.23
8.238
8.238
8.247
8.249
8.26
8.283
8.31
8.32
8.331
8.335
8.358
8.366
8.38
8.4
8.404
8.411
8.427
8.434
8.448
8.448
8.455
8.46
8.466
8.494
8.494
8.499
8.519
8.522
8.562
8.575
8.579
8.58
8.589
8.591
8.592
8.598
8.608
8.623
8.637
8.637
8.653
8.659
8.659
8.661
8.673
8.673
8.677
8.677
8.679
8.687
8.69
8.699
8.712
8.722
8.722
8.729
8.734
8.735
8.737
8.756
8.773
8.782
8.795
8.798
8.807
8.809
8.81
8.814
8.82
8.825
8.826
8.828
8.828
8.831
8.833
8.835
8.836
8.838
8.842
8.852
8.858
8.865
8.867
8.87
8.871
8.875
8.88
8.885
8.897
8.897
8.901
8.918
8.921
8.924
8.933
8.938
8.94
8.951
8.957
8.958
8.96
8.96
8.96
8.967
8.97
8.977
8.986
8.992
8.993
8.994
8.994
8.999
9.004
9.011
9.014
9.014
9.017
9.024
9.024
9.033
9.05
9.059
9.063
9.074
9.075
9.079
9.084
9.085
9.086
9.09
9.09
9.091
9.094
9.096
9.097
9.103
9.103
9.106
9.11
9.125
9.136
9.138
9.142
9.146
9.158
9.164
9.164
9.167
9.167
9.171
9.176
9.176
9.183
9.185
9.188
9.195
9.196
9.198
9.198
9.209
9.226
9.227
9.239
9.243
9.245
9.246
9.247
9.247
9.257
9.258
9.259
9.263
9.266
9.268
9.277
9.288
9.3
9.301
9.303
9.308
9.309
9.309
9.314
9.316
9.318
9.321
9.338
9.34
9.35
9.358
9.368
9.368
9.378
9.379
9.382
9.382
9.384
9.388
9.389
9.39
9.397
9.399
9.401
9.402
9.402
9.403
9.406
9.408
9.41
9.417
9.424
9.429
9.431
9.432
9.434
9.44
9.444
9.445
9.45
9.457
9.46
9.47
9.48
9.48
9.481
9.488
9.493
9.493
9.493
9.494
9.512
9.533
9.542
9.544
9.557
9.558
9.56
9.566
9.569
9.582
9.582
9.582
9.585
9.601
9.602
9.603
9.615
9.621
9.625
9.629
9.629
9.63
9.639
9.644
9.644
9.647
9.647
9.649
9.652
9.655
9.656
9.664
9.664
9.667
9.667
9.669
9.672
9.675
9.675
9.678
9.682
9.683
9.684
9.685
9.686
9.689
9.69
9.691
9.692
9.695
9.698
9.701
9.702
9.703
9.705
9.706
9.707
9.708
9.709
9.713
9.729
9.735
9.736
9.736
9.736
9.738
9.747
9.747
9.756
9.757
9.758
9.761
9.763
9.764
9.769
9.772
9.772
9.774
9.775
9.781
9.788
9.796
9.798
9.799
9.806
9.809
9.81
9.812
9.814
9.817
9.817
9.818
9.827
9.832
9.834
9.836
9.837
9.837
9.838
9.839
9.84
9.843
9.849
9.85
9.851
9.852
9.853
9.857
9.86
9.86
9.862
9.862
9.868
9.871
9.875
9.876
9.882
9.884
9.887
9.888
9.89
9.89
9.891
9.893
9.893
9.901
9.905
9.907
9.908
9.909
9.918
9.928
9.928
9.931
9.933
9.938
9.941
9.951
9.951
9.953
9.955
9.963
9.964
9.965
9.974
9.976
9.981
9.99
9.991
9.997
9.999
10
10.005
10.009
10.01
10.014
10.016
10.017
10.017
10.02
10.021
10.023
10.023
10.029
10.036
10.038
10.044
10.049
10.054
10.061
10.061
10.063
10.069
10.069
10.071
10.075
10.079
10.082
10.083
10.084
10.088
10.089
10.091
10.097
10.098
10.098
10.099
10.103
10.113
10.114
10.115
10.119
10.119
10.12
10.121
10.122
10.13
10.134
10.136
10.143
10.152
10.155
10.156
10.157
10.16
10.161
10.169
10.172
10.172
10.173
10.175
10.176
10.176
10.177
10.177
10.182
10.186
10.186
10.191
10.195
10.195
10.2
10.216
10.219
10.221
10.222
10.228
10.228
10.228
10.228
10.229
10.231
10.233
10.235
10.236
10.242
10.244
10.246
10.247
10.248
10.257
10.258
10.267
10.268
10.272
10.272
10.275
10.276
10.278
10.28
10.281
10.282
10.285
10.287
10.287
10.288
10.291
10.296
10.298
10.301
10.311
10.311
10.315
10.316
10.317
10.321
10.322
10.324
10.331
10.332
10.334
10.34
10.34
10.344
10.345
10.351
10.351
10.357
10.358
10.359
10.362
10.365
10.37
10.375
10.379
10.379
10.379
10.381
10.382
10.382
10.384
10.387
10.388
10.389
10.39
10.393
10.398
10.399
10.403
10.408
10.411
10.413
10.413
10.415
10.415
10.418
10.422
10.422
10.427
10.429
10.432
10.433
10.434
10.435
10.438
10.439
10.441
10.443
10.444
10.445
10.446
10.446
10.446
10.447
10.449
10.457
10.457
10.457
10.457
10.47
10.471
10.476
10.48
10.482
10.487
10.488
10.488
10.5
10.503
10.503
10.506
10.508
10.517
10.52
10.52
10.523
10.524
10.528
10.536
10.538
10.539
10.543
10.545
10.554
10.554
10.555
10.562
10.562
10.562
10.572
10.576
10.577
10.578
10.579
10.579
10.579
10.589
10.592
10.599
10.605
10.609
10.611
10.616
10.618
10.618
10.622
10.624
10.625
10.626
10.626
10.627
10.628
10.63
10.63
10.633
10.634
10.634
10.639
10.645
10.677
10.682
10.682
10.683
10.684
10.689
10.69
10.692
10.693
10.699
10.699
10.699
10.703
10.703
10.705
10.707
10.708
10.718
10.722
10.723
10.724
10.726
10.728
10.729
10.73
10.734
10.734
10.736
10.751
10.765
10.767
10.768
10.769
10.77
10.774
10.774
10.775
10.783
10.786
10.79
10.792
10.794
10.796
10.797
10.8
10.801
10.801
10.802
10.804
10.805
10.805
10.812
10.819
10.821
10.823
10.826
10.831
10.842
10.848
10.859
10.861
10.865
10.865
10.867
10.871
10.877
10.877
10.883
10.889
10.89
10.893
10.901
10.902
10.909
10.91
10.916
10.925
10.925
10.925
10.929
10.929
10.93
10.936
10.936
10.944
10.952
10.96
10.965
10.966
10.973
10.977
10.979
10.981
10.982
10.99
10.993
10.995
10.998
11
11.003
11.011
11.012
11.012
11.016
11.024
11.026
11.03
11.034
11.035
11.038
11.044
11.048
11.052
11.055
11.069
11.074
11.086
11.092
11.101
11.103
11.103
11.105
11.112
11.112
11.121
11.124
11.125
11.125
11.126
11.128
11.128
11.13
11.131
11.134
11.136
11.137
11.137
11.139
11.147
11.15
11.155
11.155
11.159
11.16
11.162
11.165
11.166
11.167
11.172
11.174
11.18
11.187
11.194
11.195
11.198
11.201
11.202
11.203
11.209
11.212
11.218
11.22
11.226
11.226
11.231
11.234
11.236
11.241
11.242
11.254
11.254
11.255
11.255
11.259
11.26
11.263
11.264
11.271
11.272
11.277
11.279
11.28
11.28
11.287
11.298
11.306
11.311
11.314
11.315
11.317
11.318
11.324
11.325
11.326
11.328
11.33
11.335
11.34
11.353
11.355
11.359
11.361
11.366
11.373
11.374
11.376
11.381
11.391
11.394
11.396
11.396
11.403
11.404
11.408
11.409
11.412
11.412
11.412
11.416
11.423
11.425
11.426
11.427
11.428
11.432
11.438
11.443
11.452
11.452
11.455
11.459
11.461
11.462
11.477
11.48
11.483
11.487
11.489
11.49
11.496
11.499
11.499
11.511
11.516
11.517
11.525
11.529
11.544
11.546
11.546
11.553
11.56
11.568
11.568
11.572
11.572
11.573
11.583
11.584
11.586
11.588
11.598
11.6
11.604
11.608
11.61
11.611
11.612
11.615
11.616
11.618
11.618
11.624
11.631
11.632
11.64
11.643
11.648
11.649
11.656
11.66
11.666
11.668
11.669
11.673
11.677
11.677
11.68
11.683
11.686
11.69
11.69
11.698
11.702
11.709
11.711
11.712
11.718
11.724
11.725
11.728
11.732
11.734
11.738
11.738
11.748
11.75
11.752
11.764
11.766
11.767
11.769
11.77
11.77
11.772
11.773
11.773
11.78
11.782
11.792
11.798
11.799
11.803
11.804
11.806
11.806
11.809
11.813
11.821
11.823
11.828
11.837
11.839
11.844
11.847
11.859
11.871
11.874
11.883
11.888
11.897
11.899
11.899
11.905
11.906
11.912
11.919
11.922
11.923
11.924
11.926
11.939
11.94
11.94
11.94
11.949
11.958
11.96
11.961
11.962
11.964
11.971
11.971
11.974
11.977
11.978
11.978
11.979
11.98
11.981
11.983
11.983
11.986
11.99
11.993
11.997
11.999
12.003
12.004
12.005
12.007
12.019
12.026
12.029
12.031
12.035
12.049
12.049
12.05
12.054
12.055
12.055
12.057
12.058
12.063
12.065
12.068
12.072
12.073
12.08
12.081
12.083
12.086
12.087
12.09
12.091
12.092
12.094
12.1
12.101
12.102
12.105
12.106
12.11
12.112
12.113
12.12
12.12
12.124
12.126
12.136
12.138
12.143
12.144
12.146
12.147
12.15
12.151
12.152
12.158
12.158
12.159
12.159
12.164
12.17
12.17
12.182
12.183
12.185
12.185
12.187
12.191
12.192
12.193
12.197
12.197
12.202
12.203
12.204
12.205
12.207
12.211
12.214
12.221
12.224
12.225
12.227
12.228
12.237
12.239
12.24
12.243
12.251
12.252
12.253
12.253
12.262
12.264
12.267
12.271
12.272
12.274
12.274
12.279
12.28
12.281
12.282
12.288
12.293
12.296
12.301
12.302
12.312
12.318
12.32
12.322
12.336
12.338
12.338
12.34
12.347
12.349
12.35
12.351
12.353
12.354
12.356
12.357
12.362
12.364
12.369
12.37
12.371
12.372
12.372
12.377
12.383
12.386
12.393
12.395
12.399
12.4
12.402
12.412
12.415
12.415
12.416
12.418
12.42
12.421
12.428
12.432
12.434
12.437
12.441
12.441
12.443
12.443
12.443
12.449
12.45
12.462
12.468
12.47
12.47
12.472
12.472
12.473
12.474
12.476
12.478
12.486
12.493
12.495
12.496
12.496
12.499
12.499
12.503
12.505
12.506
12.507
12.507
12.509
12.514
12.521
12.525
12.53
12.533
12.535
12.535
12.537
12.539
12.541
12.543
12.546
12.55
12.55
12.551
12.558
12.564
12.565
12.568
12.569
12.569
12.57
12.571
12.58
12.583
12.583
12.585
12.585
12.587
12.595
12.596
12.597
12.601
12.603
12.604
12.607
12.613
12.613
12.613
12.617
12.623
12.624
12.627
12.628
12.629
12.632
12.634
12.641
12.642
12.645
12.648
12.658
12.662
12.666
12.671
12.671
12.672
12.674
12.675
12.675
12.679
12.68
12.68
12.683
12.687
12.687
12.688
12.691
12.694
12.695
12.701
12.702
12.707
12.707
12.708
12.71
12.714
12.723
12.726
12.727
12.727
12.733
12.733
12.738
12.74
12.741
12.744
12.744
12.744
12.764
12.765
12.768
12.773
12.774
12.775
12.775
12.775
12.776
12.776
12.779
12.781
12.783
12.784
12.786
12.791
12.792
12.796
12.796
12.797
12.804
12.806
12.807
12.807
12.811
12.813
12.814
12.815
12.817
12.818
12.819
12.828
12.828
12.83
12.832
12.834
12.841
12.841
12.843
12.844
12.845
12.846
12.848
12.85
12.852
12.853
12.854
12.856
12.859
12.859
12.861
12.864
12.867
12.868
12.869
12.869
12.873
12.873
12.881
12.885
12.885
12.894
12.901
12.906
12.907
12.915
12.917
12.931
12.937
12.94
12.946
12.946
12.948
12.95
12.951
12.951
12.953
12.956
12.957
12.975
12.984
12.999
12.999
13.003
13.004
13.007
13.007
13.007
13.009
13.019
13.019
13.028
13.029
13.041
13.041
13.044
13.044
13.046
13.065
13.066
13.069
13.071
13.073
13.08
13.091
13.092
13.093
13.103
13.104
13.108
13.112
13.114
13.116
13.117
13.119
13.126
13.135
13.146
13.15
13.152
13.161
13.172
13.173
13.174
13.174
13.177
13.184
13.187
13.199
13.205
13.21
13.212
13.217
13.22
13.222
13.223
13.227
13.236
13.243
13.244
13.251
13.254
13.257
13.263
13.264
13.27
13.275
13.276
13.278
13.285
13.285
13.291
13.292
13.299
13.3
13.305
13.307
13.312
13.319
13.325
13.328
13.339
13.344
13.353
13.356
13.358
13.367
13.375
13.384
13.396
13.4
13.406
13.413
13.416
13.418
13.423
13.425
13.425
13.425
13.427
13.43
13.45
13.45
13.451
13.454
13.455
13.457
13.458
13.46
13.461
13.476
13.49
13.492
13.503
13.505
13.505
13.513
13.513
13.52
13.521
13.524
13.524
13.539
13.54
13.541
13.55
13.551
13.557
13.561
13.564
13.581
13.585
13.59
13.593
13.593
13.594
13.598
13.609
13.615
13.634
13.636
13.638
13.644
13.644
13.65
13.661
13.677
13.679
13.68
13.703
13.708
13.709
13.714
13.715
13.718
13.725
13.728
13.734
13.741
13.746
13.747
13.749
13.753
13.754
13.765
13.769
13.771
13.774
13.779
13.78
13.782
13.788
13.793
13.795
13.801
13.807
13.808
13.82
13.833
13.836
13.842
13.859
13.875
13.876
13.879
13.88
13.885
13.902
13.903
13.908
13.913
13.916
13.917
13.926
13.933
13.938
13.942
13.943
13.945
13.949
13.968
13.975
13.978
13.98
13.986
13.992
14.001
14.023
14.039
14.04
14.046
14.05
14.053
14.056
14.061
14.061
14.061
14.065
14.073
14.074
14.077
14.088
14.091
14.091
14.093
14.101
14.103
14.104
14.105
14.116
14.122
14.129
14.131
14.134
14.136
14.137
14.139
14.141
14.147
14.147
14.155
14.162
14.166
14.169
14.172
14.18
14.188
14.193
14.2
14.202
14.206
14.208
14.211
14.216
14.218
14.226
14.228
14.229
14.232
14.24
14.241
14.241
14.245
14.246
14.248
14.257
14.261
14.273
14.276
14.288
14.298
14.299
14.299
14.307
14.314
14.315
14.318
14.32
14.326
14.337
14.338
14.339
14.34
14.341
14.342
14.353
14.363
14.373
14.374
14.386
14.389
14.39
14.391
14.413
14.416
14.422
14.424
14.427
14.428
14.431
14.437
14.437
14.439
14.441
14.441
14.442
14.447
14.449
14.471
14.483
14.485
14.488
14.488
14.492
14.495
14.507
14.508
14.515
14.517
14.524
14.528
14.532
14.537
14.538
14.543
14.547
14.552
14.567
14.569
14.57
14.571
14.58
14.582
14.588
14.591
14.597
14.601
14.604
14.611
14.611
14.616
14.619
14.622
14.624
14.625
14.635
14.647
14.65
14.65
14.654
14.672
14.672
14.675
14.681
14.687
14.689
14.699
14.704
14.71
14.713
14.719
14.741
14.741
14.742
14.744
14.752
14.754
14.762
14.762
14.765
14.77
14.771
14.789
14.792
14.801
14.803
14.815
14.82
14.823
14.823
14.833
14.838
14.84
14.842
14.845
14.849
14.849
14.858
14.86
14.868
14.869
14.874
14.88
14.882
14.887
14.895
14.896
14.899
14.905
14.913
14.917
14.919
14.926
14.932
14.932
14.933
14.935
14.935
14.937
14.942
14.943
14.95
14.956
14.958
14.965
14.966
14.981
15.009
15.015
15.016
15.02
15.022
15.024
15.026
15.041
15.043
15.048
15.065
15.068
15.075
15.094
15.102
15.11
15.112
15.121
15.123
15.141
15.156
15.158
15.16
15.162
15.163
15.166
15.173
15.188
15.188
15.191
15.207
15.22
15.231
15.233
15.244
15.245
15.264
15.265
15.268
15.269
15.272
15.294
15.298
15.299
15.301
15.304
15.309
15.331
15.331
15.335
15.349
15.351
15.354
15.354
15.358
15.36
15.364
15.368
15.391
15.393
15.396
15.402
15.408
15.41
15.41
15.429
15.431
15.449
15.463
15.467
15.467
15.485
15.486
15.506
15.509
15.51
15.526
15.533
15.534
15.535
15.538
15.539
15.544
15.553
15.561
15.569
15.575
15.575
15.594
15.596
15.598
15.614
15.614
15.616
15.626
15.63
15.631
15.634
15.635
15.637
15.639
15.649
15.653
15.657
15.663
15.669
15.669
15.68
15.68
15.682
15.683
15.688
15.697
15.697
15.705
15.708
15.711
15.72
15.723
15.723
15.728
15.731
15.731
15.742
15.75
15.761
15.762
15.763
15.782
15.787
15.787
15.796
15.801
15.809
15.813
15.816
15.817
15.823
15.839
15.842
15.843
15.848
15.851
15.856
15.866
15.867
15.874
15.878
15.887
15.888
15.891
15.891
15.908
15.915
15.916
15.917
15.919
15.924
15.943
15.95
15.953
15.955
15.955
15.955
15.958
15.96
15.989
16.008
16.022
16.022
16.036
16.037
16.039
16.053
16.054
16.066
16.082
16.084
16.085
16.088
16.101
16.105
16.117
16.136
16.139
16.15
16.16
16.16
16.161
16.162
16.209
16.227
16.232
16.236
16.239
16.242
16.244
16.25
16.261
16.266
16.286
16.292
16.295
16.297
16.297
16.31
16.316
16.318
16.319
16.32
16.332
16.334
16.341
16.352
16.353
16.364
16.366
16.368
16.369
16.37
16.376
16.38
16.389
16.391
16.406
16.419
16.439
16.44
16.451
16.454
16.457
16.471
16.473
16.475
16.475
16.476
16.476
16.485
16.486
16.489
16.493
16.541
16.55
16.561
16.565
16.57
16.573
16.594
16.598
16.603
16.61
16.611
16.612
16.65
16.651
16.66
16.673
16.683
16.699
16.7
16.702
16.724
16.73
16.738
16.745
16.748
16.752
16.755
16.756
16.759
16.77
16.787
16.809
16.81
16.821
16.831
16.836
16.843
16.855
16.862
16.863
16.865
16.865
16.866
16.875
16.879
16.881
16.897
16.898
16.899
16.916
16.917
16.918
16.928
16.958
16.958
16.959
16.97
17.008
17.037
17.05
17.057
17.057
17.058
17.059
17.062
17.079
17.083
17.115
17.116
17.133
17.152
17.165
17.181
17.186
17.197
17.204
17.205
17.207
17.211
17.211
17.226
17.23
17.233
17.237
17.257
17.268
17.269
17.27
17.28
17.302
17.303
17.31
17.317
17.335
17.347
17.358
17.359
17.361
17.362
17.364
17.366
17.376
17.382
17.397
17.412
17.417
17.436
17.438
17.453
17.456
17.46
17.473
17.496
17.504
17.506
17.521
17.583
17.587
17.599
17.605
17.628
17.658
17.664
17.726
17.738
17.748
17.755
17.758
17.765
17.766
17.812
17.815
17.817
17.819
17.829
17.835
17.841
17.848
17.863
17.875
17.882
17.884
17.887
17.887
17.899
17.899
17.902
17.929
17.961
17.965
17.968
17.973
17.983
18.001
18.032
18.041
18.053
18.056
18.059
18.105
18.115
18.144
18.162
18.162
18.186
18.19
18.21
18.211
18.214
18.223
18.237
18.242
18.252
18.257
18.273
18.278
18.284
18.284
18.316
18.331
18.337
18.359
18.387
18.415
18.423
18.428
18.435
18.437
18.459
18.468
18.471
18.472
18.491
18.516
18.517
18.538
18.543
18.545
18.571
18.578
18.579
18.583
18.588
18.628
18.638
18.657
18.671
18.672
18.681
18.706
18.713
18.72
18.753
18.756
18.762
18.764
18.774
18.791
18.811
18.812
18.815
18.821
18.838
18.887
18.905
18.927
18.937
18.967
18.987
18.994
19.002
19.016
19.02
19.05
19.056
19.073
19.136
19.16
19.22
19.252
19.255
19.262
19.316
19.336
19.338
19.359
19.361
19.379
19.417
19.444
19.545
19.555
19.564
19.607
19.659
19.673
19.733
19.738
19.772
19.784
19.785
19.797
19.802
19.804
19.806
19.847
19.878
19.889
19.91
19.932
19.963
19.984
19.996
20.003
20.006
20.037
20.053
20.073
20.074
20.076
20.101
20.126
20.131
20.145
20.147
20.151
20.211
20.214
20.238
20.27
20.312
20.331
20.347
20.351
20.353
20.373
20.384
20.394
20.417
20.462
20.503
20.544
20.559
20.573
20.65
20.659
20.687
20.72
20.764
20.794
20.813
20.855
20.872
20.897
20.903
20.905
20.906
20.918
20.975
21.038
21.111
21.163
21.184
21.222
21.269
21.289
21.291
21.309
21.326
21.382
21.518
21.617
21.628
21.687
21.69
21.773
21.804
21.824
21.878
21.977
21.991
22.003
22.082
22.108
22.135
22.144
22.2
22.221
22.234
22.294
22.338
22.436
22.512
22.513
22.522
22.53
22.693
22.742
22.907
22.919
22.958
23.019
23.072
23.092
23.191
23.299
23.299
23.309
23.39
23.434
23.535
23.641
23.684
23.699
23.794
23.819
23.845
23.927
23.977
24.037
24.101
24.31
24.361
24.383
24.845
24.932
24.949
24.95
24.979
25.062
25.113
25.136
25.18
25.247
25.26
25.524
25.604
25.765
25.838
25.855
26.42
26.698
26.816
26.821
26.865
27.198
27.722
27.823
28.052
28.182
28.39
28.514
28.595
29.133
29.56
29.725
30.763
35.007
35.921
