1.018
6.393
6.396
6.535
6.788
6.906
6.929
6.962
7.063
7.177
7.327
7.378
7.381
7.44
7.477
7.541
7.62
7.625
7.704
7.706
7.721
7.737
7.739
7.755
7.784
7.787
7.815
7.823
7.823
7.833
7.876
7.907
7.949
7.957
7.958
7.986
7.994
8.02
8.065
8.079
8.127
8.127
8.14
8.177
8.177
8.193
8.199
8.203
8.21
8.214
8.227
8.241
8.244
8.263
8.264
8.27
8.272
8.274
8.293
8.332
8.336
8.355
8.359
8.363
8.363
8.391
8.398
8.399
8.406
8.406
8.416
8.418
8.419
8.438
8.457
8.481
8.482
8.496
8.499
8.499
8.5
8.507
8.512
8.512
8.526
8.527
8.535
8.535
8.539
8.549
8.55
8.576
8.581
8.581
8.588
8.596
8.607
8.615
8.641
8.644
8.65
8.655
8.66
8.66
8.685
8.693
8.694
8.697
8.71
8.723
8.723
8.729
8.736
8.737
8.739
8.755
8.764
8.767
8.781
8.787
8.787
8.802
8.803
8.815
8.826
8.829
8.837
8.858
8.86
8.861
8.873
8.88
8.892
8.91
8.927
8.927
8.932
8.932
8.939
8.941
8.955
8.965
8.967
8.973
8.976
8.98
8.985
8.992
9.002
9.026
9.03
9.03
9.034
9.036
9.038
9.038
9.043
9.048
9.056
9.058
9.061
9.062
9.062
9.072
9.074
9.077
9.077
9.079
9.079
9.082
9.084
9.088
9.094
9.101
9.109
9.11
9.11
9.114
9.122
9.123
9.131
9.137
9.139
9.143
9.155
9.157
9.162
9.163
9.173
9.179
9.189
9.2
9.203
9.216
9.222
9.223
9.223
9.231
9.248
9.255
9.256
9.261
9.264
9.268
9.27
9.271
9.271
9.272
9.274
9.275
9.278
9.29
9.293
9.301
9.303
9.315
9.317
9.317
9.339
9.342
9.347
9.352
9.364
9.365
9.381
9.386
9.386
9.389
9.39
9.397
9.4
9.408
9.411
9.411
9.416
9.417
9.43
9.433
9.437
9.444
9.458
9.459
9.46
9.462
9.467
9.467
9.473
9.479
9.487
9.487
9.489
9.492
9.495
9.498
9.502
9.505
9.513
9.513
9.536
9.539
9.542
9.542
9.547
9.551
9.554
9.566
9.568
9.568
9.569
9.57
9.582
9.582
9.582
9.585
9.586
9.594
9.597
9.599
9.619
9.62
9.622
9.626
9.643
9.65
9.65
9.653
9.663
9.664
9.688
9.693
9.696
9.709
9.714
9.715
9.719
9.727
9.731
9.732
9.734
9.734
9.74
9.742
9.745
9.745
9.745
9.747
9.748
9.752
9.754
9.754
9.755
9.764
9.766
9.767
9.77
9.773
9.784
9.786
9.789
9.795
9.8
9.8
9.804
9.807
9.808
9.815
9.816
9.822
9.832
9.833
9.84
9.845
9.847
9.848
9.848
9.85
9.855
9.86
9.86
9.863
9.865
9.868
9.874
9.874
9.875
9.877
9.883
9.884
9.884
9.889
9.891
9.895
9.897
9.901
9.901
9.911
9.914
9.92
9.921
9.926
9.933
9.934
9.935
9.936
9.941
9.941
9.941
9.946
9.95
9.952
9.961
9.977
9.978
9.995
9.998
10
10.003
10.004
10.004
10.006
10.007
10.012
10.016
10.022
10.026
10.027
10.033
10.036
10.036
10.039
10.039
10.04
10.044
10.048
10.049
10.054
10.065
10.067
10.072
10.079
10.091
10.092
10.101
10.103
10.113
10.114
10.114
10.119
10.121
10.125
10.132
10.135
10.137
10.137
10.14
10.141
10.142
10.143
10.15
10.153
10.154
10.156
10.157
10.164
10.164
10.174
10.177
10.183
10.19
10.19
10.195
10.195
10.196
10.204
10.207
10.217
10.221
10.222
10.223
10.223
10.228
10.231
10.234
10.241
10.244
10.245
10.25
10.252
10.253
10.268
10.27
10.271
10.271
10.276
10.277
10.281
10.284
10.286
10.299
10.302
10.303
10.304
10.309
10.31
10.31
10.314
10.315
10.32
10.323
10.327
10.328
10.329
10.335
10.342
10.348
10.35
10.352
10.355
10.368
10.37
10.372
10.373
10.374
10.38
10.38
10.389
10.39
10.399
10.4
10.403
10.412
10.412
10.414
10.422
10.423
10.423
10.425
10.425
10.425
10.428
10.43
10.436
10.436
10.438
10.453
10.453
10.453
10.456
10.457
10.461
10.466
10.471
10.477
10.48
10.482
10.493
10.496
10.497
10.497
10.498
10.511
10.518
10.52
10.522
10.53
10.53
10.533
10.535
10.536
10.541
10.547
10.548
10.548
10.549
10.554
10.556
10.557
10.56
10.563
10.569
10.572
10.577
10.578
10.579
10.582
10.582
10.592
10.593
10.601
10.603
10.605
10.607
10.612
10.613
10.614
10.614
10.617
10.621
10.624
10.627
10.631
10.633
10.643
10.647
10.65
10.651
10.655
10.656
10.657
10.658
10.661
10.667
10.668
10.669
10.677
10.677
10.681
10.686
10.689
10.69
10.69
10.693
10.694
10.696
10.698
10.699
10.701
10.702
10.705
10.705
10.708
10.713
10.715
10.717
10.729
10.731
10.732
10.734
10.735
10.737
10.737
10.744
10.75
10.75
10.752
10.752
10.76
10.765
10.765
10.766
10.767
10.768
10.774
10.777
10.778
10.778
10.782
10.785
10.788
10.793
10.794
10.797
10.798
10.8
10.8
10.802
10.809
10.812
10.817
10.821
10.83
10.831
10.839
10.84
10.842
10.849
10.851
10.852
10.852
10.853
10.854
10.858
10.86
10.86
10.863
10.864
10.869
10.87
10.87
10.877
10.881
10.885
10.888
10.891
10.891
10.893
10.893
10.895
10.895
10.897
10.897
10.897
10.898
10.9
10.901
10.912
10.913
10.918
10.921
10.926
10.927
10.928
10.929
10.929
10.935
10.943
10.945
10.945
10.946
10.947
10.947
10.948
10.95
10.952
10.953
10.954
10.957
10.96
10.962
10.971
10.974
10.977
10.978
10.98
10.982
10.984
10.985
10.99
11.002
11.004
11.007
11.009
11.01
11.011
11.011
11.018
11.02
11.02
11.02
11.028
11.036
11.037
11.039
11.044
11.045
11.051
11.052
11.053
11.055
11.058
11.059
11.059
11.06
11.06
11.068
11.076
11.08
11.081
11.081
11.085
11.088
11.097
11.098
11.106
11.107
11.107
11.112
11.113
11.117
11.118
11.125
11.127
11.132
11.133
11.134
11.135
11.138
11.14
11.14
11.142
11.148
11.153
11.154
11.155
11.156
11.157
11.169
11.171
11.176
11.176
11.178
11.181
11.181
11.188
11.19
11.192
11.195
11.199
11.204
11.21
11.213
11.214
11.22
11.223
11.224
11.224
11.231
11.231
11.231
11.233
11.239
11.241
11.242
11.244
11.246
11.247
11.248
11.255
11.26
11.262
11.269
11.272
11.287
11.287
11.287
11.289
11.294
11.294
11.311
11.319
11.321
11.325
11.326
11.331
11.331
11.335
11.339
11.34
11.34
11.343
11.347
11.349
11.355
11.364
11.37
11.374
11.38
11.381
11.385
11.389
11.39
11.392
11.392
11.405
11.406
11.413
11.413
11.417
11.419
11.422
11.423
11.428
11.429
11.431
11.436
11.438
11.442
11.447
11.451
11.451
11.452
11.453
11.459
11.467
11.474
11.479
11.485
11.486
11.491
11.494
11.5
11.505
11.509
11.509
11.523
11.529
11.535
11.54
11.551
11.555
11.556
11.557
11.563
11.568
11.569
11.57
11.576
11.582
11.587
11.59
11.593
11.596
11.597
11.602
11.607
11.613
11.618
11.619
11.623
11.624
11.63
11.631
11.636
11.638
11.639
11.643
11.652
11.66
11.661
11.668
11.672
11.673
11.674
11.678
11.679
11.681
11.683
11.685
11.686
11.687
11.699
11.708
11.709
11.71
11.711
11.713
11.713
11.717
11.723
11.725
11.726
11.732
11.737
11.738
11.74
11.74
11.741
11.743
11.744
11.75
11.752
11.757
11.76
11.762
11.767
11.768
11.769
11.775
11.776
11.78
11.781
11.782
11.782
11.785
11.787
11.787
11.79
11.792
11.796
11.8
11.8
11.802
11.802
11.804
11.804
11.805
11.806
11.812
11.817
11.82
11.821
11.828
11.834
11.837
11.839
11.84
11.84
11.845
11.847
11.851
11.852
11.857
11.864
11.865
11.865
11.868
11.868
11.871
11.876
11.88
11.883
11.883
11.884
11.886
11.887
11.888
11.889
11.894
11.895
11.902
11.918
11.922
11.928
11.931
11.933
11.936
11.939
11.94
11.943
11.95
11.953
11.962
11.962
11.967
11.973
11.977
11.982
11.982
11.986
11.986
11.987
11.99
11.99
11.996
11.996
11.996
11.998
12.003
12.003
12.004
12.009
12.016
12.02
12.023
12.03
12.035
12.038
12.041
12.042
12.054
12.056
12.058
12.058
12.064
12.072
12.075
12.078
12.078
12.083
12.084
12.085
12.091
12.094
12.094
12.095
12.097
12.099
12.101
12.11
12.115
12.118
12.119
12.122
12.122
12.128
12.137
12.137
12.139
12.141
12.147
12.149
12.151
12.155
12.16
12.163
12.163
12.167
12.177
12.177
12.181
12.181
12.182
12.184
12.19
12.191
12.192
12.193
12.193
12.197
12.199
12.203
12.208
12.222
12.224
12.225
12.226
12.23
12.233
12.248
12.251
12.265
12.266
12.273
12.273
12.275
12.28
12.282
12.283
12.298
12.304
12.304
12.305
12.306
12.307
12.309
12.31
12.313
12.315
12.323
12.324
12.325
12.332
12.333
12.335
12.339
12.339
12.34
12.345
12.345
12.346
12.347
12.354
12.361
12.366
12.372
12.38
12.384
12.385
12.387
12.393
12.393
12.394
12.397
12.409
12.423
12.425
12.426
12.429
12.429
12.43
12.43
12.432
12.433
12.434
12.446
12.446
12.45
12.454
12.459
12.459
12.459
12.46
12.461
12.469
12.473
12.475
12.482
12.483
12.485
12.486
12.49
12.493
12.501
12.502
12.505
12.507
12.509
12.51
12.512
12.524
12.528
12.529
12.532
12.533
12.534
12.535
12.535
12.541
12.545
12.55
12.551
12.552
12.554
12.558
12.56
12.563
12.563
12.564
12.571
12.58
12.58
12.584
12.591
12.598
12.612
12.612
12.612
12.618
12.624
12.625
12.625
12.634
12.638
12.639
12.639
12.65
12.651
12.655
12.674
12.676
12.676
12.686
12.687
12.693
12.694
12.696
12.699
12.699
12.7
12.704
12.705
12.709
12.715
12.718
12.729
12.73
12.734
12.735
12.737
12.739
12.742
12.743
12.744
12.746
12.747
12.748
12.75
12.751
12.754
12.759
12.773
12.777
12.778
12.781
12.79
12.796
12.8
12.803
12.805
12.812
12.812
12.813
12.816
12.817
12.833
12.835
12.836
12.843
12.851
12.856
12.86
12.86
12.861
12.869
12.875
12.883
12.884
12.885
12.888
12.891
12.893
12.893
12.898
12.9
12.903
12.905
12.912
12.918
12.919
12.921
12.925
12.932
12.942
12.946
12.95
12.951
12.955
12.97
12.97
12.972
12.975
12.975
12.976
12.978
12.982
12.984
12.987
12.987
12.991
12.992
12.992
12.997
12.998
13.002
13.003
13.004
13.006
13.008
13.015
13.023
13.046
13.052
13.059
13.07
13.072
13.073
13.077
13.081
13.088
13.088
13.093
13.098
13.104
13.105
13.108
13.113
13.114
13.122
13.122
13.122
13.123
13.13
13.131
13.139
13.14
13.147
13.148
13.152
13.16
13.17
13.171
13.172
13.172
13.173
13.174
13.181
13.194
13.229
13.231
13.238
13.241
13.242
13.243
13.25
13.263
13.274
13.29
13.292
13.294
13.302
13.307
13.311
13.311
13.321
13.324
13.327
13.329
13.339
13.342
13.345
13.351
13.352
13.356
13.366
13.378
13.382
13.382
13.393
13.397
13.397
13.406
13.418
13.42
13.422
13.422
13.426
13.432
13.438
13.446
13.453
13.454
13.456
13.457
13.459
13.459
13.484
13.485
13.486
13.492
13.495
13.5
13.504
13.513
13.521
13.53
13.534
13.536
13.545
13.548
13.556
13.569
13.571
13.579
13.579
13.582
13.586
13.587
13.587
13.589
13.59
13.592
13.601
13.609
13.611
13.62
13.62
13.625
13.625
13.628
13.63
13.63
13.632
13.636
13.643
13.644
13.647
13.65
13.659
13.662
13.665
13.668
13.684
13.687
13.692
13.697
13.71
13.715
13.717
13.718
13.718
13.72
13.727
13.732
13.732
13.736
13.742
13.743
13.761
13.762
13.765
13.769
13.772
13.772
13.778
13.781
13.784
13.789
13.795
13.797
13.801
13.804
13.806
13.808
13.811
13.815
13.82
13.824
13.831
13.837
13.845
13.847
13.854
13.859
13.861
13.872
13.874
13.877
13.886
13.893
13.898
13.9
13.911
13.912
13.922
13.922
13.923
13.926
13.947
13.954
13.956
13.957
13.962
13.97
13.977
13.985
13.988
13.989
13.998
13.998
13.999
14.001
14.006
14.017
14.033
14.035
14.036
14.051
14.055
14.058
14.063
14.069
14.07
14.073
14.078
14.08
14.081
14.082
14.082
14.099
14.104
14.111
14.111
14.115
14.134
14.136
14.142
14.153
14.163
14.182
14.187
14.187
14.204
14.207
14.207
14.209
14.221
14.228
14.229
14.23
14.236
14.241
14.242
14.25
14.252
14.264
14.265
14.269
14.273
14.274
14.277
14.277
14.28
14.281
14.281
14.287
14.294
14.295
14.298
14.305
14.311
14.318
14.321
14.325
14.329
14.339
14.341
14.341
14.342
14.343
14.354
14.356
14.359
14.361
14.363
14.364
14.377
14.378
14.38
14.39
14.402
14.404
14.411
14.416
14.416
14.418
14.42
14.429
14.435
14.438
14.439
14.442
14.447
14.451
14.453
14.456
14.457
14.465
14.468
14.47
14.475
14.476
14.477
14.499
14.51
14.514
14.531
14.538
14.539
14.541
14.542
14.552
14.552
14.562
14.564
14.571
14.574
14.575
14.6
14.601
14.607
14.618
14.619
14.619
14.625
14.63
14.637
14.641
14.642
14.643
14.646
14.652
14.653
14.655
14.655
14.663
14.679
14.685
14.692
14.707
14.71
14.712
14.713
14.717
14.732
14.744
14.744
14.746
14.761
14.761
14.77
14.775
14.779
14.792
14.793
14.796
14.798
14.799
14.807
14.811
14.82
14.835
14.835
14.866
14.871
14.874
14.874
14.877
14.889
14.894
14.902
14.903
14.907
14.916
14.922
14.933
14.935
14.938
14.942
14.947
14.952
14.953
14.957
14.961
14.967
14.998
15.014
15.015
15.016
15.019
15.024
15.029
15.031
15.038
15.041
15.046
15.047
15.053
15.055
15.063
15.07
15.071
15.088
15.092
15.093
15.095
15.106
15.11
15.11
15.118
15.118
15.12
15.132
15.133
15.138
15.14
15.142
15.147
15.148
15.148
15.153
15.163
15.165
15.167
15.168
15.169
15.17
15.171
15.177
15.179
15.183
15.184
15.186
15.187
15.189
15.19
15.197
15.199
15.2
15.203
15.205
15.208
15.208
15.211
15.212
15.217
15.221
15.226
15.236
15.238
15.241
15.244
15.245
15.247
15.263
15.264
15.272
15.273
15.275
15.279
15.284
15.284
15.294
15.296
15.299
15.306
15.307
15.31
15.311
15.314
15.323
15.326
15.333
15.336
15.344
15.345
15.35
15.356
15.359
15.361
15.361
15.363
15.367
15.368
15.378
15.378
15.38
15.384
15.385
15.396
15.401
15.428
15.438
15.44
15.442
15.444
15.448
15.449
15.451
15.452
15.454
15.455
15.46
15.461
15.461
15.466
15.471
15.474
15.476
15.481
15.486
15.494
15.495
15.51
15.512
15.518
15.52
15.524
15.527
15.533
15.537
15.551
15.558
15.567
15.585
15.587
15.605
15.606
15.609
15.613
15.614
15.618
15.618
15.624
15.638
15.656
15.659
15.663
15.67
15.672
15.681
15.686
15.689
15.689
15.689
15.694
15.695
15.7
15.701
15.702
15.705
15.708
15.712
15.722
15.723
15.723
15.723
15.734
15.736
15.739
15.745
15.747
15.75
15.754
15.757
15.759
15.774
15.795
15.795
15.804
15.806
15.837
15.85
15.854
15.862
15.862
15.864
15.87
15.871
15.871
15.879
15.897
15.91
15.913
15.915
15.915
15.919
15.932
15.939
15.943
15.944
15.944
15.947
15.948
15.952
15.954
15.954
15.96
15.96
15.984
15.992
15.999
16.007
16.01
16.014
16.025
16.033
16.036
16.041
16.044
16.056
16.066
16.088
16.092
16.095
16.095
16.099
16.104
16.111
16.111
16.112
16.131
16.149
16.185
16.206
16.22
16.248
16.256
16.259
16.268
16.269
16.282
16.283
16.284
16.307
16.308
16.309
16.321
16.327
16.346
16.356
16.359
16.384
16.392
16.394
16.4
16.416
16.441
16.455
16.457
16.461
16.461
16.462
16.478
16.479
16.493
16.494
16.501
16.502
16.531
16.55
16.55
16.552
16.563
16.57
16.573
16.58
16.582
16.584
16.588
16.59
16.593
16.599
16.611
16.618
16.625
16.629
16.638
16.644
16.645
16.649
16.649
16.663
16.666
16.677
16.68
16.688
16.689
16.692
16.699
16.703
16.708
16.736
16.74
16.746
16.761
16.772
16.776
16.792
16.794
16.797
16.798
16.799
16.799
16.806
16.815
16.817
16.822
16.827
16.829
16.831
16.85
16.863
16.863
16.877
16.88
16.892
16.895
16.898
16.907
16.914
16.925
16.93
16.932
16.959
16.961
16.967
16.972
16.972
16.994
16.995
16.998
17.001
17.006
17.013
17.024
17.029
17.03
17.036
17.048
17.06
17.075
17.089
17.096
17.105
17.118
17.121
17.122
17.138
17.154
17.175
17.181
17.185
17.188
17.203
17.211
17.214
17.216
17.225
17.227
17.241
17.243
17.246
17.253
17.263
17.265
17.276
17.289
17.297
17.308
17.345
17.349
17.356
17.361
17.368
17.369
17.37
17.37
17.373
17.382
17.391
17.411
17.418
17.447
17.448
17.45
17.493
17.511
17.524
17.531
17.532
17.544
17.554
17.56
17.566
17.574
17.575
17.578
17.592
17.597
17.626
17.632
17.647
17.651
17.652
17.653
17.663
17.682
17.689
17.692
17.7
17.712
17.714
17.724
17.731
17.735
17.745
17.749
17.75
17.778
17.78
17.79
17.8
17.801
17.817
17.84
17.841
17.871
17.882
17.893
17.905
17.914
17.923
17.981
17.999
18.01
18.014
18.026
18.036
18.036
18.057
18.062
18.07
18.104
18.106
18.11
18.113
18.118
18.131
18.143
18.15
18.169
18.185
18.2
18.204
18.232
18.238
18.246
18.291
18.312
18.318
18.358
18.359
18.367
18.382
18.394
18.4
18.408
18.423
18.43
18.441
18.445
18.447
18.455
18.483
18.495
18.499
18.502
18.502
18.519
18.549
18.555
18.595
18.596
18.602
18.607
18.654
18.658
18.66
18.701
18.709
18.71
18.732
18.747
18.753
18.753
18.766
18.796
18.799
18.813
18.847
18.851
18.852
18.861
18.867
18.873
18.875
18.879
18.887
18.897
18.907
18.923
18.936
18.951
18.97
18.973
18.984
18.996
19.016
19.044
19.064
19.066
19.072
19.083
19.097
19.106
19.108
19.109
19.113
19.135
19.135
19.158
19.159
19.16
19.168
19.186
19.198
19.205
19.208
19.219
19.226
19.226
19.241
19.249
19.252
19.283
19.304
19.305
19.323
19.351
19.372
19.405
19.416
19.427
19.438
19.444
19.46
19.477
19.484
19.495
19.511
19.535
19.561
19.597
19.616
19.619
19.63
19.651
19.654
19.67
19.672
19.69
19.716
19.76
19.769
19.783
19.8
19.811
19.82
19.822
19.83
19.85
19.858
19.861
19.87
19.878
19.885
19.89
19.895
19.905
19.92
19.927
19.927
19.932
19.943
19.959
19.968
19.972
19.987
20.004
20.023
20.031
20.057
20.073
20.074
20.077
20.098
20.111
20.114
20.127
20.177
20.186
20.224
20.266
20.269
20.275
20.278
20.287
20.365
20.367
20.383
20.391
20.392
20.418
20.432
20.46
20.495
20.532
20.54
20.562
20.598
20.6
20.604
20.606
20.624
20.628
20.633
20.647
20.747
20.747
20.756
20.778
20.793
20.793
20.8
20.836
20.844
20.853
20.89
20.899
20.9
20.951
20.984
21.001
21.021
21.032
21.039
21.07
21.084
21.17
21.199
21.207
21.253
21.268
21.293
21.318
21.32
21.353
21.368
21.372
21.434
21.464
21.521
21.547
21.572
21.631
21.708
21.73
21.769
21.797
21.817
21.854
21.915
21.952
21.991
22.006
22.092
22.107
22.138
22.164
22.165
22.193
22.349
22.435
22.442
22.454
22.496
22.501
22.56
22.578
22.608
22.629
22.645
22.651
22.659
22.661
22.668
22.682
22.765
22.774
22.785
22.843
22.917
22.931
22.948
23.041
23.074
23.157
23.19
23.201
23.237
23.244
23.262
23.307
23.352
23.356
23.377
23.467
23.484
23.495
23.538
23.602
23.639
23.659
23.73
23.733
23.775
23.806
24.098
24.129
24.187
24.221
24.253
24.402
24.45
24.744
24.76
24.826
24.827
24.902
25.002
25.004
25.094
25.11
25.162
25.162
25.233
25.405
25.437
25.484
25.519
25.548
25.598
25.643
25.693
25.971
26.295
26.302
26.411
26.447
26.531
26.671
26.738
27.239
27.683
27.749
27.777
27.85
27.927
28.062
28.228
28.332
28.572
28.638
29.174
31.086
32.266
32.692
32.794
