0.999
6.557
6.852
6.88
6.926
6.972
7.029
7.046
7.075
7.107
7.225
7.335
7.338
7.377
7.42
7.519
7.545
7.556
7.572
7.596
7.655
7.669
7.692
7.704
7.711
7.733
7.744
7.779
7.782
7.794
7.849
7.851
7.862
7.875
7.879
7.903
7.903
7.926
7.949
7.997
8.016
8.02
8.036
8.037
8.075
8.081
8.088
8.093
8.112
8.142
8.161
8.172
8.173
8.182
8.191
8.219
8.235
8.25
8.253
8.256
8.259
8.27
8.276
8.276
8.282
8.285
8.289
8.316
8.32
8.321
8.335
8.337
8.361
8.364
8.392
8.397
8.402
8.406
8.414
8.427
8.438
8.44
8.459
8.462
8.465
8.47
8.48
8.491
8.493
8.502
8.518
8.521
8.534
8.541
8.556
8.561
8.562
8.565
8.569
8.581
8.583
8.584
8.59
8.609
8.611
8.612
8.616
8.617
8.632
8.644
8.651
8.652
8.659
8.659
8.662
8.665
8.666
8.68
8.687
8.695
8.703
8.712
8.715
8.72
8.72
8.74
8.74
8.745
8.746
8.756
8.757
8.763
8.778
8.779
8.785
8.786
8.788
8.79
8.808
8.819
8.828
8.83
8.831
8.831
8.831
8.84
8.841
8.846
8.847
8.852
8.854
8.865
8.866
8.871
8.872
8.879
8.88
8.884
8.886
8.888
8.889
8.893
8.901
8.904
8.907
8.909
8.91
8.927
8.927
8.942
8.959
8.96
8.964
8.971
8.974
8.976
8.978
8.98
8.994
9.004
9.007
9.012
9.014
9.019
9.025
9.026
9.029
9.033
9.042
9.044
9.05
9.065
9.066
9.069
9.076
9.08
9.082
9.094
9.097
9.1
9.118
9.123
9.126
9.131
9.154
9.17
9.181
9.194
9.2
9.202
9.208
9.214
9.217
9.219
9.219
9.223
9.232
9.233
9.234
9.239
9.239
9.248
9.25
9.253
9.256
9.256
9.259
9.263
9.267
9.27
9.283
9.286
9.293
9.296
9.304
9.311
9.315
9.321
9.333
9.336
9.337
9.338
9.342
9.351
9.353
9.358
9.364
9.369
9.371
9.375
9.384
9.386
9.387
9.406
9.412
9.421
9.423
9.429
9.434
9.435
9.435
9.439
9.44
9.441
9.444
9.449
9.452
9.452
9.456
9.462
9.465
9.466
9.468
9.475
9.478
9.484
9.488
9.489
9.492
9.495
9.497
9.497
9.508
9.515
9.516
9.517
9.519
9.526
9.533
9.54
9.54
9.546
9.547
9.548
9.55
9.55
9.557
9.564
9.569
9.574
9.583
9.584
9.586
9.587
9.591
9.592
9.593
9.594
9.594
9.601
9.602
9.603
9.616
9.624
9.624
9.636
9.638
9.638
9.64
9.644
9.647
9.655
9.659
9.66
9.664
9.666
9.667
9.67
9.671
9.673
9.684
9.685
9.686
9.686
9.687
9.688
9.689
9.695
9.702
9.705
9.708
9.708
9.709
9.712
9.712
9.713
9.714
9.716
9.72
9.723
9.726
9.729
9.738
9.746
9.75
9.75
9.751
9.752
9.753
9.753
9.753
9.767
9.768
9.768
9.776
9.78
9.781
9.782
9.788
9.788
9.793
9.796
9.797
9.809
9.81
9.813
9.816
9.818
9.83
9.838
9.841
9.852
9.853
9.856
9.858
9.861
9.861
9.863
9.869
9.869
9.871
9.871
9.885
9.886
9.894
9.894
9.897
9.898
9.902
9.904
9.908
9.908
9.908
9.911
9.913
9.915
9.917
9.918
9.925
9.925
9.926
9.928
9.931
9.931
9.937
9.943
9.95
9.952
9.953
9.956
9.959
9.96
9.962
9.974
9.975
9.975
9.976
9.977
9.981
9.982
9.983
9.985
9.985
9.987
9.991
9.992
9.995
9.997
10.003
10.003
10.005
10.006
10.011
10.011
10.012
10.015
10.019
10.019
10.02
10.021
10.029
10.03
10.034
10.034
10.039
10.048
10.051
10.056
10.066
10.067
10.071
10.074
10.077
10.077
10.078
10.089
10.089
10.09
10.102
10.106
10.106
10.108
10.111
10.112
10.117
10.118
10.12
10.123
10.123
10.124
10.127
10.13
10.133
10.133
10.139
10.139
10.14
10.15
10.151
10.152
10.157
10.161
10.162
10.163
10.167
10.17
10.174
10.175
10.185
10.186
10.188
10.188
10.19
10.209
10.212
10.213
10.218
10.22
10.23
10.238
10.242
10.247
10.248
10.249
10.251
10.252
10.254
10.255
10.255
10.266
10.272
10.275
10.276
10.282
10.286
10.29
10.292
10.296
10.298
10.3
10.3
10.306
10.31
10.311
10.312
10.317
10.324
10.325
10.33
10.332
10.333
10.335
10.34
10.34
10.343
10.346
10.352
10.354
10.369
10.37
10.375
10.377
10.378
10.382
10.385
10.387
10.387
10.387
10.393
10.393
10.395
10.397
10.397
10.399
10.406
10.414
10.417
10.423
10.427
10.43
10.436
10.438
10.438
10.44
10.441
10.443
10.445
10.445
10.448
10.45
10.453
10.455
10.456
10.462
10.463
10.474
10.475
10.475
10.478
10.478
10.48
10.48
10.485
10.487
10.488
10.491
10.495
10.506
10.506
10.51
10.51
10.511
10.513
10.514
10.516
10.521
10.522
10.525
10.527
10.528
10.535
10.54
10.541
10.542
10.546
10.547
10.55
10.557
10.566
10.573
10.577
10.578
10.579
10.579
10.581
10.583
10.583
10.585
10.585
10.587
10.588
10.59
10.591
10.591
10.591
10.594
10.596
10.597
10.598
10.601
10.617
10.622
10.625
10.625
10.627
10.627
10.638
10.64
10.642
10.645
10.645
10.647
10.651
10.652
10.654
10.654
10.656
10.663
10.665
10.669
10.671
10.671
10.673
10.675
10.676
10.681
10.698
10.702
10.704
10.715
10.715
10.722
10.724
10.726
10.727
10.728
10.731
10.731
10.733
10.736
10.745
10.746
10.747
10.748
10.752
10.753
10.758
10.759
10.763
10.771
10.791
10.794
10.801
10.802
10.805
10.815
10.818
10.818
10.818
10.819
10.827
10.827
10.83
10.831
10.833
10.836
10.838
10.842
10.846
10.849
10.849
10.851
10.86
10.865
10.88
10.886
10.889
10.891
10.901
10.901
10.903
10.903
10.91
10.912
10.912
10.913
10.915
10.916
10.919
10.929
10.933
10.934
10.935
10.936
10.942
10.943
10.945
10.948
10.948
10.948
10.953
10.956
10.957
10.959
10.961
10.962
10.963
10.967
10.972
10.979
10.989
10.992
10.996
10.999
11.003
11.013
11.013
11.015
11.018
11.022
11.024
11.029
11.03
11.033
11.036
11.039
11.041
11.044
11.05
11.059
11.063
11.068
11.07
11.071
11.071
11.074
11.075
11.077
11.079
11.08
11.08
11.086
11.087
11.088
11.092
11.102
11.108
11.109
11.111
11.113
11.121
11.127
11.131
11.135
11.139
11.139
11.143
11.144
11.144
11.144
11.153
11.158
11.159
11.161
11.169
11.176
11.181
11.19
11.193
11.193
11.194
11.201
11.202
11.212
11.214
11.215
11.216
11.216
11.219
11.22
11.224
11.224
11.227
11.233
11.235
11.237
11.238
11.239
11.243
11.251
11.252
11.256
11.266
11.268
11.272
11.273
11.277
11.278
11.279
11.283
11.285
11.293
11.293
11.296
11.3
11.309
11.312
11.314
11.318
11.321
11.323
11.326
11.328
11.331
11.333
11.333
11.334
11.336
11.355
11.355
11.357
11.358
11.36
11.36
11.367
11.373
11.384
11.386
11.39
11.395
11.402
11.405
11.408
11.411
11.412
11.417
11.418
11.423
11.429
11.434
11.441
11.444
11.445
11.45
11.452
11.458
11.462
11.478
11.478
11.485
11.489
11.49
11.493
11.503
11.505
11.507
11.511
11.516
11.519
11.52
11.527
11.528
11.529
11.532
11.532
11.537
11.537
11.539
11.54
11.542
11.549
11.561
11.564
11.567
11.576
11.577
11.58
11.58
11.582
11.584
11.586
11.587
11.606
11.606
11.607
11.612
11.615
11.623
11.626
11.628
11.638
11.638
11.644
11.646
11.648
11.656
11.658
11.659
11.66
11.661
11.663
11.663
11.666
11.669
11.671
11.673
11.68
11.684
11.688
11.692
11.697
11.7
11.706
11.709
11.712
11.713
11.713
11.717
11.719
11.723
11.725
11.725
11.73
11.734
11.734
11.737
11.738
11.744
11.747
11.748
11.755
11.762
11.763
11.764
11.782
11.783
11.786
11.786
11.788
11.79
11.799
11.799
11.804
11.812
11.812
11.815
11.817
11.817
11.818
11.821
11.826
11.827
11.828
11.829
11.832
11.833
11.834
11.842
11.845
11.846
11.851
11.852
11.853
11.86
11.868
11.869
11.869
11.872
11.874
11.879
11.884
11.885
11.888
11.891
11.892
11.894
11.898
11.903
11.907
11.908
11.917
11.921
11.921
11.921
11.938
11.939
11.943
11.944
11.953
11.956
11.957
11.972
11.975
11.981
11.989
11.999
12.015
12.018
12.019
12.022
12.024
12.026
12.027
12.036
12.045
12.052
12.056
12.057
12.06
12.068
12.068
12.073
12.084
12.087
12.088
12.092
12.095
12.098
12.105
12.113
12.117
12.121
12.139
12.141
12.143
12.143
12.154
12.154
12.157
12.157
12.159
12.166
12.17
12.175
12.177
12.178
12.178
12.184
12.184
12.185
12.185
12.186
12.188
12.19
12.194
12.195
12.2
12.2
12.2
12.205
12.207
12.209
12.215
12.217
12.219
12.22
12.222
12.225
12.225
12.228
12.23
12.239
12.24
12.24
12.243
12.244
12.257
12.258
12.268
12.27
12.277
12.278
12.279
12.28
12.281
12.287
12.291
12.294
12.295
12.295
12.296
12.3
12.313
12.315
12.319
12.322
12.323
12.324
12.329
12.329
12.331
12.341
12.344
12.344
12.35
12.353
12.353
12.359
12.361
12.362
12.375
12.375
12.386
12.389
12.394
12.395
12.396
12.397
12.412
12.414
12.428
12.43
12.431
12.434
12.44
12.442
12.444
12.447
12.447
12.452
12.452
12.462
12.462
12.465
12.468
12.468
12.469
12.47
12.471
12.475
12.476
12.476
12.479
12.479
12.479
12.484
12.486
12.486
12.486
12.487
12.489
12.49
12.496
12.498
12.499
12.502
12.503
12.504
12.506
12.509
12.512
12.512
12.521
12.522
12.525
12.53
12.531
12.535
12.538
12.54
12.541
12.542
12.549
12.549
12.55
12.55
12.554
12.554
12.558
12.56
12.562
12.563
12.563
12.563
12.565
12.576
12.577
12.58
12.59
12.594
12.594
12.595
12.596
12.605
12.61
12.615
12.617
12.618
12.625
12.626
12.626
12.627
12.627
12.629
12.63
12.638
12.639
12.64
12.641
12.643
12.644
12.648
12.65
12.652
12.653
12.655
12.656
12.661
12.661
12.664
12.668
12.677
12.678
12.679
12.688
12.688
12.688
12.693
12.698
12.7
12.71
12.715
12.717
12.719
12.719
12.721
12.722
12.732
12.735
12.735
12.737
12.737
12.747
12.749
12.756
12.758
12.76
12.763
12.766
12.77
12.77
12.776
12.778
12.779
12.784
12.787
12.789
12.791
12.792
12.794
12.795
12.795
12.807
12.807
12.808
12.811
12.817
12.819
12.824
12.831
12.831
12.835
12.836
12.838
12.846
12.852
12.853
12.861
12.862
12.862
12.862
12.867
12.869
12.869
12.869
12.873
12.877
12.877
12.885
12.885
12.886
12.889
12.89
12.901
12.904
12.911
12.912
12.917
12.925
12.928
12.931
12.934
12.937
12.944
12.945
12.953
12.954
12.964
12.966
12.968
12.973
12.983
12.984
12.986
12.989
12.991
12.994
12.996
12.998
13
13.003
13.009
13.009
13.009
13.014
13.015
13.022
13.022
13.028
13.031
13.041
13.044
13.048
13.055
13.056
13.058
13.059
13.07
13.07
13.072
13.073
13.073
13.075
13.076
13.078
13.081
13.089
13.117
13.117
13.122
13.123
13.124
13.134
13.143
13.144
13.146
13.147
13.149
13.15
13.152
13.155
13.169
13.171
13.172
13.175
13.176
13.176
13.178
13.18
13.185
13.185
13.187
13.191
13.196
13.198
13.207
13.212
13.219
13.221
13.225
13.233
13.233
13.236
13.239
13.245
13.246
13.247
13.248
13.253
13.261
13.299
13.299
13.303
13.303
13.304
13.305
13.307
13.309
13.31
13.316
13.33
13.331
13.336
13.336
13.339
13.35
13.352
13.355
13.364
13.369
13.371
13.379
13.384
13.385
13.387
13.393
13.394
13.4
13.4
13.425
13.427
13.429
13.43
13.43
13.435
13.436
13.437
13.44
13.442
13.443
13.447
13.449
13.452
13.455
13.456
13.457
13.474
13.479
13.482
13.484
13.491
13.511
13.519
13.523
13.532
13.539
13.54
13.54
13.542
13.542
13.542
13.543
13.548
13.549
13.549
13.553
13.556
13.56
13.562
13.567
13.568
13.57
13.571
13.575
13.58
13.581
13.584
13.586
13.594
13.596
13.598
13.602
13.608
13.618
13.621
13.627
13.629
13.63
13.632
13.634
13.636
13.636
13.642
13.651
13.652
13.653
13.664
13.667
13.669
13.68
13.684
13.698
13.7
13.706
13.709
13.711
13.732
13.733
13.741
13.749
13.752
13.755
13.767
13.772
13.773
13.776
13.776
13.778
13.782
13.787
13.79
13.792
13.81
13.819
13.82
13.839
13.848
13.855
13.857
13.857
13.858
13.866
13.871
13.88
13.881
13.882
13.885
13.889
13.9
13.901
13.904
13.907
13.908
13.916
13.922
13.924
13.943
13.946
13.946
13.947
13.949
13.953
13.957
13.961
13.968
13.969
13.993
14
14.003
14.004
14.007
14.011
14.033
14.039
14.042
14.043
14.043
14.045
14.068
14.079
14.087
14.095
14.104
14.105
14.12
14.126
14.135
14.14
14.146
14.15
14.167
14.188
14.212
14.216
14.218
14.225
14.231
14.235
14.239
14.244
14.246
14.254
14.261
14.272
14.274
14.278
14.288
14.29
14.292
14.299
14.303
14.303
14.321
14.328
14.334
14.343
14.345
14.346
14.349
14.354
14.362
14.38
14.409
14.414
14.423
14.423
14.424
14.425
14.434
14.439
14.463
14.466
14.473
14.483
14.484
14.491
14.493
14.515
14.535
14.537
14.541
14.553
14.555
14.559
14.562
14.57
14.571
14.571
14.577
14.579
14.579
14.592
14.612
14.612
14.615
14.618
14.633
14.635
14.647
14.656
14.667
14.67
14.673
14.687
14.697
14.703
14.727
14.734
14.737
14.737
14.741
14.757
14.767
14.768
14.768
14.773
14.775
14.783
14.786
14.792
14.797
14.798
14.799
14.805
14.805
14.811
14.824
14.824
14.828
14.834
14.841
14.866
14.879
14.888
14.889
14.895
14.901
14.901
14.906
14.912
14.923
14.925
14.93
14.937
14.94
14.941
14.954
14.958
14.975
14.977
14.978
14.994
15.007
15.028
15.03
15.031
15.037
15.04
15.042
15.058
15.058
15.064
15.064
15.065
15.076
15.076
15.084
15.087
15.092
15.097
15.102
15.108
15.108
15.109
15.11
15.123
15.124
15.125
15.129
15.137
15.139
15.148
15.154
15.156
15.161
15.163
15.178
15.183
15.184
15.188
15.189
15.19
15.195
15.195
15.198
15.206
15.207
15.223
15.223
15.229
15.233
15.233
15.236
15.237
15.238
15.248
15.259
15.266
15.277
15.283
15.283
15.29
15.29
15.297
15.3
15.304
15.307
15.313
15.328
15.333
15.341
15.355
15.355
15.357
15.376
15.379
15.381
15.386
15.396
15.398
15.404
15.409
15.423
15.431
15.434
15.438
15.454
15.457
15.471
15.474
15.479
15.481
15.482
15.486
15.502
15.505
15.511
15.516
15.524
15.528
15.548
15.554
15.557
15.566
15.567
15.571
15.575
15.579
15.58
15.58
15.582
15.582
15.583
15.584
15.591
15.601
15.608
15.614
15.618
15.622
15.627
15.646
15.658
15.667
15.667
15.673
15.683
15.696
15.699
15.704
15.704
15.712
15.716
15.722
15.726
15.739
15.745
15.746
15.747
15.751
15.751
15.751
15.76
15.761
15.773
15.775
15.776
15.782
15.787
15.794
15.796
15.799
15.832
15.846
15.846
15.849
15.858
15.859
15.862
15.865
15.871
15.872
15.872
15.873
15.879
15.882
15.883
15.892
15.907
15.91
15.921
15.93
15.935
15.94
15.952
15.96
15.961
15.965
15.967
15.967
15.97
15.972
15.976
15.979
15.98
15.982
15.983
15.99
15.992
16.015
16.017
16.023
16.025
16.028
16.031
16.05
16.052
16.053
16.066
16.067
16.068
16.068
16.079
16.087
16.087
16.1
16.1
16.101
16.113
16.122
16.123
16.143
16.15
16.163
16.163
16.17
16.173
16.179
16.186
16.192
16.196
16.207
16.212
16.22
16.222
16.224
16.227
16.236
16.239
16.241
16.266
16.267
16.271
16.273
16.273
16.278
16.285
16.289
16.29
16.296
16.297
16.3
16.302
16.304
16.317
16.334
16.359
16.36
16.361
16.365
16.397
16.406
16.42
16.426
16.429
16.453
16.465
16.494
16.528
16.533
16.553
16.562
16.578
16.583
16.585
16.592
16.596
16.6
16.611
16.614
16.615
16.623
16.635
16.655
16.658
16.661
16.667
16.671
16.679
16.685
16.699
16.701
16.712
16.726
16.728
16.741
16.743
16.768
16.781
16.785
16.791
16.797
16.797
16.798
16.805
16.822
16.824
16.836
16.841
16.845
16.854
16.863
16.865
16.872
16.872
16.874
16.876
16.888
16.889
16.891
16.906
16.91
16.928
16.931
16.931
16.932
16.958
16.968
16.968
16.97
16.974
16.977
16.978
16.979
16.983
16.987
16.996
17.007
17.01
17.011
17.013
17.018
17.022
17.03
17.048
17.053
17.059
17.09
17.094
17.097
17.1
17.108
17.115
17.122
17.123
17.134
17.134
17.139
17.144
17.172
17.172
17.183
17.188
17.195
17.201
17.204
17.226
17.229
17.229
17.235
17.25
17.25
17.251
17.258
17.261
17.268
17.275
17.28
17.282
17.289
17.293
17.3
17.31
17.315
17.317
17.325
17.328
17.335
17.344
17.351
17.356
17.36
17.383
17.393
17.411
17.433
17.444
17.446
17.471
17.478
17.479
17.482
17.484
17.492
17.493
17.496
17.503
17.518
17.518
17.539
17.559
17.591
17.597
17.602
17.603
17.608
17.612
17.617
17.618
17.621
17.629
17.636
17.636
17.641
17.648
17.653
17.653
17.666
17.672
17.674
17.687
17.7
17.701
17.724
17.731
17.732
17.733
17.74
17.753
17.759
17.766
17.772
17.787
17.792
17.813
17.818
17.822
17.84
17.85
17.856
17.861
17.88
17.884
17.886
17.89
17.891
17.918
17.92
17.933
17.983
18.012
18.015
18.015
18.021
18.032
18.038
18.05
18.053
18.059
18.073
18.093
18.12
18.122
18.123
18.132
18.147
18.173
18.2
18.21
18.211
18.215
18.216
18.216
18.223
18.231
18.247
18.29
18.363
18.379
18.388
18.396
18.41
18.416
18.419
18.433
18.435
18.448
18.467
18.47
18.476
18.477
18.498
18.501
18.507
18.527
18.54
18.568
18.574
18.578
18.58
18.638
18.643
18.655
18.655
18.663
18.673
18.683
18.685
18.692
18.693
18.725
18.726
18.736
18.743
18.76
18.793
18.805
18.805
18.818
18.839
18.851
18.86
18.872
18.884
18.889
18.904
18.914
18.932
18.947
18.947
18.988
18.999
19.013
19.021
19.031
19.031
19.038
19.048
19.102
19.103
19.105
19.109
19.112
19.128
19.14
19.142
19.142
19.144
19.158
19.181
19.182
19.206
19.308
19.328
19.345
19.353
19.353
19.356
19.381
19.395
19.404
19.428
19.453
19.46
19.484
19.508
19.536
19.563
19.595
19.607
19.618
19.628
19.646
19.672
19.689
19.707
19.767
19.768
19.79
19.794
19.795
19.801
19.81
19.841
19.841
19.85
19.876
19.887
19.897
19.901
19.924
19.925
19.98
20.031
20.037
20.08
20.09
20.119
20.146
20.184
20.192
20.2
20.214
20.215
20.232
20.252
20.262
20.28
20.423
20.445
20.508
20.527
20.539
20.541
20.552
20.577
20.602
20.622
20.64
20.658
20.668
20.681
20.696
20.721
20.751
20.758
20.767
20.77
20.817
20.853
20.876
20.893
20.986
20.988
21.003
21.009
21.062
21.076
21.11
21.18
21.242
21.245
21.292
21.328
21.329
21.358
21.365
21.375
21.393
21.427
21.472
21.472
21.506
21.546
21.597
21.637
21.672
21.743
21.753
21.787
21.816
21.831
21.848
21.863
21.896
21.912
21.916
21.949
21.955
22.005
22.026
22.036
22.051
22.08
22.099
22.122
22.177
22.194
22.206
22.256
22.292
22.318
22.366
22.426
22.427
22.465
22.488
22.489
22.535
22.603
22.676
22.685
22.809
22.816
22.841
22.856
22.856
22.858
22.879
22.947
22.986
23.07
23.226
23.3
23.306
23.397
23.422
23.49
23.666
23.674
23.687
23.701
23.707
23.772
23.952
23.984
24.044
24.117
24.163
24.178
24.218
24.362
24.512
24.554
24.685
24.689
24.742
24.839
24.849
24.876
24.885
25.035
25.038
25.045
25.079
25.121
25.232
25.264
25.367
25.49
25.571
25.61
25.729
25.765
25.787
25.823
25.931
25.969
26.308
26.557
26.72
26.737
26.784
26.824
26.967
27.125
27.292
27.565
27.718
27.9
28.524
28.638
28.964
29.654
29.942
30.641
32.011
35.858
