1.156
6.828
6.879
6.922
7.047
7.071
7.136
7.244
7.257
7.258
7.314
7.39
7.457
7.465
7.502
7.556
7.567
7.568
7.587
7.614
7.623
7.705
7.723
7.736
7.74
7.753
7.754
7.768
7.771
7.784
7.811
7.813
7.814
7.816
7.819
7.821
7.829
7.852
7.852
7.86
7.871
7.887
7.889
7.899
7.901
7.994
8.008
8.01
8.036
8.042
8.044
8.081
8.083
8.09
8.093
8.101
8.102
8.124
8.134
8.151
8.167
8.175
8.197
8.201
8.201
8.202
8.204
8.205
8.222
8.23
8.234
8.242
8.246
8.273
8.295
8.312
8.318
8.324
8.34
8.358
8.366
8.366
8.389
8.39
8.402
8.403
8.404
8.411
8.416
8.421
8.422
8.424
8.434
8.476
8.476
8.482
8.482
8.514
8.524
8.525
8.532
8.538
8.563
8.565
8.585
8.59
8.607
8.615
8.62
8.622
8.625
8.626
8.626
8.629
8.647
8.659
8.674
8.683
8.7
8.707
8.715
8.73
8.731
8.741
8.745
8.75
8.756
8.756
8.777
8.779
8.779
8.781
8.783
8.786
8.793
8.803
8.823
8.828
8.835
8.839
8.852
8.864
8.866
8.877
8.885
8.894
8.901
8.905
8.919
8.92
8.922
8.927
8.937
8.937
8.938
8.949
8.951
8.956
8.963
8.975
8.98
8.984
8.989
8.995
9.014
9.024
9.028
9.037
9.039
9.047
9.049
9.051
9.052
9.062
9.091
9.092
9.099
9.099
9.101
9.106
9.118
9.121
9.125
9.127
9.138
9.143
9.171
9.189
9.19
9.197
9.199
9.209
9.209
9.214
9.219
9.23
9.234
9.235
9.239
9.239
9.24
9.241
9.245
9.25
9.252
9.266
9.266
9.267
9.292
9.3
9.3
9.302
9.305
9.305
9.322
9.326
9.327
9.332
9.336
9.339
9.34
9.343
9.345
9.351
9.359
9.362
9.366
9.368
9.369
9.385
9.385
9.387
9.39
9.409
9.409
9.413
9.416
9.438
9.441
9.445
9.453
9.453
9.455
9.457
9.465
9.47
9.471
9.471
9.473
9.475
9.479
9.48
9.482
9.488
9.491
9.499
9.499
9.499
9.501
9.504
9.507
9.508
9.515
9.52
9.521
9.527
9.529
9.531
9.532
9.535
9.542
9.549
9.555
9.557
9.563
9.564
9.572
9.574
9.58
9.59
9.594
9.611
9.618
9.621
9.625
9.627
9.633
9.638
9.642
9.645
9.653
9.663
9.668
9.671
9.677
9.679
9.683
9.685
9.694
9.696
9.698
9.699
9.701
9.703
9.704
9.705
9.705
9.707
9.711
9.711
9.716
9.719
9.721
9.728
9.729
9.732
9.732
9.738
9.739
9.742
9.747
9.751
9.753
9.755
9.756
9.756
9.76
9.762
9.768
9.775
9.776
9.776
9.778
9.778
9.783
9.79
9.791
9.794
9.796
9.796
9.796
9.8
9.805
9.806
9.808
9.808
9.821
9.828
9.829
9.832
9.842
9.848
9.848
9.855
9.862
9.866
9.867
9.869
9.872
9.876
9.878
9.879
9.885
9.886
9.886
9.888
9.888
9.89
9.891
9.893
9.893
9.895
9.897
9.899
9.902
9.911
9.912
9.913
9.916
9.921
9.924
9.925
9.926
9.928
9.929
9.943
9.945
9.947
9.953
9.961
9.962
9.968
9.97
9.97
9.971
9.973
9.976
9.982
9.985
9.987
9.99
9.991
9.993
10
10.003
10.009
10.009
10.013
10.014
10.016
10.016
10.019
10.02
10.02
10.025
10.026
10.027
10.031
10.036
10.042
10.045
10.045
10.047
10.051
10.054
10.057
10.058
10.058
10.059
10.066
10.07
10.07
10.071
10.071
10.075
10.075
10.077
10.08
10.08
10.08
10.082
10.083
10.083
10.085
10.092
10.093
10.098
10.102
10.102
10.106
10.111
10.113
10.122
10.123
10.124
10.125
10.128
10.129
10.132
10.132
10.132
10.133
10.134
10.143
10.144
10.146
10.153
10.155
10.161
10.161
10.167
10.167
10.173
10.18
10.182
10.182
10.183
10.184
10.185
10.187
10.19
10.197
10.198
10.2
10.201
10.21
10.215
10.22
10.231
10.236
10.238
10.244
10.244
10.247
10.248
10.255
10.257
10.268
10.273
10.277
10.28
10.28
10.28
10.283
10.284
10.284
10.289
10.299
10.3
10.3
10.302
10.308
10.308
10.309
10.314
10.315
10.323
10.323
10.326
10.329
10.331
10.332
10.334
10.334
10.335
10.337
10.346
10.346
10.347
10.349
10.35
10.355
10.356
10.359
10.359
10.363
10.363
10.37
10.371
10.373
10.375
10.382
10.387
10.388
10.391
10.391
10.394
10.396
10.397
10.402
10.403
10.408
10.412
10.413
10.417
10.421
10.427
10.427
10.43
10.432
10.434
10.44
10.441
10.442
10.45
10.452
10.453
10.455
10.456
10.458
10.464
10.467
10.467
10.472
10.472
10.472
10.473
10.479
10.488
10.49
10.491
10.499
10.501
10.501
10.502
10.504
10.508
10.509
10.509
10.51
10.51
10.51
10.52
10.522
10.524
10.524
10.528
10.529
10.532
10.539
10.541
10.542
10.545
10.547
10.548
10.55
10.553
10.555
10.56
10.561
10.563
10.565
10.568
10.572
10.577
10.579
10.579
10.584
10.584
10.585
10.591
10.592
10.594
10.613
10.615
10.616
10.618
10.619
10.621
10.621
10.625
10.628
10.629
10.629
10.631
10.635
10.637
10.638
10.639
10.641
10.641
10.645
10.646
10.655
10.656
10.656
10.658
10.663
10.665
10.668
10.674
10.676
10.682
10.684
10.687
10.693
10.696
10.698
10.698
10.707
10.708
10.715
10.719
10.723
10.724
10.726
10.728
10.729
10.731
10.737
10.737
10.738
10.739
10.745
10.749
10.753
10.755
10.759
10.762
10.763
10.763
10.763
10.764
10.764
10.764
10.765
10.77
10.776
10.778
10.779
10.789
10.79
10.792
10.793
10.793
10.801
10.802
10.804
10.811
10.812
10.812
10.822
10.826
10.827
10.828
10.831
10.832
10.837
10.841
10.843
10.844
10.852
10.856
10.856
10.859
10.86
10.861
10.863
10.865
10.876
10.881
10.89
10.897
10.898
10.903
10.914
10.915
10.92
10.921
10.932
10.934
10.943
10.947
10.959
10.959
10.96
10.961
10.962
10.97
10.973
10.979
10.981
10.981
10.984
10.989
10.989
10.99
10.992
10.994
10.996
11
11.011
11.011
11.017
11.019
11.023
11.024
11.029
11.029
11.03
11.03
11.034
11.04
11.044
11.044
11.046
11.049
11.05
11.051
11.055
11.056
11.07
11.077
11.078
11.078
11.079
11.091
11.101
11.105
11.108
11.111
11.118
11.129
11.131
11.132
11.141
11.142
11.144
11.145
11.148
11.16
11.161
11.163
11.164
11.166
11.168
11.169
11.18
11.182
11.183
11.189
11.191
11.195
11.197
11.197
11.2
11.202
11.202
11.204
11.209
11.21
11.225
11.225
11.225
11.225
11.233
11.238
11.239
11.24
11.241
11.243
11.245
11.25
11.251
11.259
11.261
11.263
11.266
11.269
11.271
11.273
11.276
11.28
11.283
11.283
11.285
11.286
11.286
11.286
11.288
11.289
11.291
11.291
11.292
11.295
11.298
11.299
11.304
11.305
11.305
11.311
11.315
11.321
11.321
11.323
11.327
11.328
11.336
11.345
11.346
11.35
11.35
11.358
11.364
11.364
11.366
11.366
11.368
11.37
11.372
11.375
11.378
11.379
11.38
11.388
11.392
11.397
11.399
11.402
11.405
11.406
11.406
11.407
11.413
11.415
11.421
11.423
11.428
11.428
11.434
11.442
11.445
11.445
11.447
11.452
11.452
11.456
11.473
11.481
11.485
11.487
11.488
11.49
11.492
11.494
11.497
11.499
11.5
11.505
11.505
11.505
11.506
11.51
11.513
11.517
11.524
11.529
11.529
11.53
11.532
11.533
11.544
11.545
11.548
11.553
11.56
11.561
11.565
11.566
11.566
11.574
11.578
11.583
11.586
11.589
11.591
11.598
11.598
11.6
11.6
11.601
11.603
11.608
11.609
11.61
11.612
11.616
11.619
11.62
11.625
11.627
11.631
11.635
11.642
11.646
11.663
11.663
11.666
11.667
11.668
11.67
11.671
11.677
11.682
11.683
11.683
11.683
11.684
11.684
11.689
11.69
11.69
11.693
11.694
11.697
11.697
11.702
11.703
11.706
11.71
11.712
11.715
11.715
11.715
11.715
11.715
11.716
11.721
11.725
11.73
11.733
11.735
11.736
11.737
11.741
11.745
11.757
11.759
11.764
11.777
11.784
11.785
11.789
11.791
11.792
11.794
11.795
11.797
11.803
11.807
11.809
11.811
11.812
11.813
11.816
11.818
11.819
11.824
11.832
11.832
11.836
11.847
11.848
11.852
11.852
11.857
11.857
11.86
11.86
11.861
11.872
11.879
11.879
11.89
11.892
11.893
11.9
11.911
11.914
11.916
11.928
11.93
11.933
11.935
11.937
11.939
11.941
11.942
11.944
11.947
11.947
11.951
11.954
11.961
11.964
11.968
11.969
11.97
11.97
11.977
11.977
11.977
11.977
11.977
11.978
11.979
11.985
11.985
11.992
11.995
11.996
12
12.002
12.007
12.01
12.013
12.014
12.016
12.017
12.018
12.024
12.025
12.033
12.041
12.043
12.047
12.047
12.049
12.056
12.06
12.068
12.073
12.08
12.081
12.082
12.091
12.092
12.094
12.096
12.096
12.096
12.096
12.097
12.097
12.105
12.11
12.111
12.116
12.117
12.126
12.128
12.129
12.129
12.129
12.134
12.137
12.139
12.141
12.141
12.151
12.153
12.159
12.167
12.169
12.171
12.177
12.177
12.179
12.181
12.182
12.183
12.184
12.185
12.187
12.188
12.192
12.193
12.195
12.197
12.204
12.204
12.204
12.206
12.206
12.213
12.218
12.219
12.224
12.225
12.239
12.242
12.243
12.251
12.253
12.255
12.258
12.259
12.26
12.26
12.261
12.263
12.269
12.271
12.273
12.274
12.28
12.282
12.283
12.289
12.29
12.293
12.296
12.3
12.302
12.311
12.316
12.316
12.317
12.318
12.322
12.325
12.33
12.332
12.34
12.345
12.346
12.351
12.357
12.358
12.359
12.36
12.372
12.378
12.382
12.382
12.384
12.396
12.404
12.405
12.405
12.408
12.413
12.425
12.426
12.428
12.429
12.43
12.431
12.434
12.436
12.436
12.438
12.445
12.446
12.447
12.455
12.459
12.461
12.475
12.476
12.482
12.484
12.484
12.486
12.489
12.492
12.493
12.495
12.496
12.5
12.508
12.509
12.511
12.512
12.523
12.531
12.534
12.535
12.539
12.544
12.55
12.55
12.55
12.557
12.558
12.558
12.563
12.567
12.571
12.573
12.575
12.577
12.577
12.578
12.579
12.59
12.591
12.594
12.596
12.597
12.597
12.6
12.601
12.603
12.606
12.607
12.616
12.616
12.623
12.631
12.632
12.635
12.639
12.64
12.643
12.645
12.66
12.664
12.666
12.666
12.674
12.674
12.68
12.681
12.692
12.693
12.697
12.702
12.702
12.711
12.712
12.715
12.72
12.721
12.722
12.722
12.728
12.73
12.73
12.731
12.741
12.741
12.742
12.742
12.744
12.745
12.746
12.755
12.756
12.756
12.76
12.76
12.765
12.769
12.773
12.778
12.779
12.783
12.785
12.786
12.787
12.792
12.793
12.795
12.796
12.798
12.799
12.8
12.801
12.804
12.805
12.81
12.812
12.817
12.819
12.822
12.824
12.837
12.837
12.839
12.839
12.841
12.842
12.842
12.844
12.846
12.85
12.85
12.863
12.864
12.864
12.869
12.873
12.876
12.883
12.884
12.888
12.894
12.895
12.898
12.898
12.899
12.899
12.902
12.903
12.907
12.912
12.918
12.919
12.92
12.921
12.923
12.928
12.936
12.942
12.945
12.948
12.949
12.95
12.954
12.959
12.96
12.968
12.972
12.973
12.974
12.974
12.984
12.985
12.994
12.996
12.997
12.998
13.004
13.004
13.007
13.007
13.008
13.009
13.014
13.024
13.027
13.028
13.033
13.036
13.036
13.037
13.039
13.052
13.054
13.057
13.063
13.075
13.082
13.083
13.084
13.087
13.094
13.098
13.104
13.105
13.109
13.11
13.121
13.123
13.127
13.13
13.138
13.138
13.143
13.147
13.147
13.151
13.154
13.155
13.161
13.175
13.18
13.186
13.195
13.196
13.197
13.201
13.21
13.214
13.215
13.217
13.223
13.224
13.227
13.231
13.231
13.235
13.237
13.24
13.249
13.256
13.261
13.266
13.266
13.273
13.275
13.277
13.291
13.305
13.308
13.313
13.325
13.326
13.328
13.337
13.341
13.35
13.353
13.356
13.366
13.366
13.375
13.377
13.379
13.38
13.388
13.397
13.4
13.403
13.411
13.413
13.415
13.418
13.423
13.429
13.434
13.438
13.441
13.445
13.448
13.449
13.474
13.484
13.489
13.492
13.495
13.5
13.503
13.507
13.508
13.515
13.517
13.52
13.521
13.525
13.527
13.533
13.542
13.543
13.554
13.554
13.556
13.562
13.568
13.573
13.574
13.575
13.581
13.591
13.591
13.608
13.609
13.616
13.626
13.634
13.635
13.643
13.649
13.669
13.674
13.677
13.688
13.694
13.694
13.695
13.7
13.701
13.711
13.715
13.719
13.719
13.72
13.735
13.748
13.751
13.753
13.756
13.758
13.764
13.775
13.788
13.809
13.809
13.816
13.82
13.82
13.822
13.83
13.833
13.834
13.834
13.844
13.858
13.863
13.866
13.874
13.875
13.886
13.92
13.925
13.927
13.95
13.952
13.954
13.956
13.958
13.962
13.966
13.985
13.987
13.988
14.004
14.014
14.015
14.024
14.027
14.03
14.038
14.047
14.053
14.06
14.061
14.062
14.065
14.08
14.093
14.104
14.108
14.115
14.115
14.119
14.12
14.128
14.133
14.134
14.136
14.136
14.144
14.147
14.15
14.157
14.166
14.168
14.175
14.184
14.188
14.189
14.199
14.208
14.209
14.217
14.225
14.227
14.241
14.241
14.255
14.255
14.267
14.276
14.281
14.294
14.295
14.297
14.299
14.302
14.306
14.307
14.313
14.333
14.334
14.341
14.342
14.347
14.349
14.35
14.351
14.352
14.353
14.356
14.365
14.369
14.37
14.382
14.384
14.384
14.386
14.389
14.391
14.392
14.397
14.4
14.402
14.405
14.409
14.409
14.412
14.427
14.432
14.433
14.434
14.437
14.442
14.461
14.472
14.476
14.479
14.481
14.486
14.487
14.49
14.491
14.491
14.491
14.495
14.495
14.501
14.512
14.517
14.529
14.533
14.537
14.543
14.546
14.546
14.548
14.559
14.56
14.561
14.562
14.568
14.575
14.576
14.576
14.577
14.582
14.585
14.585
14.585
14.586
14.59
14.595
14.595
14.598
14.619
14.623
14.627
14.627
14.633
14.637
14.651
14.654
14.655
14.655
14.655
14.659
14.66
14.676
14.679
14.679
14.689
14.703
14.711
14.713
14.715
14.718
14.728
14.733
14.738
14.738
14.742
14.748
14.752
14.759
14.764
14.78
14.78
14.781
14.783
14.784
14.785
14.791
14.809
14.813
14.815
14.816
14.821
14.842
14.851
14.853
14.854
14.858
14.871
14.88
14.88
14.894
14.911
14.919
14.927
14.932
14.934
14.946
14.947
14.949
14.954
14.958
14.973
14.974
14.992
14.998
15.01
15.021
15.033
15.033
15.042
15.049
15.054
15.065
15.066
15.082
15.086
15.091
15.092
15.093
15.096
15.102
15.109
15.114
15.12
15.124
15.128
15.13
15.134
15.136
15.138
15.142
15.143
15.15
15.154
15.157
15.159
15.169
15.182
15.19
15.192
15.196
15.197
15.216
15.216
15.235
15.239
15.25
15.26
15.264
15.269
15.27
15.292
15.295
15.301
15.302
15.304
15.311
15.322
15.322
15.322
15.336
15.336
15.35
15.351
15.359
15.365
15.367
15.374
15.381
15.391
15.398
15.405
15.405
15.406
15.407
15.407
15.417
15.424
15.429
15.43
15.434
15.457
15.464
15.471
15.475
15.53
15.532
15.544
15.544
15.544
15.545
15.545
15.55
15.553
15.553
15.558
15.56
15.562
15.569
15.576
15.58
15.581
15.584
15.601
15.607
15.616
15.617
15.624
15.639
15.644
15.645
15.645
15.647
15.649
15.658
15.664
15.682
15.695
15.718
15.72
15.724
15.73
15.731
15.735
15.75
15.753
15.754
15.755
15.756
15.761
15.764
15.777
15.783
15.791
15.793
15.799
15.813
15.82
15.829
15.833
15.838
15.84
15.843
15.864
15.869
15.878
15.889
15.908
15.918
15.918
15.92
15.923
15.924
15.929
15.938
15.943
15.944
15.96
15.965
15.967
15.971
15.974
15.975
15.99
15.991
15.995
16.001
16.002
16.005
16.014
16.025
16.026
16.029
16.035
16.04
16.056
16.056
16.065
16.068
16.068
16.073
16.085
16.107
16.111
16.121
16.129
16.13
16.138
16.138
16.146
16.147
16.149
16.165
16.167
16.172
16.173
16.175
16.192
16.194
16.218
16.233
16.233
16.239
16.246
16.247
16.249
16.25
16.263
16.288
16.307
16.327
16.331
16.334
16.351
16.351
16.367
16.37
16.371
16.375
16.377
16.382
16.404
16.404
16.412
16.414
16.416
16.433
16.436
16.44
16.446
16.448
16.456
16.457
16.462
16.463
16.468
16.472
16.475
16.502
16.508
16.515
16.518
16.527
16.528
16.548
16.553
16.566
16.566
16.572
16.574
16.576
16.589
16.593
16.602
16.62
16.622
16.644
16.647
16.649
16.652
16.652
16.668
16.673
16.678
16.679
16.684
16.695
16.7
16.703
16.715
16.716
16.732
16.732
16.734
16.753
16.757
16.761
16.764
16.793
16.795
16.814
16.83
16.834
16.849
16.853
16.861
16.879
16.895
16.9
16.907
16.91
16.919
16.935
16.939
16.942
16.942
16.952
16.955
16.973
16.996
17.011
17.012
17.014
17.016
17.019
17.028
17.032
17.039
17.042
17.043
17.044
17.048
17.078
17.102
17.108
17.111
17.119
17.124
17.137
17.138
17.138
17.138
17.139
17.152
17.155
17.161
17.166
17.169
17.17
17.191
17.212
17.215
17.234
17.241
17.259
17.266
17.269
17.273
17.275
17.279
17.282
17.295
17.3
17.302
17.312
17.322
17.33
17.337
17.341
17.345
17.362
17.374
17.384
17.395
17.396
17.405
17.423
17.43
17.43
17.44
17.462
17.47
17.488
17.499
17.505
17.507
17.51
17.515
17.515
17.569
17.579
17.58
17.588
17.59
17.622
17.625
17.647
17.648
17.662
17.663
17.678
17.711
17.723
17.756
17.787
17.798
17.8
17.801
17.815
17.827
17.832
17.837
17.843
17.845
17.862
17.864
17.872
17.878
17.884
17.889
17.89
17.907
17.912
17.919
17.924
17.944
17.945
17.982
17.989
18.003
18.027
18.055
18.067
18.076
18.097
18.102
18.113
18.117
18.128
18.135
18.15
18.165
18.179
18.184
18.213
18.213
18.221
18.231
18.237
18.241
18.265
18.279
18.28
18.281
18.313
18.317
18.339
18.34
18.351
18.352
18.392
18.413
18.421
18.424
18.434
18.456
18.456
18.461
18.48
18.487
18.488
18.507
18.52
18.531
18.538
18.539
18.54
18.567
18.574
18.617
18.626
18.656
18.66
18.676
18.684
18.714
18.716
18.719
18.721
18.726
18.735
18.747
18.766
18.786
18.811
18.819
18.822
18.835
18.84
18.848
18.874
18.904
18.905
18.911
18.932
18.959
18.986
18.99
18.995
19.015
19.037
19.064
19.073
19.081
19.091
19.092
19.118
19.125
19.126
19.13
19.152
19.156
19.159
19.177
19.215
19.221
19.227
19.251
19.292
19.293
19.348
19.351
19.359
19.373
19.382
19.391
19.393
19.431
19.453
19.491
19.496
19.501
19.503
19.527
19.528
19.544
19.558
19.566
19.566
19.589
19.618
19.621
19.641
19.663
19.694
19.713
19.72
19.729
19.735
19.804
19.814
19.838
19.841
19.853
19.881
19.895
19.897
19.918
19.919
19.93
19.96
19.974
19.983
19.997
20.007
20.008
20.037
20.156
20.162
20.165
20.184
20.196
20.198
20.203
20.218
20.219
20.22
20.232
20.263
20.276
20.279
20.293
20.325
20.359
20.369
20.375
20.392
20.396
20.421
20.435
20.435
20.462
20.491
20.516
20.543
20.548
20.554
20.561
20.653
20.66
20.696
20.713
20.725
20.735
20.738
20.759
20.768
20.826
20.853
20.956
20.962
21.09
21.102
21.152
21.194
21.221
21.228
21.276
21.292
21.39
21.395
21.513
21.566
21.574
21.604
21.606
21.67
21.799
21.831
21.862
21.904
21.969
21.991
22.076
22.122
22.144
22.145
22.158
22.2
22.207
22.22
22.235
22.265
22.384
22.42
22.491
22.585
22.675
22.713
22.728
22.753
22.885
22.92
22.96
22.97
23.009
23.127
23.133
23.181
23.281
23.375
23.44
23.443
23.563
23.605
23.606
23.645
23.665
23.776
23.806
23.894
23.958
23.975
24.011
24.011
24.09
24.161
24.287
24.316
24.412
24.487
24.505
24.52
24.639
24.675
24.703
24.953
25.024
25.398
25.426
26
26.05
26.118
26.176
26.194
26.271
26.293
26.394
26.543
26.563
26.644
26.689
28.24
28.377
28.394
28.472
28.51
28.77
29.098
29.341
30.622
31.004
31.118
31.167
31.522
31.741
35.08
38.771
