0.756
4.164
4.364
4.369
4.377
4.445
4.491
4.526
4.53
4.555
4.563
4.624
4.626
4.679
4.681
4.684
4.684
4.685
4.702
4.717
4.73
4.733
4.736
4.744
4.765
4.803
4.813
4.819
4.83
4.833
4.84
4.848
4.85
4.862
4.873
4.876
4.877
4.888
4.893
4.9
4.938
4.958
4.969
5.01
5.012
5.02
5.041
5.088
5.114
5.146
5.151
5.156
5.171
5.175
5.18
5.181
5.196
5.203
5.206
5.231
5.253
5.256
5.288
5.296
5.3
5.323
5.33
5.336
5.343
5.35
5.358
5.364
5.386
5.389
5.399
5.4
5.401
5.423
5.427
5.428
5.437
5.451
5.453
5.453
5.458
5.458
5.459
5.463
5.465
5.467
5.468
5.49
5.49
5.493
5.511
5.511
5.512
5.514
5.52
5.521
5.525
5.526
5.528
5.535
5.539
5.552
5.555
5.572
5.589
5.593
5.596
5.602
5.606
5.608
5.619
5.619
5.621
5.626
5.631
5.633
5.637
5.647
5.652
5.658
5.681
5.688
5.693
5.695
5.715
5.724
5.726
5.739
5.745
5.749
5.749
5.75
5.769
5.784
5.786
5.814
5.823
5.825
5.837
5.843
5.851
5.867
5.869
5.874
5.877
5.898
5.902
5.908
5.914
5.929
5.957
5.962
5.968
5.993
5.994
5.999
6.002
6.003
6.005
6.011
6.012
6.018
6.033
6.047
6.05
6.053
6.057
6.065
6.067
6.093
6.095
6.103
6.104
6.107
6.114
6.115
6.117
6.118
6.127
6.129
6.133
6.14
6.141
6.147
6.171
6.171
6.175
6.176
6.187
6.188
6.189
6.192
6.196
6.199
6.208
6.212
6.218
6.236
6.241
6.242
6.243
6.246
6.246
6.249
6.25
6.252
6.264
6.268
6.268
6.269
6.271
6.271
6.273
6.291
6.294
6.323
6.33
6.332
6.333
6.338
6.355
6.358
6.363
6.369
6.377
6.38
6.387
6.393
6.394
6.395
6.395
6.396
6.397
6.398
6.398
6.406
6.407
6.407
6.408
6.409
6.41
6.418
6.438
6.439
6.445
6.449
6.468
6.475
6.476
6.479
6.485
6.488
6.496
6.501
6.505
6.508
6.508
6.511
6.512
6.514
6.515
6.525
6.532
6.533
6.533
6.537
6.538
6.539
6.54
6.55
6.553
6.557
6.564
6.566
6.571
6.575
6.578
6.581
6.582
6.588
6.613
6.619
6.633
6.637
6.638
6.641
6.649
6.663
6.664
6.667
6.683
6.688
6.69
6.69
6.695
6.7
6.701
6.701
6.709
6.713
6.727
6.732
6.734
6.742
6.75
6.76
6.767
6.773
6.788
6.789
6.79
6.795
6.799
6.801
6.807
6.827
6.83
6.83
6.833
6.842
6.852
6.861
6.861
6.868
6.868
6.884
6.885
6.893
6.894
6.895
6.901
6.904
6.907
6.908
6.924
6.929
6.934
6.941
6.948
6.951
6.959
6.963
6.972
6.976
6.984
6.988
6.992
6.994
7.026
7.026
7.027
7.034
7.036
7.036
7.04
7.041
7.048
7.051
7.058
7.064
7.065
7.069
7.073
7.077
7.11
7.111
7.12
7.121
7.141
7.144
7.146
7.152
7.158
7.167
7.168
7.172
7.173
7.176
7.181
7.188
7.191
7.192
7.197
7.199
7.2
7.211
7.215
7.219
7.223
7.237
7.247
7.25
7.259
7.265
7.273
7.276
7.287
7.317
7.322
7.323
7.329
7.329
7.33
7.333
7.337
7.341
7.346
7.346
7.349
7.359
7.36
7.373
7.384
7.384
7.39
7.391
7.395
7.397
7.404
7.409
7.414
7.419
7.419
7.423
7.431
7.432
7.436
7.441
7.451
7.463
7.467
7.471
7.474
7.483
7.483
7.484
7.488
7.489
7.493
7.497
7.499
7.503
7.527
7.534
7.535
7.539
7.541
7.545
7.561
7.569
7.569
7.581
7.587
7.589
7.601
7.604
7.61
7.619
7.624
7.63
7.641
7.642
7.645
7.66
7.678
7.685
7.686
7.696
7.697
7.708
7.711
7.714
7.716
7.721
7.723
7.732
7.733
7.734
7.74
7.741
7.742
7.747
7.753
7.756
7.762
7.767
7.767
7.768
7.794
7.794
7.798
7.799
7.804
7.806
7.807
7.81
7.814
7.814
7.817
7.823
7.825
7.829
7.829
7.831
7.85
7.859
7.863
7.867
7.871
7.876
7.878
7.887
7.888
7.889
7.895
7.896
7.896
7.901
7.909
7.915
7.919
7.919
7.92
7.923
7.929
7.931
7.933
7.95
7.95
7.952
7.952
7.958
7.959
7.961
7.962
7.963
7.965
7.966
7.974
7.975
7.981
7.986
7.988
7.989
7.996
7.997
7.999
8.001
8.004
8.011
8.016
8.02
8.021
8.021
8.021
8.025
8.036
8.038
8.039
8.043
8.05
8.053
8.056
8.057
8.058
8.064
8.078
8.079
8.079
8.082
8.089
8.089
8.091
8.093
8.097
8.097
8.1
8.1
8.101
8.101
8.106
8.11
8.112
8.113
8.114
8.117
8.119
8.12
8.121
8.126
8.127
8.128
8.133
8.133
8.133
8.134
8.135
8.136
8.136
8.143
8.144
8.145
8.145
8.149
8.151
8.153
8.165
8.169
8.179
8.18
8.187
8.188
8.189
8.191
8.196
8.201
8.207
8.208
8.21
8.21
8.214
8.221
8.227
8.23
8.238
8.242
8.251
8.253
8.255
8.257
8.258
8.265
8.267
8.27
8.272
8.276
8.277
8.282
8.285
8.286
8.296
8.305
8.31
8.314
8.321
8.323
8.331
8.334
8.338
8.339
8.341
8.349
8.351
8.353
8.353
8.361
8.364
8.365
8.367
8.376
8.395
8.397
8.398
8.399
8.4
8.41
8.42
8.421
8.424
8.43
8.433
8.443
8.443
8.443
8.447
8.448
8.453
8.457
8.461
8.462
8.463
8.463
8.466
8.476
8.488
8.495
8.498
8.501
8.507
8.51
8.512
8.514
8.517
8.523
8.525
8.526
8.529
8.53
8.535
8.537
8.537
8.538
8.548
8.552
8.553
8.555
8.561
8.568
8.577
8.581
8.581
8.582
8.586
8.586
8.586
8.587
8.588
8.597
8.608
8.608
8.627
8.627
8.633
8.634
8.648
8.652
8.656
8.656
8.657
8.663
8.666
8.668
8.673
8.674
8.683
8.687
8.7
8.702
8.707
8.707
8.708
8.709
8.709
8.715
8.718
8.722
8.739
8.744
8.748
8.751
8.755
8.76
8.78
8.789
8.792
8.794
8.802
8.813
8.814
8.826
8.829
8.83
8.832
8.838
8.843
8.846
8.848
8.848
8.851
8.852
8.86
8.862
8.863
8.866
8.868
8.882
8.883
8.887
8.891
8.901
8.902
8.904
8.905
8.917
8.922
8.926
8.931
8.937
8.94
8.943
8.968
8.973
8.981
8.985
8.992
8.998
9.004
9.015
9.018
9.021
9.032
9.037
9.039
9.046
9.048
9.05
9.062
9.098
9.121
9.126
9.131
9.137
9.139
9.139
9.149
9.149
9.158
9.163
9.195
9.197
9.198
9.215
9.217
9.22
9.229
9.234
9.245
9.254
9.267
9.269
9.281
9.307
9.313
9.32
9.32
9.325
9.326
9.328
9.329
9.351
9.352
9.36
9.365
9.369
9.373
9.424
9.444
9.451
9.47
9.477
9.488
9.49
9.496
9.502
9.504
9.508
9.514
9.523
9.525
9.536
9.559
9.564
9.575
9.59
9.594
9.597
9.611
9.613
9.617
9.621
9.624
9.636
9.65
9.659
9.663
9.665
9.673
9.678
9.679
9.696
9.705
9.725
9.726
9.735
9.74
9.74
9.757
9.763
9.764
9.775
9.792
9.797
9.804
9.836
9.848
9.852
9.873
9.876
9.878
9.891
9.903
9.923
9.932
9.943
9.955
9.955
9.958
9.968
9.985
9.992
10.013
10.019
10.021
10.031
10.041
10.047
10.048
10.06
10.062
10.07
10.079
10.079
10.098
10.118
10.126
10.129
10.131
10.132
10.14
10.152
10.171
10.176
10.192
10.197
10.203
10.21
10.219
10.221
10.224
10.229
10.237
10.244
10.256
10.273
10.288
10.3
10.304
10.31
10.321
10.322
10.323
10.351
10.353
10.36
10.381
10.384
10.403
10.405
10.415
10.428
10.441
10.451
10.459
10.466
10.484
10.489
10.496
10.498
10.5
10.503
10.505
10.538
10.571
10.574
10.575
10.576
10.594
10.604
10.627
10.638
10.638
10.64
10.644
10.676
10.684
10.686
10.687
10.718
10.722
10.722
10.73
10.736
10.753
10.753
10.756
10.766
10.768
10.783
10.792
10.808
10.833
10.837
10.842
10.854
10.864
10.868
10.871
10.884
10.885
10.888
10.891
10.913
10.915
10.92
10.92
10.921
10.924
10.933
10.934
10.938
10.95
10.951
10.969
10.969
10.973
10.975
10.975
10.979
11.013
11.018
11.028
11.041
11.05
11.05
11.056
11.064
11.068
11.07
11.082
11.096
11.117
11.119
11.138
11.147
11.149
11.165
11.212
11.215
11.215
11.22
11.235
11.243
11.246
11.248
11.258
11.278
11.286
11.287
11.325
11.329
11.33
11.34
11.347
11.35
11.355
11.38
11.386
11.4
11.403
11.406
11.413
11.427
11.462
11.494
11.518
11.546
11.553
11.558
11.578
11.587
11.587
11.623
11.627
11.638
11.65
11.697
11.72
11.725
11.728
11.753
11.759
11.779
11.789
11.795
11.81
11.818
11.825
11.85
11.889
11.912
11.971
11.99
12.011
12.034
12.034
12.036
12.037
12.046
12.048
12.049
12.073
12.093
12.113
12.114
12.128
12.147
12.147
12.158
12.174
12.176
12.182
12.184
12.184
12.216
12.222
12.247
12.286
12.304
12.308
12.33
12.343
12.363
12.366
12.366
12.368
12.38
12.386
12.426
12.433
12.443
12.495
12.501
12.505
12.576
12.662
12.672
12.751
12.813
12.86
12.881
12.913
12.947
13.02
13.063
13.088
13.11
13.148
13.265
13.269
13.391
13.442
13.471
13.521
13.712
13.744
13.821
13.862
13.87
13.909
13.915
13.918
13.922
14.128
14.222
14.332
14.438
14.676
14.683
14.722
14.726
14.876
15.009
15.018
15.125
15.218
15.266
15.299
15.665
16.215
16.302
16.318
16.35
16.367
16.498
16.85
16.865
17.695
17.824
18.242
18.314
18.372
18.45
18.651
18.71
18.778
19.255
19.317
19.385
19.762
20.173
20.174
20.522
21.231
21.358
23.89
