0.807
4.355
4.408
4.425
4.547
4.551
4.551
4.575
4.622
4.704
4.771
4.845
4.968
4.997
5.006
5.015
5.037
5.051
5.055
5.162
5.166
5.226
5.227
5.227
5.262
5.269
5.306
5.321
5.326
5.362
5.413
5.414
5.417
5.442
5.452
5.457
5.465
5.49
5.509
5.536
5.541
5.556
5.562
5.574
5.619
5.622
5.636
5.641
5.655
5.669
5.684
5.686
5.708
5.72
5.723
5.738
5.749
5.753
5.754
5.755
5.782
5.788
5.796
5.799
5.817
5.824
5.846
5.85
5.867
5.87
5.872
5.889
5.894
5.904
5.912
5.921
5.928
5.935
5.941
5.964
5.973
5.979
5.989
6.009
6.016
6.044
6.056
6.074
6.091
6.096
6.1
6.117
6.12
6.122
6.122
6.123
6.128
6.131
6.143
6.151
6.184
6.201
6.206
6.207
6.212
6.231
6.27
6.288
6.303
6.303
6.304
6.317
6.32
6.326
6.341
6.342
6.345
6.349
6.357
6.358
6.358
6.375
6.383
6.384
6.385
6.395
6.395
6.401
6.404
6.423
6.424
6.424
6.425
6.436
6.441
6.458
6.469
6.473
6.479
6.483
6.492
6.498
6.506
6.508
6.513
6.517
6.559
6.563
6.568
6.573
6.594
6.597
6.6
6.607
6.615
6.623
6.629
6.633
6.648
6.65
6.65
6.659
6.66
6.665
6.666
6.666
6.668
6.671
6.672
6.686
6.692
6.696
6.701
6.717
6.747
6.748
6.75
6.758
6.762
6.764
6.772
6.779
6.78
6.79
6.793
6.795
6.795
6.803
6.812
6.818
6.825
6.825
6.828
6.841
6.857
6.858
6.871
6.876
6.882
6.886
6.89
6.891
6.891
6.892
6.902
6.914
6.916
6.92
6.923
6.938
6.947
6.95
6.951
6.958
6.959
6.98
6.981
6.983
6.995
6.999
7.006
7.007
7.013
7.016
7.019
7.031
7.038
7.043
7.045
7.05
7.059
7.071
7.077
7.087
7.088
7.1
7.103
7.11
7.125
7.127
7.144
7.148
7.159
7.163
7.166
7.169
7.169
7.171
7.172
7.174
7.174
7.177
7.193
7.195
7.198
7.212
7.224
7.228
7.232
7.237
7.253
7.259
7.266
7.272
7.274
7.277
7.281
7.285
7.286
7.286
7.292
7.308
7.317
7.321
7.327
7.327
7.331
7.337
7.338
7.339
7.346
7.347
7.36
7.365
7.369
7.373
7.383
7.386
7.404
7.408
7.411
7.412
7.413
7.416
7.417
7.423
7.424
7.428
7.429
7.434
7.435
7.436
7.444
7.462
7.477
7.484
7.486
7.487
7.491
7.503
7.507
7.528
7.541
7.546
7.547
7.552
7.552
7.561
7.561
7.563
7.566
7.572
7.578
7.578
7.578
7.589
7.59
7.596
7.601
7.609
7.627
7.628
7.645
7.646
7.658
7.662
7.688
7.689
7.689
7.697
7.698
7.712
7.717
7.718
7.723
7.727
7.747
7.748
7.75
7.785
7.797
7.811
7.815
7.821
7.828
7.829
7.835
7.835
7.852
7.855
7.856
7.86
7.872
7.886
7.889
7.891
7.92
7.942
7.948
7.958
7.96
7.971
7.977
7.985
7.996
7.997
8.008
8.036
8.039
8.048
8.05
8.069
8.07
8.074
8.077
8.091
8.102
8.11
8.132
8.139
8.158
8.164
8.171
8.179
8.281
8.284
8.285
8.297
8.312
8.331
8.334
8.335
8.337
8.344
8.345
8.352
8.359
8.369
8.373
8.374
8.378
8.395
8.404
8.429
8.439
8.449
8.467
8.47
8.476
8.48
8.488
8.489
8.493
8.497
8.502
8.503
8.507
8.511
8.516
8.518
8.543
8.553
8.561
8.565
8.57
8.571
8.572
8.579
8.581
8.587
8.591
8.606
8.607
8.63
8.634
8.643
8.647
8.666
8.667
8.671
8.672
8.674
8.678
8.689
8.694
8.695
8.696
8.697
8.721
8.721
8.726
8.729
8.731
8.732
8.733
8.743
8.745
8.75
8.751
8.758
8.76
8.767
8.769
8.771
8.774
8.784
8.789
8.796
8.797
8.799
8.801
8.802
8.803
8.806
8.809
8.816
8.817
8.822
8.832
8.833
8.835
8.835
8.839
8.846
8.846
8.856
8.862
8.872
8.873
8.88
8.88
8.882
8.882
8.889
8.896
8.897
8.897
8.901
8.901
8.906
8.906
8.911
8.911
8.914
8.916
8.917
8.919
8.92
8.92
8.928
8.928
8.929
8.937
8.945
8.947
8.95
8.952
8.959
8.963
8.971
8.972
8.975
8.989
9.002
9.009
9.025
9.03
9.03
9.031
9.033
9.037
9.038
9.051
9.052
9.057
9.058
9.06
9.06
9.062
9.062
9.068
9.068
9.085
9.085
9.086
9.092
9.101
9.102
9.103
9.133
9.136
9.149
9.152
9.156
9.159
9.162
9.165
9.17
9.177
9.179
9.18
9.188
9.197
9.201
9.21
9.211
9.218
9.223
9.225
9.225
9.227
9.231
9.239
9.239
9.243
9.25
9.258
9.258
9.262
9.265
9.272
9.274
9.274
9.276
9.283
9.283
9.284
9.293
9.296
9.3
9.32
9.322
9.325
9.326
9.328
9.329
9.329
9.334
9.339
9.378
9.378
9.379
9.381
9.384
9.386
9.392
9.392
9.403
9.404
9.41
9.415
9.432
9.435
9.438
9.444
9.445
9.455
9.458
9.463
9.468
9.477
9.483
9.485
9.495
9.5
9.512
9.516
9.529
9.532
9.541
9.543
9.545
9.546
9.555
9.579
9.582
9.584
9.59
9.621
9.622
9.624
9.626
9.629
9.641
9.648
9.651
9.651
9.652
9.664
9.665
9.668
9.672
9.681
9.685
9.697
9.699
9.7
9.705
9.711
9.719
9.719
9.723
9.723
9.73
9.733
9.755
9.757
9.775
9.783
9.783
9.787
9.789
9.794
9.805
9.806
9.819
9.824
9.833
9.834
9.84
9.841
9.844
9.844
9.845
9.853
9.854
9.866
9.872
9.88
9.88
9.885
9.896
9.897
9.909
9.918
9.918
9.919
9.919
9.92
9.924
9.939
9.944
9.947
9.947
9.95
9.958
9.966
9.977
9.978
9.997
10
10.005
10.007
10.014
10.017
10.021
10.026
10.038
10.041
10.041
10.048
10.058
10.06
10.061
10.061
10.067
10.077
10.085
10.087
10.099
10.1
10.11
10.13
10.13
10.132
10.133
10.139
10.146
10.153
10.172
10.182
10.188
10.196
10.197
10.207
10.212
10.215
10.216
10.23
10.231
10.233
10.241
10.251
10.252
10.257
10.268
10.287
10.301
10.309
10.311
10.316
10.331
10.353
10.358
10.363
10.367
10.398
10.399
10.413
10.428
10.43
10.438
10.447
10.453
10.475
10.489
10.49
10.491
10.492
10.494
10.495
10.495
10.521
10.526
10.527
10.545
10.565
10.569
10.569
10.616
10.624
10.636
10.653
10.655
10.688
10.695
10.715
10.717
10.718
10.728
10.74
10.745
10.768
10.771
10.794
10.808
10.81
10.814
10.844
10.864
10.873
10.875
10.88
10.896
10.921
10.942
10.961
10.964
10.966
10.967
10.977
10.991
11.001
11.034
11.059
11.062
11.064
11.074
11.121
11.121
11.122
11.127
11.136
11.142
11.153
11.181
11.188
11.202
11.204
11.206
11.222
11.226
11.231
11.239
11.283
11.286
11.323
11.331
11.344
11.361
11.377
11.39
11.398
11.399
11.405
11.42
11.423
11.435
11.456
11.475
11.485
11.494
11.509
11.516
11.522
11.54
11.551
11.556
11.563
11.574
11.595
11.617
11.62
11.653
11.656
11.681
11.686
11.734
11.739
11.743
11.745
11.749
11.754
11.76
11.772
11.773
11.773
11.775
11.782
11.794
11.795
11.824
11.824
11.861
11.882
11.902
11.903
11.916
11.921
11.938
11.946
11.951
11.964
11.994
12.011
12.019
12.036
12.053
12.057
12.068
12.07
12.116
12.15
12.155
12.16
12.165
12.17
12.195
12.236
12.248
12.264
12.281
12.317
12.334
12.34
12.358
12.363
12.365
12.366
12.372
12.391
12.396
12.397
12.41
12.421
12.427
12.441
12.441
12.455
12.472
12.476
12.479
12.482
12.501
12.509
12.512
12.512
12.515
12.522
12.525
12.526
12.531
12.539
12.549
12.55
12.573
12.573
12.582
12.586
12.605
12.607
12.607
12.613
12.627
12.649
12.652
12.654
12.663
12.678
12.681
12.688
12.701
12.704
12.725
12.731
12.755
12.772
12.795
12.8
12.801
12.805
12.828
12.897
12.921
12.928
12.941
12.942
12.969
12.969
12.976
13.01
13.018
13.019
13.027
13.047
13.052
13.069
13.077
13.107
13.112
13.122
13.137
13.137
13.176
13.18
13.18
13.194
13.227
13.241
13.248
13.258
13.28
13.282
13.289
13.31
13.32
13.341
13.362
13.378
13.382
13.398
13.405
13.416
13.427
13.441
13.48
13.485
13.512
13.539
13.543
13.548
13.567
13.57
13.589
13.605
13.618
13.621
13.633
13.635
13.651
13.669
13.706
13.721
13.729
13.732
13.774
13.775
13.791
13.793
13.805
13.843
13.848
13.863
13.875
13.876
13.884
13.889
13.964
13.976
14.074
14.088
14.103
14.107
14.135
14.136
14.157
14.192
14.209
14.221
14.227
14.229
14.237
14.25
14.254
14.257
14.268
14.268
14.283
14.289
14.3
14.315
14.331
14.357
14.377
14.392
14.408
14.408
14.416
14.432
14.441
14.456
14.47
14.53
14.536
14.58
14.603
14.66
14.693
14.695
14.706
14.709
14.731
14.749
14.771
14.81
14.852
14.937
14.937
14.95
15.034
15.064
15.1
15.112
15.136
15.166
15.17
15.238
15.241
15.332
15.368
15.4
15.473
15.483
15.489
15.498
15.605
15.65
15.65
15.652
15.658
15.665
15.751
15.793
15.855
15.869
15.93
15.931
15.937
15.943
16.017
16.024
16.069
16.15
16.253
16.283
16.307
16.322
16.363
16.541
16.702
16.707
16.758
16.793
16.869
16.927
16.934
16.946
16.957
16.965
16.978
17.026
17.093
17.14
17.219
17.241
17.251
17.328
17.371
17.678
17.767
17.916
17.931
18.047
18.111
18.196
18.211
18.232
18.314
18.338
18.692
18.71
18.739
18.809
18.841
18.899
18.973
19.133
19.763
19.863
19.94
19.979
20.201
20.36
20.382
20.814
20.825
21.386
22.706
23.39
23.428
23.552
23.843
23.986
25.562
28.148
32.212
34.682
35.949
41.148
