0.713
3.979
4.077
4.201
4.215
4.332
4.377
4.377
4.377
4.377
4.412
4.46
4.495
4.511
4.513
4.514
4.527
4.565
4.58
4.599
4.6
4.624
4.626
4.627
4.629
4.651
4.655
4.667
4.674
4.726
4.766
4.795
4.82
4.826
4.886
4.894
4.926
4.95
5.018
5.039
5.041
5.049
5.072
5.1
5.107
5.115
5.133
5.134
5.192
5.195
5.197
5.198
5.198
5.248
5.25
5.256
5.276
5.289
5.297
5.304
5.341
5.35
5.359
5.371
5.393
5.394
5.396
5.4
5.424
5.432
5.436
5.442
5.451
5.451
5.453
5.458
5.466
5.468
5.47
5.475
5.483
5.49
5.507
5.516
5.524
5.53
5.535
5.541
5.542
5.551
5.552
5.578
5.584
5.598
5.608
5.614
5.619
5.634
5.636
5.643
5.649
5.651
5.673
5.674
5.683
5.69
5.694
5.704
5.705
5.711
5.715
5.732
5.742
5.757
5.758
5.758
5.77
5.773
5.781
5.783
5.786
5.793
5.795
5.795
5.802
5.814
5.819
5.826
5.828
5.836
5.85
5.869
5.878
5.884
5.887
5.894
5.895
5.896
5.912
5.92
5.935
5.94
5.942
5.948
5.951
5.968
5.971
5.976
5.978
5.978
5.979
5.984
6.002
6.014
6.02
6.021
6.026
6.033
6.053
6.056
6.056
6.06
6.062
6.069
6.072
6.073
6.074
6.075
6.077
6.082
6.083
6.089
6.096
6.097
6.099
6.101
6.107
6.108
6.114
6.115
6.118
6.129
6.137
6.139
6.142
6.143
6.147
6.152
6.155
6.161
6.172
6.174
6.182
6.186
6.191
6.192
6.195
6.198
6.2
6.208
6.212
6.219
6.221
6.226
6.231
6.24
6.243
6.244
6.246
6.25
6.251
6.253
6.254
6.256
6.257
6.263
6.272
6.273
6.276
6.276
6.281
6.283
6.285
6.286
6.287
6.287
6.296
6.304
6.309
6.313
6.32
6.32
6.321
6.331
6.334
6.335
6.336
6.342
6.345
6.353
6.365
6.372
6.38
6.382
6.382
6.389
6.39
6.392
6.396
6.406
6.409
6.409
6.41
6.411
6.412
6.423
6.424
6.425
6.427
6.427
6.435
6.437
6.441
6.446
6.452
6.453
6.453
6.459
6.464
6.471
6.484
6.49
6.49
6.497
6.5
6.505
6.507
6.528
6.541
6.541
6.553
6.554
6.57
6.576
6.578
6.579
6.599
6.609
6.61
6.613
6.618
6.62
6.625
6.626
6.638
6.639
6.643
6.645
6.66
6.661
6.68
6.681
6.682
6.686
6.687
6.693
6.694
6.703
6.703
6.725
6.726
6.726
6.741
6.742
6.743
6.753
6.756
6.758
6.763
6.776
6.781
6.789
6.807
6.808
6.808
6.821
6.831
6.834
6.836
6.839
6.84
6.841
6.843
6.846
6.858
6.869
6.871
6.874
6.875
6.877
6.885
6.886
6.891
6.892
6.895
6.899
6.916
6.925
6.935
6.935
6.94
6.941
6.943
6.961
6.967
6.97
6.971
6.975
6.977
6.98
6.987
6.99
6.994
6.995
6.999
7.001
7.022
7.028
7.036
7.038
7.039
7.039
7.039
7.047
7.05
7.053
7.058
7.062
7.063
7.064
7.074
7.094
7.1
7.102
7.106
7.106
7.107
7.107
7.107
7.109
7.11
7.113
7.114
7.124
7.125
7.135
7.153
7.158
7.168
7.171
7.184
7.191
7.191
7.191
7.193
7.195
7.196
7.208
7.221
7.222
7.226
7.228
7.23
7.238
7.245
7.247
7.247
7.249
7.255
7.256
7.258
7.258
7.26
7.269
7.276
7.286
7.286
7.307
7.313
7.331
7.339
7.358
7.365
7.369
7.369
7.371
7.373
7.379
7.385
7.387
7.393
7.401
7.407
7.408
7.408
7.423
7.423
7.425
7.437
7.437
7.45
7.45
7.451
7.454
7.455
7.46
7.461
7.462
7.469
7.474
7.475
7.48
7.48
7.487
7.488
7.49
7.49
7.493
7.503
7.504
7.509
7.511
7.513
7.52
7.523
7.526
7.529
7.534
7.535
7.536
7.545
7.551
7.554
7.554
7.556
7.559
7.562
7.566
7.573
7.578
7.581
7.582
7.584
7.59
7.597
7.598
7.608
7.609
7.624
7.63
7.631
7.636
7.641
7.642
7.644
7.645
7.651
7.652
7.664
7.666
7.673
7.677
7.679
7.684
7.702
7.707
7.707
7.707
7.711
7.711
7.712
7.721
7.733
7.754
7.759
7.781
7.781
7.786
7.791
7.792
7.796
7.806
7.806
7.808
7.811
7.822
7.825
7.829
7.832
7.837
7.838
7.84
7.845
7.845
7.86
7.86
7.863
7.87
7.877
7.881
7.885
7.891
7.893
7.902
7.907
7.91
7.91
7.916
7.933
7.938
7.94
7.941
7.951
7.96
7.966
7.973
7.976
7.978
7.979
7.98
7.981
7.983
7.985
7.993
8.012
8.014
8.014
8.018
8.019
8.02
8.021
8.023
8.033
8.043
8.048
8.051
8.055
8.057
8.058
8.061
8.061
8.064
8.066
8.071
8.08
8.089
8.09
8.094
8.101
8.102
8.102
8.103
8.106
8.106
8.112
8.113
8.113
8.113
8.122
8.123
8.127
8.127
8.128
8.129
8.136
8.138
8.138
8.145
8.147
8.147
8.151
8.154
8.158
8.158
8.159
8.16
8.163
8.163
8.163
8.164
8.171
8.174
8.176
8.186
8.189
8.194
8.195
8.196
8.196
8.196
8.201
8.204
8.207
8.207
8.211
8.217
8.22
8.228
8.228
8.229
8.233
8.234
8.235
8.237
8.242
8.243
8.246
8.248
8.257
8.259
8.262
8.264
8.267
8.269
8.269
8.272
8.283
8.287
8.296
8.297
8.298
8.305
8.31
8.31
8.312
8.313
8.316
8.319
8.323
8.334
8.335
8.34
8.344
8.345
8.351
8.354
8.357
8.364
8.38
8.383
8.386
8.388
8.388
8.397
8.399
8.412
8.415
8.416
8.417
8.425
8.436
8.444
8.446
8.448
8.448
8.449
8.451
8.451
8.451
8.456
8.473
8.476
8.486
8.49
8.493
8.494
8.498
8.499
8.503
8.507
8.511
8.517
8.521
8.525
8.537
8.538
8.548
8.549
8.556
8.557
8.558
8.561
8.571
8.577
8.587
8.607
8.611
8.618
8.625
8.625
8.625
8.633
8.636
8.66
8.67
8.675
8.68
8.695
8.697
8.708
8.712
8.723
8.728
8.733
8.747
8.753
8.756
8.757
8.759
8.76
8.762
8.768
8.776
8.781
8.783
8.791
8.806
8.814
8.825
8.829
8.836
8.838
8.856
8.862
8.868
8.874
8.89
8.894
8.903
8.905
8.915
8.94
8.948
8.951
8.955
8.968
8.976
8.981
8.984
8.991
8.992
9.008
9.02
9.023
9.026
9.028
9.032
9.054
9.056
9.08
9.083
9.089
9.1
9.105
9.117
9.124
9.137
9.144
9.146
9.157
9.157
9.163
9.164
9.167
9.168
9.18
9.186
9.188
9.19
9.192
9.196
9.224
9.228
9.231
9.262
9.265
9.274
9.278
9.283
9.297
9.303
9.303
9.317
9.321
9.327
9.339
9.344
9.374
9.381
9.411
9.411
9.413
9.414
9.416
9.43
9.433
9.451
9.455
9.458
9.459
9.462
9.475
9.476
9.501
9.512
9.544
9.548
9.548
9.562
9.57
9.58
9.58
9.586
9.599
9.61
9.615
9.626
9.651
9.704
9.711
9.719
9.735
9.744
9.749
9.78
9.781
9.798
9.798
9.805
9.856
9.868
9.872
9.874
9.881
9.882
9.894
9.906
9.913
9.918
9.933
9.944
9.949
9.95
9.96
9.961
9.963
9.964
9.976
10.008
10.01
10.012
10.019
10.031
10.058
10.066
10.099
10.105
10.113
10.117
10.126
10.144
10.144
10.149
10.161
10.174
10.178
10.186
10.19
10.191
10.209
10.213
10.231
10.233
10.235
10.235
10.255
10.264
10.296
10.297
10.312
10.314
10.315
10.322
10.328
10.328
10.33
10.33
10.332
10.34
10.346
10.366
10.368
10.382
10.388
10.448
10.482
10.484
10.497
10.503
10.512
10.53
10.532
10.533
10.538
10.539
10.548
10.554
10.594
10.611
10.612
10.616
10.617
10.624
10.632
10.637
10.675
10.678
10.698
10.698
10.705
10.712
10.726
10.73
10.738
10.739
10.759
10.759
10.771
10.78
10.811
10.822
10.861
10.871
10.873
10.887
10.889
10.895
10.899
10.921
10.925
10.925
10.939
10.939
10.944
10.955
10.964
10.97
10.973
10.997
10.998
11.009
11.01
11.014
11.021
11.025
11.031
11.039
11.075
11.091
11.093
11.095
11.097
11.115
11.131
11.137
11.14
11.154
11.188
11.209
11.21
11.213
11.214
11.219
11.22
11.226
11.242
11.243
11.248
11.251
11.256
11.266
11.269
11.284
11.285
11.287
11.304
11.31
11.317
11.367
11.372
11.393
11.398
11.401
11.404
11.418
11.422
11.431
11.432
11.448
11.461
11.462
11.471
11.478
11.489
11.53
11.541
11.541
11.544
11.548
11.563
11.569
11.598
11.6
11.603
11.615
11.617
11.622
11.623
11.632
11.635
11.658
11.66
11.672
11.712
11.724
11.73
11.756
11.759
11.759
11.767
11.776
11.777
11.784
11.789
11.801
11.804
11.811
11.835
11.843
11.846
11.856
11.866
11.879
11.885
11.919
11.94
11.94
11.942
11.948
11.976
11.977
11.981
11.982
11.986
11.996
12.021
12.03
12.074
12.076
12.089
12.106
12.116
12.129
12.144
12.15
12.151
12.16
12.193
12.227
12.245
12.253
12.257
12.265
12.267
12.271
12.271
12.273
12.297
12.312
12.328
12.341
12.342
12.365
12.37
12.371
12.373
12.376
12.377
12.386
12.4
12.419
12.425
12.427
12.44
12.458
12.474
12.487
12.506
12.519
12.523
12.563
12.592
12.601
12.643
12.682
12.756
12.8
12.824
12.83
12.848
12.895
12.93
12.957
12.993
13.086
13.096
13.149
13.165
13.17
13.179
13.205
13.215
13.283
13.3
13.43
13.434
13.55
13.602
13.621
13.709
13.723
13.758
13.761
13.814
13.839
13.851
13.918
13.968
14.006
14.102
14.109
14.199
14.314
14.628
14.924
15.647
16.025
16.097
16.728
16.816
16.825
17.184
17.563
17.792
17.902
18.445
18.682
18.845
18.935
19.074
19.258
19.443
19.771
20.044
20.12
20.2
21.07
21.572
31.847
