0.74
3.999
4.221
4.257
4.262
4.263
4.294
4.317
4.319
4.343
4.352
4.374
4.386
4.393
4.439
4.454
4.455
4.507
4.529
4.543
4.546
4.548
4.565
4.568
4.579
4.622
4.626
4.639
4.652
4.658
4.66
4.68
4.697
4.714
4.76
4.767
4.769
4.791
4.8
4.803
4.836
4.868
4.878
4.897
4.911
4.935
4.948
4.967
4.979
4.986
4.998
5.001
5.044
5.045
5.057
5.082
5.085
5.086
5.087
5.091
5.094
5.094
5.104
5.118
5.123
5.152
5.154
5.167
5.182
5.19
5.201
5.204
5.204
5.207
5.217
5.226
5.238
5.24
5.241
5.264
5.286
5.289
5.292
5.31
5.323
5.325
5.328
5.348
5.349
5.35
5.357
5.364
5.368
5.405
5.416
5.416
5.419
5.427
5.448
5.46
5.467
5.471
5.491
5.507
5.521
5.527
5.53
5.553
5.568
5.574
5.583
5.584
5.602
5.609
5.609
5.61
5.613
5.621
5.629
5.639
5.651
5.683
5.687
5.69
5.699
5.706
5.719
5.722
5.733
5.738
5.739
5.756
5.761
5.769
5.781
5.784
5.784
5.793
5.799
5.8
5.815
5.817
5.819
5.83
5.835
5.839
5.851
5.861
5.866
5.868
5.87
5.881
5.905
5.91
5.916
5.919
5.919
5.924
5.927
5.93
5.943
5.943
5.947
5.948
5.973
5.973
5.974
5.987
5.991
6.007
6.008
6.008
6.013
6.013
6.036
6.048
6.05
6.051
6.054
6.061
6.068
6.069
6.073
6.078
6.082
6.084
6.087
6.09
6.092
6.106
6.108
6.111
6.113
6.115
6.116
6.117
6.127
6.128
6.128
6.13
6.138
6.139
6.139
6.146
6.151
6.157
6.167
6.167
6.18
6.185
6.185
6.204
6.205
6.21
6.229
6.23
6.23
6.24
6.245
6.247
6.248
6.259
6.26
6.26
6.271
6.273
6.278
6.306
6.314
6.314
6.319
6.328
6.333
6.336
6.349
6.353
6.362
6.362
6.364
6.368
6.371
6.379
6.381
6.382
6.383
6.383
6.384
6.385
6.388
6.388
6.4
6.4
6.401
6.402
6.435
6.45
6.451
6.452
6.453
6.454
6.465
6.474
6.479
6.488
6.501
6.502
6.502
6.503
6.505
6.507
6.524
6.524
6.53
6.534
6.539
6.541
6.55
6.553
6.563
6.569
6.574
6.579
6.584
6.595
6.598
6.6
6.606
6.607
6.608
6.61
6.615
6.615
6.615
6.623
6.624
6.631
6.635
6.64
6.658
6.662
6.664
6.667
6.673
6.68
6.696
6.697
6.698
6.702
6.704
6.705
6.717
6.719
6.723
6.742
6.749
6.751
6.751
6.755
6.769
6.769
6.774
6.788
6.79
6.791
6.8
6.81
6.813
6.815
6.82
6.822
6.833
6.841
6.853
6.853
6.854
6.863
6.865
6.868
6.869
6.871
6.878
6.881
6.889
6.89
6.892
6.894
6.898
6.901
6.908
6.909
6.916
6.922
6.926
6.932
6.933
6.934
6.944
6.965
6.971
6.972
6.978
6.989
6.991
6.992
6.998
7.001
7.002
7.005
7.006
7.029
7.03
7.031
7.034
7.042
7.05
7.064
7.065
7.065
7.067
7.077
7.079
7.08
7.085
7.091
7.105
7.107
7.113
7.116
7.117
7.12
7.123
7.127
7.135
7.147
7.148
7.158
7.161
7.178
7.185
7.186
7.195
7.199
7.202
7.202
7.211
7.222
7.226
7.232
7.234
7.251
7.253
7.28
7.283
7.293
7.298
7.299
7.303
7.312
7.326
7.329
7.332
7.352
7.362
7.376
7.405
7.419
7.423
7.442
7.444
7.456
7.475
7.479
7.495
7.498
7.517
7.526
7.529
7.541
7.543
7.544
7.558
7.562
7.568
7.573
7.581
7.584
7.587
7.587
7.605
7.609
7.614
7.618
7.64
7.641
7.646
7.65
7.653
7.66
7.674
7.68
7.695
7.699
7.705
7.706
7.707
7.708
7.721
7.731
7.732
7.733
7.741
7.764
7.765
7.766
7.767
7.769
7.776
7.787
7.791
7.793
7.797
7.811
7.82
7.823
7.825
7.833
7.833
7.836
7.853
7.854
7.856
7.876
7.883
7.897
7.904
7.909
7.911
7.956
7.957
7.958
7.967
7.977
7.98
7.983
7.986
7.988
7.998
8
8.001
8.009
8.011
8.013
8.013
8.015
8.017
8.021
8.026
8.028
8.03
8.032
8.06
8.069
8.071
8.078
8.084
8.087
8.093
8.093
8.104
8.109
8.112
8.113
8.116
8.119
8.135
8.138
8.141
8.148
8.149
8.151
8.153
8.153
8.156
8.157
8.157
8.158
8.167
8.169
8.171
8.176
8.18
8.181
8.184
8.185
8.186
8.192
8.203
8.205
8.209
8.218
8.222
8.227
8.23
8.237
8.239
8.24
8.243
8.245
8.247
8.248
8.25
8.256
8.259
8.269
8.269
8.272
8.28
8.291
8.291
8.293
8.305
8.307
8.308
8.312
8.312
8.313
8.314
8.315
8.316
8.318
8.319
8.328
8.33
8.336
8.337
8.339
8.345
8.346
8.348
8.356
8.356
8.364
8.365
8.366
8.369
8.379
8.381
8.383
8.386
8.386
8.387
8.389
8.392
8.394
8.399
8.399
8.399
8.415
8.418
8.422
8.422
8.427
8.432
8.433
8.433
8.434
8.441
8.446
8.455
8.457
8.463
8.468
8.471
8.471
8.472
8.472
8.475
8.476
8.477
8.482
8.485
8.486
8.486
8.487
8.494
8.498
8.5
8.502
8.504
8.511
8.518
8.521
8.523
8.525
8.526
8.527
8.529
8.539
8.549
8.55
8.558
8.56
8.566
8.568
8.568
8.569
8.57
8.574
8.574
8.574
8.577
8.58
8.583
8.584
8.596
8.6
8.614
8.616
8.617
8.622
8.625
8.626
8.63
8.634
8.637
8.638
8.646
8.65
8.652
8.656
8.664
8.667
8.668
8.669
8.671
8.672
8.68
8.681
8.684
8.689
8.69
8.693
8.707
8.708
8.711
8.717
8.718
8.72
8.723
8.726
8.727
8.733
8.748
8.754
8.755
8.76
8.77
8.771
8.773
8.773
8.792
8.794
8.81
8.826
8.827
8.829
8.831
8.833
8.837
8.843
8.844
8.847
8.85
8.85
8.85
8.852
8.853
8.858
8.867
8.868
8.869
8.87
8.873
8.885
8.9
8.909
8.921
8.924
8.939
8.942
8.957
8.966
8.971
8.972
8.981
8.981
8.988
8.992
8.994
8.995
9.01
9.017
9.026
9.07
9.074
9.086
9.089
9.092
9.095
9.103
9.106
9.11
9.113
9.118
9.131
9.137
9.141
9.151
9.151
9.153
9.156
9.168
9.181
9.185
9.187
9.187
9.216
9.218
9.221
9.23
9.232
9.243
9.247
9.254
9.256
9.257
9.264
9.266
9.268
9.295
9.296
9.305
9.308
9.311
9.313
9.332
9.333
9.334
9.34
9.344
9.359
9.362
9.384
9.384
9.397
9.403
9.419
9.431
9.431
9.438
9.455
9.481
9.51
9.521
9.572
9.581
9.593
9.6
9.609
9.624
9.641
9.648
9.655
9.66
9.662
9.675
9.719
9.721
9.735
9.737
9.737
9.739
9.749
9.749
9.762
9.764
9.768
9.77
9.784
9.79
9.793
9.814
9.82
9.836
9.848
9.862
9.893
9.899
9.958
9.963
9.971
9.989
9.99
10.008
10.01
10.017
10.021
10.024
10.027
10.039
10.04
10.043
10.051
10.06
10.066
10.073
10.098
10.108
10.114
10.117
10.123
10.126
10.129
10.13
10.138
10.144
10.146
10.157
10.163
10.164
10.17
10.173
10.201
10.214
10.242
10.251
10.259
10.26
10.26
10.26
10.265
10.27
10.271
10.272
10.275
10.284
10.311
10.323
10.333
10.341
10.35
10.38
10.385
10.387
10.391
10.41
10.411
10.419
10.424
10.432
10.435
10.445
10.452
10.467
10.468
10.472
10.473
10.473
10.478
10.513
10.525
10.527
10.541
10.543
10.551
10.557
10.56
10.56
10.577
10.591
10.618
10.633
10.643
10.657
10.692
10.707
10.711
10.715
10.745
10.746
10.746
10.766
10.766
10.77
10.793
10.793
10.794
10.794
10.817
10.819
10.825
10.835
10.844
10.851
10.856
10.862
10.873
10.885
10.892
10.897
10.919
10.941
10.942
10.948
10.956
10.978
10.993
11.019
11.034
11.064
11.065
11.1
11.105
11.109
11.109
11.112
11.12
11.129
11.132
11.14
11.142
11.143
11.158
11.205
11.216
11.232
11.246
11.256
11.257
11.26
11.269
11.277
11.283
11.292
11.302
11.345
11.358
11.359
11.364
11.386
11.407
11.411
11.427
11.428
11.435
11.435
11.449
11.451
11.453
11.47
11.472
11.493
11.522
11.546
11.566
11.585
11.623
11.623
11.628
11.63
11.641
11.642
11.647
11.662
11.67
11.67
11.671
11.676
11.698
11.717
11.746
11.759
11.805
11.805
11.809
11.816
11.832
11.835
11.844
11.857
11.879
11.88
11.894
11.903
11.924
11.941
11.983
11.983
11.989
12.002
12.039
12.041
12.063
12.085
12.103
12.109
12.121
12.127
12.2
12.202
12.205
12.242
12.244
12.264
12.273
12.295
12.331
12.336
12.347
12.356
12.371
12.393
12.399
12.409
12.411
12.411
12.444
12.454
12.467
12.468
12.47
12.473
12.503
12.511
12.514
12.521
12.522
12.522
12.541
12.569
12.576
12.586
12.588
12.594
12.607
12.608
12.613
12.616
12.644
12.648
12.657
12.67
12.708
12.708
12.713
12.73
12.758
12.769
12.773
12.781
12.79
12.805
12.852
12.853
12.861
12.871
12.879
12.906
12.916
12.92
12.947
12.966
12.966
12.969
12.973
12.973
12.989
12.992
13.042
13.07
13.076
13.087
13.133
13.156
13.252
13.309
13.324
13.329
13.361
13.374
13.383
13.393
13.401
13.421
13.437
13.455
13.512
13.53
13.531
13.537
13.68
13.709
13.807
13.855
13.868
13.888
13.911
13.941
13.944
13.952
13.953
13.956
13.986
13.993
14.042
14.066
14.145
14.224
14.247
14.262
14.326
14.353
14.401
14.436
14.483
14.503
14.529
14.576
14.603
14.615
14.682
14.733
14.874
14.987
15.104
15.108
15.578
15.726
15.741
15.782
15.852
15.89
16.047
16.076
16.128
16.612
17.085
17.228
17.347
17.801
18.085
18.153
18.5
18.859
19.641
20.333
22.013
22.692
23.357
