1.017
6.509
6.589
6.649
6.806
6.857
6.95
7.408
7.493
7.5
7.517
7.542
7.546
7.555
7.57
7.576
7.652
7.657
7.662
7.668
7.732
7.734
7.738
7.763
7.775
7.801
7.845
7.872
7.875
7.926
7.944
7.955
7.956
7.957
7.967
7.973
7.989
8.005
8.009
8.052
8.099
8.102
8.193
8.203
8.25
8.255
8.257
8.265
8.298
8.305
8.313
8.328
8.33
8.332
8.349
8.37
8.38
8.383
8.389
8.394
8.397
8.398
8.429
8.439
8.442
8.451
8.459
8.462
8.47
8.476
8.502
8.508
8.51
8.522
8.528
8.528
8.53
8.537
8.542
8.544
8.551
8.559
8.564
8.568
8.581
8.585
8.593
8.61
8.61
8.638
8.639
8.647
8.648
8.651
8.654
8.675
8.677
8.689
8.699
8.72
8.722
8.729
8.729
8.737
8.738
8.739
8.759
8.762
8.763
8.766
8.773
8.774
8.785
8.806
8.829
8.867
8.869
8.869
8.889
8.889
8.899
8.9
8.909
8.91
8.918
8.923
8.925
8.926
8.932
8.934
8.937
8.938
8.945
8.957
8.961
8.964
8.965
8.966
8.968
8.97
8.976
8.978
8.989
8.993
9.002
9.003
9.019
9.026
9.035
9.043
9.048
9.05
9.052
9.054
9.061
9.063
9.083
9.099
9.113
9.131
9.142
9.142
9.142
9.145
9.146
9.149
9.15
9.15
9.151
9.156
9.161
9.166
9.178
9.184
9.192
9.193
9.2
9.2
9.203
9.204
9.223
9.225
9.24
9.254
9.254
9.255
9.258
9.274
9.282
9.284
9.287
9.287
9.289
9.294
9.304
9.306
9.319
9.32
9.324
9.326
9.326
9.334
9.335
9.353
9.356
9.362
9.363
9.364
9.366
9.366
9.369
9.369
9.377
9.377
9.379
9.38
9.384
9.386
9.387
9.391
9.392
9.395
9.397
9.405
9.414
9.414
9.416
9.416
9.416
9.417
9.418
9.418
9.423
9.436
9.44
9.44
9.444
9.444
9.444
9.446
9.45
9.452
9.458
9.461
9.471
9.472
9.473
9.483
9.483
9.486
9.49
9.49
9.491
9.506
9.511
9.512
9.513
9.514
9.515
9.519
9.521
9.525
9.529
9.529
9.533
9.536
9.538
9.543
9.547
9.55
9.55
9.561
9.562
9.567
9.568
9.573
9.577
9.578
9.588
9.589
9.6
9.612
9.614
9.616
9.616
9.616
9.617
9.62
9.62
9.625
9.64
9.644
9.647
9.654
9.658
9.659
9.66
9.668
9.671
9.672
9.678
9.68
9.68
9.685
9.688
9.691
9.692
9.692
9.694
9.703
9.712
9.718
9.726
9.727
9.728
9.731
9.731
9.731
9.737
9.738
9.738
9.74
9.742
9.745
9.75
9.753
9.754
9.756
9.759
9.765
9.769
9.769
9.772
9.777
9.783
9.791
9.795
9.805
9.806
9.81
9.819
9.826
9.832
9.832
9.833
9.835
9.837
9.84
9.841
9.843
9.845
9.846
9.849
9.85
9.85
9.851
9.853
9.854
9.856
9.857
9.86
9.862
9.869
9.869
9.872
9.878
9.878
9.883
9.886
9.89
9.89
9.89
9.892
9.895
9.896
9.901
9.906
9.907
9.908
9.909
9.914
9.919
9.919
9.927
9.929
9.933
9.934
9.937
9.951
9.953
9.959
9.965
9.965
9.968
9.968
9.969
9.973
9.976
9.979
9.981
9.984
9.984
9.995
10
10
10.001
10.011
10.012
10.021
10.027
10.028
10.028
10.029
10.029
10.03
10.035
10.038
10.038
10.042
10.046
10.054
10.055
10.064
10.065
10.066
10.066
10.067
10.068
10.069
10.069
10.073
10.073
10.075
10.077
10.079
10.082
10.083
10.084
10.085
10.085
10.086
10.088
10.092
10.097
10.097
10.098
10.099
10.099
10.104
10.107
10.109
10.11
10.114
10.115
10.115
10.129
10.129
10.129
10.13
10.133
10.134
10.134
10.135
10.136
10.136
10.141
10.141
10.147
10.157
10.161
10.164
10.164
10.17
10.17
10.171
10.173
10.18
10.18
10.181
10.183
10.191
10.194
10.195
10.198
10.198
10.198
10.2
10.206
10.207
10.207
10.209
10.213
10.216
10.224
10.229
10.23
10.231
10.237
10.242
10.247
10.251
10.256
10.259
10.261
10.268
10.268
10.269
10.271
10.272
10.275
10.282
10.29
10.29
10.292
10.292
10.296
10.299
10.301
10.304
10.307
10.308
10.309
10.31
10.313
10.315
10.317
10.327
10.328
10.329
10.333
10.335
10.338
10.345
10.347
10.352
10.352
10.354
10.359
10.364
10.365
10.368
10.378
10.387
10.391
10.391
10.392
10.403
10.404
10.406
10.407
10.411
10.414
10.415
10.417
10.418
10.42
10.421
10.422
10.424
10.425
10.427
10.431
10.431
10.432
10.442
10.446
10.451
10.454
10.461
10.463
10.468
10.471
10.483
10.484
10.486
10.486
10.491
10.495
10.498
10.504
10.507
10.508
10.511
10.513
10.515
10.515
10.516
10.518
10.518
10.519
10.519
10.52
10.521
10.527
10.528
10.528
10.531
10.534
10.534
10.546
10.546
10.547
10.55
10.55
10.55
10.55
10.551
10.554
10.554
10.56
10.57
10.574
10.577
10.577
10.579
10.58
10.582
10.584
10.597
10.598
10.602
10.603
10.603
10.604
10.608
10.61
10.618
10.618
10.622
10.623
10.624
10.627
10.632
10.635
10.639
10.64
10.64
10.641
10.645
10.648
10.648
10.648
10.654
10.656
10.657
10.66
10.667
10.668
10.672
10.673
10.677
10.681
10.682
10.682
10.684
10.684
10.688
10.689
10.69
10.692
10.692
10.693
10.694
10.694
10.702
10.702
10.704
10.706
10.706
10.707
10.709
10.711
10.711
10.711
10.712
10.715
10.715
10.717
10.721
10.723
10.726
10.733
10.734
10.744
10.747
10.753
10.754
10.757
10.762
10.763
10.766
10.767
10.767
10.768
10.77
10.772
10.774
10.778
10.779
10.78
10.791
10.792
10.793
10.798
10.799
10.802
10.805
10.811
10.817
10.824
10.826
10.827
10.828
10.845
10.849
10.85
10.864
10.866
10.868
10.873
10.878
10.881
10.884
10.885
10.888
10.888
10.892
10.903
10.905
10.91
10.913
10.92
10.93
10.939
10.943
10.945
10.958
10.96
10.964
10.965
10.965
10.965
10.97
10.973
10.982
10.984
10.998
11.002
11.009
11.011
11.015
11.015
11.017
11.018
11.018
11.018
11.02
11.029
11.03
11.032
11.046
11.047
11.049
11.049
11.054
11.056
11.07
11.072
11.076
11.077
11.088
11.09
11.091
11.092
11.096
11.098
11.11
11.112
11.114
11.114
11.116
11.133
11.141
11.144
11.145
11.147
11.148
11.156
11.157
11.162
11.165
11.17
11.171
11.179
11.179
11.186
11.191
11.198
11.203
11.204
11.205
11.208
11.208
11.213
11.22
11.246
11.247
11.251
11.252
11.254
11.257
11.258
11.262
11.266
11.269
11.27
11.279
11.28
11.281
11.281
11.29
11.294
11.295
11.3
11.303
11.313
11.315
11.316
11.316
11.321
11.321
11.327
11.33
11.331
11.341
11.341
11.343
11.344
11.346
11.347
11.349
11.349
11.351
11.352
11.357
11.364
11.37
11.374
11.377
11.38
11.383
11.388
11.39
11.402
11.402
11.406
11.415
11.415
11.419
11.424
11.425
11.425
11.429
11.433
11.434
11.434
11.436
11.436
11.439
11.444
11.445
11.45
11.453
11.456
11.458
11.464
11.467
11.471
11.479
11.479
11.487
11.492
11.494
11.5
11.501
11.509
11.509
11.51
11.512
11.513
11.522
11.529
11.533
11.533
11.54
11.542
11.543
11.543
11.544
11.547
11.55
11.551
11.553
11.556
11.56
11.567
11.571
11.573
11.576
11.578
11.579
11.582
11.582
11.584
11.591
11.592
11.592
11.592
11.595
11.596
11.598
11.6
11.604
11.61
11.61
11.611
11.613
11.623
11.624
11.626
11.627
11.629
11.636
11.639
11.643
11.643
11.645
11.656
11.667
11.67
11.671
11.671
11.689
11.691
11.698
11.7
11.701
11.709
11.709
11.712
11.712
11.714
11.724
11.726
11.732
11.736
11.737
11.738
11.739
11.742
11.743
11.743
11.752
11.758
11.763
11.768
11.77
11.771
11.776
11.777
11.779
11.79
11.795
11.8
11.804
11.805
11.812
11.815
11.819
11.821
11.822
11.826
11.828
11.834
11.837
11.84
11.841
11.842
11.844
11.847
11.851
11.851
11.852
11.853
11.855
11.857
11.857
11.86
11.86
11.869
11.87
11.871
11.871
11.872
11.873
11.879
11.879
11.884
11.886
11.886
11.892
11.894
11.896
11.9
11.903
11.908
11.923
11.928
11.929
11.933
11.937
11.94
11.944
11.945
11.952
11.953
11.958
11.961
11.961
11.962
11.965
11.966
11.969
11.97
11.977
11.978
11.985
11.985
11.986
11.989
11.99
11.995
12.001
12.006
12.006
12.008
12.008
12.008
12.009
12.011
12.019
12.023
12.026
12.03
12.031
12.031
12.036
12.048
12.05
12.054
12.054
12.055
12.056
12.057
12.06
12.062
12.065
12.069
12.069
12.073
12.09
12.093
12.095
12.096
12.099
12.101
12.116
12.124
12.127
12.128
12.131
12.135
12.137
12.138
12.141
12.141
12.143
12.145
12.147
12.149
12.153
12.154
12.156
12.16
12.161
12.165
12.168
12.169
12.169
12.171
12.171
12.172
12.174
12.174
12.174
12.176
12.18
12.183
12.188
12.189
12.189
12.191
12.193
12.194
12.194
12.194
12.199
12.202
12.207
12.211
12.214
12.214
12.214
12.215
12.218
12.219
12.223
12.228
12.232
12.233
12.235
12.24
12.243
12.247
12.255
12.259
12.263
12.267
12.273
12.276
12.279
12.281
12.285
12.286
12.287
12.288
12.289
12.294
12.296
12.298
12.3
12.304
12.304
12.308
12.309
12.31
12.32
12.321
12.322
12.336
12.337
12.338
12.338
12.343
12.348
12.349
12.351
12.354
12.354
12.354
12.357
12.358
12.361
12.362
12.364
12.364
12.364
12.366
12.369
12.374
12.377
12.38
12.381
12.383
12.383
12.387
12.39
12.403
12.407
12.411
12.411
12.412
12.417
12.418
12.418
12.418
12.418
12.423
12.429
12.434
12.436
12.436
12.439
12.443
12.445
12.447
12.453
12.455
12.459
12.472
12.473
12.482
12.483
12.484
12.485
12.486
12.493
12.502
12.513
12.515
12.515
12.517
12.52
12.521
12.523
12.526
12.528
12.53
12.531
12.531
12.532
12.532
12.537
12.538
12.541
12.541
12.551
12.552
12.557
12.557
12.558
12.559
12.559
12.561
12.571
12.572
12.573
12.583
12.584
12.587
12.589
12.589
12.591
12.593
12.595
12.596
12.597
12.599
12.601
12.609
12.609
12.614
12.614
12.616
12.624
12.626
12.629
12.637
12.641
12.642
12.644
12.645
12.651
12.656
12.659
12.661
12.666
12.666
12.667
12.676
12.681
12.684
12.684
12.69
12.706
12.706
12.709
12.712
12.714
12.716
12.719
12.721
12.733
12.741
12.745
12.75
12.75
12.753
12.754
12.757
12.76
12.761
12.764
12.766
12.767
12.775
12.786
12.789
12.789
12.789
12.79
12.794
12.794
12.802
12.805
12.806
12.819
12.82
12.823
12.831
12.834
12.834
12.835
12.846
12.846
12.851
12.854
12.855
12.869
12.876
12.883
12.884
12.885
12.89
12.891
12.892
12.897
12.903
12.908
12.919
12.922
12.924
12.928
12.934
12.94
12.946
12.959
12.973
12.974
12.977
12.979
12.981
12.982
12.985
12.996
12.998
13.003
13.007
13.007
13.012
13.021
13.028
13.039
13.043
13.048
13.049
13.055
13.057
13.061
13.076
13.077
13.084
13.086
13.098
13.101
13.103
13.107
13.109
13.113
13.117
13.123
13.125
13.125
13.129
13.132
13.146
13.151
13.151
13.152
13.153
13.154
13.158
13.166
13.169
13.171
13.178
13.181
13.184
13.185
13.189
13.19
13.19
13.191
13.197
13.205
13.206
13.213
13.216
13.217
13.226
13.226
13.226
13.24
13.251
13.266
13.266
13.271
13.274
13.279
13.283
13.286
13.296
13.304
13.311
13.317
13.33
13.338
13.345
13.346
13.35
13.355
13.36
13.37
13.384
13.387
13.391
13.396
13.398
13.412
13.416
13.421
13.426
13.43
13.438
13.443
13.443
13.444
13.447
13.448
13.453
13.464
13.469
13.476
13.495
13.505
13.509
13.517
13.521
13.525
13.53
13.545
13.546
13.568
13.569
13.57
13.57
13.572
13.577
13.583
13.595
13.612
13.628
13.631
13.638
13.644
13.65
13.656
13.666
13.667
13.676
13.678
13.688
13.689
13.691
13.694
13.703
13.703
13.707
13.714
13.716
13.731
13.733
13.733
13.741
13.744
13.745
13.75
13.75
13.755
13.755
13.757
13.758
13.761
13.77
13.777
13.777
13.781
13.795
13.807
13.811
13.816
13.818
13.821
13.822
13.827
13.827
13.831
13.831
13.832
13.847
13.857
13.861
13.871
13.872
13.872
13.883
13.895
13.903
13.904
13.909
13.914
13.916
13.918
13.92
13.924
13.933
13.934
13.942
13.953
13.954
13.959
13.967
13.977
13.994
13.997
14.001
14.003
14.004
14.006
14.014
14.014
14.017
14.017
14.017
14.028
14.033
14.034
14.037
14.039
14.039
14.048
14.054
14.057
14.057
14.059
14.063
14.065
14.067
14.078
14.079
14.08
14.082
14.082
14.085
14.09
14.09
14.094
14.097
14.097
14.1
14.101
14.102
14.104
14.112
14.118
14.121
14.125
14.136
14.149
14.15
14.153
14.158
14.165
14.167
14.168
14.168
14.175
14.196
14.198
14.204
14.206
14.207
14.214
14.218
14.219
14.226
14.227
14.232
14.241
14.244
14.249
14.251
14.257
14.258
14.262
14.266
14.266
14.272
14.272
14.274
14.276
14.28
14.281
14.288
14.291
14.292
14.306
14.306
14.308
14.308
14.31
14.311
14.316
14.317
14.318
14.319
14.334
14.341
14.341
14.342
14.343
14.347
14.348
14.359
14.361
14.371
14.371
14.371
14.378
14.38
14.392
14.403
14.409
14.416
14.42
14.421
14.425
14.425
14.447
14.452
14.456
14.458
14.461
14.461
14.461
14.465
14.466
14.474
14.482
14.489
14.492
14.498
14.499
14.501
14.504
14.531
14.536
14.537
14.544
14.557
14.561
14.569
14.569
14.572
14.574
14.578
14.578
14.589
14.59
14.591
14.594
14.596
14.604
14.604
14.607
14.611
14.612
14.615
14.621
14.625
14.627
14.63
14.631
14.631
14.632
14.64
14.642
14.644
14.648
14.652
14.657
14.658
14.661
14.67
14.681
14.683
14.686
14.691
14.698
14.706
14.713
14.715
14.717
14.728
14.729
14.755
14.757
14.757
14.763
14.776
14.779
14.787
14.8
14.807
14.808
14.816
14.82
14.824
14.834
14.845
14.847
14.853
14.855
14.859
14.868
14.868
14.87
14.875
14.88
14.882
14.883
14.888
14.888
14.892
14.897
14.898
14.92
14.924
14.932
14.933
14.934
14.937
14.938
14.941
14.941
14.946
14.948
14.954
14.958
14.965
14.976
14.976
14.978
14.98
14.981
14.984
14.987
14.988
14.998
14.999
15.009
15.015
15.018
15.018
15.022
15.033
15.05
15.065
15.069
15.071
15.082
15.093
15.094
15.094
15.115
15.12
15.127
15.128
15.134
15.134
15.14
15.144
15.155
15.163
15.166
15.182
15.182
15.187
15.19
15.195
15.201
15.205
15.207
15.215
15.22
15.221
15.227
15.23
15.235
15.236
15.241
15.241
15.25
15.254
15.255
15.26
15.265
15.274
15.279
15.29
15.292
15.296
15.298
15.308
15.309
15.316
15.316
15.321
15.322
15.327
15.329
15.333
15.339
15.355
15.358
15.365
15.366
15.369
15.373
15.378
15.379
15.38
15.384
15.387
15.394
15.394
15.403
15.404
15.405
15.417
15.425
15.434
15.435
15.458
15.466
15.472
15.475
15.481
15.483
15.486
15.493
15.495
15.503
15.511
15.514
15.515
15.515
15.522
15.523
15.542
15.544
15.545
15.547
15.552
15.552
15.557
15.566
15.57
15.575
15.587
15.6
15.614
15.621
15.623
15.64
15.649
15.651
15.653
15.654
15.67
15.673
15.675
15.677
15.681
15.688
15.691
15.692
15.718
15.725
15.726
15.738
15.739
15.741
15.764
15.765
15.765
15.767
15.775
15.778
15.78
15.784
15.792
15.793
15.796
15.803
15.81
15.81
15.826
15.827
15.845
15.852
15.853
15.854
15.854
15.866
15.873
15.882
15.888
15.89
15.892
15.894
15.895
15.914
15.916
15.924
15.924
15.935
15.936
15.937
15.937
15.945
15.967
15.971
15.972
15.972
15.977
15.986
15.988
15.99
15.993
15.996
16.005
16.005
16.006
16.007
16.011
16.016
16.03
16.031
16.036
16.041
16.042
16.055
16.057
16.058
16.068
16.098
16.111
16.113
16.115
16.12
16.136
16.14
16.15
16.153
16.156
16.158
16.16
16.162
16.172
16.194
16.2
16.209
16.211
16.212
16.219
16.226
16.248
16.257
16.262
16.263
16.268
16.28
16.283
16.289
16.304
16.305
16.31
16.311
16.323
16.328
16.334
16.337
16.337
16.338
16.342
16.363
16.363
16.371
16.375
16.394
16.408
16.408
16.41
16.411
16.428
16.432
16.438
16.448
16.46
16.462
16.465
16.466
16.477
16.481
16.485
16.487
16.494
16.519
16.522
16.543
16.55
16.558
16.563
16.563
16.566
16.583
16.586
16.587
16.601
16.622
16.625
16.627
16.628
16.644
16.657
16.657
16.669
16.674
16.685
16.686
16.69
16.702
16.733
16.739
16.754
16.754
16.76
16.78
16.781
16.782
16.788
16.796
16.798
16.83
16.831
16.833
16.835
16.837
16.842
16.858
16.859
16.865
16.866
16.87
16.89
16.892
16.894
16.903
16.906
16.908
16.926
16.926
16.938
16.943
16.946
16.954
16.97
16.97
16.973
16.975
16.991
17.01
17.019
17.021
17.024
17.029
17.031
17.035
17.038
17.048
17.061
17.062
17.067
17.068
17.095
17.096
17.101
17.117
17.123
17.134
17.135
17.143
17.167
17.175
17.217
17.219
17.221
17.221
17.223
17.23
17.242
17.244
17.245
17.247
17.253
17.259
17.264
17.269
17.278
17.285
17.287
17.297
17.317
17.318
17.319
17.338
17.344
17.356
17.359
17.393
17.393
17.397
17.397
17.431
17.432
17.432
17.433
17.448
17.452
17.47
17.501
17.504
17.506
17.521
17.526
17.528
17.534
17.539
17.54
17.55
17.563
17.571
17.59
17.595
17.595
17.609
17.612
17.616
17.627
17.632
17.64
17.644
17.648
17.656
17.662
17.691
17.692
17.693
17.712
17.726
17.731
17.757
17.76
17.769
17.776
17.779
17.805
17.808
17.816
17.829
17.831
17.839
17.847
17.874
17.881
17.893
17.923
17.924
17.966
17.968
17.991
18.001
18.011
18.012
18.016
18.021
18.026
18.041
18.058
18.062
18.062
18.091
18.1
18.106
18.117
18.131
18.131
18.134
18.176
18.178
18.179
18.192
18.246
18.253
18.254
18.27
18.305
18.311
18.329
18.34
18.346
18.348
18.369
18.463
18.464
18.478
18.489
18.497
18.507
18.517
18.522
18.541
18.548
18.57
18.581
18.616
18.635
18.642
18.653
18.655
18.659
18.667
18.692
18.696
18.701
18.712
18.73
18.735
18.738
18.739
18.746
18.752
18.756
18.766
18.774
18.816
18.816
18.818
18.821
18.837
18.866
18.9
18.939
18.954
18.976
18.998
19.039
19.053
19.069
19.072
19.15
19.161
19.179
19.191
19.198
19.21
19.237
19.245
19.263
19.28
19.304
19.351
19.376
19.387
19.391
19.427
19.43
19.446
19.449
19.457
19.477
19.487
19.491
19.502
19.521
19.555
19.569
19.578
19.588
19.606
19.616
19.62
19.645
19.655
19.672
19.679
19.685
19.686
19.707
19.723
19.725
19.735
19.745
19.746
19.791
19.817
19.828
19.87
19.882
19.888
19.89
19.901
19.915
19.944
19.998
20.027
20.033
20.038
20.048
20.084
20.119
20.132
20.14
20.141
20.143
20.152
20.176
20.193
20.211
20.281
20.324
20.381
20.384
20.394
20.414
20.435
20.463
20.535
20.538
20.549
20.564
20.586
20.653
20.681
20.764
20.781
20.831
20.914
21.011
21.082
21.104
21.131
21.149
21.213
21.215
21.258
21.306
21.336
21.387
21.394
21.494
21.585
21.633
21.639
21.664
21.683
21.688
21.731
21.802
21.826
21.883
21.914
21.984
22.003
22.008
22.048
22.05
22.057
22.125
22.136
22.176
22.179
22.182
22.268
22.456
22.651
22.656
22.741
22.812
23.103
23.107
23.134
23.153
23.204
23.215
23.245
23.305
23.386
23.413
23.44
23.51
23.562
23.628
23.756
23.765
23.771
23.834
23.913
23.989
24.023
24.026
24.075
24.084
24.131
24.19
24.216
24.25
24.349
24.434
24.443
24.493
24.496
24.504
24.63
24.66
24.747
24.895
25.239
25.263
25.288
25.294
25.403
25.568
25.61
25.656
25.769
25.901
26.046
26.061
26.125
26.172
26.602
26.843
26.868
27.249
27.299
27.867
28.306
28.492
28.638
29.102
29.457
29.513
29.975
30.703
33.31
33.79
