0.728
4.221
4.266
4.277
4.344
4.396
4.464
4.506
4.517
4.521
4.552
4.569
4.585
4.606
4.616
4.629
4.633
4.648
4.654
4.679
4.696
4.708
4.722
4.738
4.75
4.75
4.763
4.818
4.842
4.856
4.857
4.861
4.91
4.913
4.932
4.938
4.939
4.961
4.974
4.994
5.001
5.055
5.056
5.065
5.082
5.104
5.126
5.144
5.149
5.176
5.203
5.214
5.22
5.224
5.227
5.242
5.256
5.27
5.284
5.285
5.312
5.334
5.347
5.348
5.377
5.386
5.393
5.396
5.399
5.403
5.413
5.413
5.426
5.427
5.434
5.437
5.442
5.447
5.462
5.462
5.478
5.48
5.489
5.502
5.506
5.522
5.529
5.53
5.531
5.535
5.552
5.555
5.557
5.57
5.571
5.604
5.611
5.648
5.652
5.667
5.67
5.685
5.686
5.692
5.693
5.701
5.714
5.714
5.72
5.72
5.723
5.725
5.74
5.742
5.753
5.756
5.77
5.788
5.801
5.816
5.817
5.843
5.854
5.866
5.866
5.871
5.874
5.875
5.876
5.885
5.896
5.903
5.907
5.914
5.918
5.92
5.935
5.951
5.952
5.958
5.977
5.978
5.98
6.01
6.023
6.026
6.028
6.03
6.032
6.033
6.034
6.037
6.038
6.059
6.069
6.075
6.078
6.082
6.107
6.114
6.124
6.127
6.136
6.138
6.147
6.159
6.168
6.175
6.179
6.181
6.19
6.2
6.2
6.204
6.213
6.213
6.214
6.214
6.216
6.22
6.223
6.228
6.237
6.241
6.251
6.253
6.254
6.26
6.262
6.263
6.267
6.268
6.269
6.273
6.274
6.278
6.281
6.3
6.304
6.307
6.308
6.317
6.324
6.328
6.337
6.347
6.354
6.355
6.357
6.359
6.368
6.386
6.398
6.4
6.414
6.443
6.447
6.448
6.452
6.461
6.472
6.477
6.482
6.482
6.482
6.487
6.499
6.505
6.507
6.514
6.517
6.519
6.528
6.53
6.536
6.538
6.545
6.55
6.552
6.569
6.584
6.586
6.589
6.595
6.595
6.595
6.602
6.602
6.605
6.612
6.614
6.616
6.617
6.623
6.624
6.628
6.631
6.637
6.639
6.644
6.644
6.647
6.655
6.657
6.658
6.658
6.659
6.665
6.673
6.688
6.692
6.7
6.705
6.72
6.724
6.725
6.733
6.734
6.734
6.735
6.735
6.744
6.747
6.748
6.75
6.754
6.759
6.759
6.76
6.766
6.768
6.77
6.773
6.789
6.797
6.821
6.822
6.831
6.832
6.857
6.858
6.861
6.873
6.879
6.879
6.881
6.887
6.887
6.891
6.906
6.917
6.918
6.927
6.937
6.947
6.95
6.958
6.959
6.962
6.976
6.977
6.984
6.989
7
7.006
7.013
7.017
7.018
7.026
7.033
7.036
7.039
7.058
7.059
7.059
7.082
7.095
7.096
7.099
7.104
7.111
7.116
7.122
7.123
7.129
7.138
7.139
7.144
7.153
7.156
7.157
7.16
7.164
7.17
7.178
7.188
7.191
7.196
7.198
7.201
7.202
7.215
7.225
7.226
7.23
7.231
7.232
7.243
7.248
7.249
7.252
7.273
7.276
7.276
7.283
7.289
7.3
7.301
7.301
7.302
7.302
7.318
7.328
7.338
7.345
7.349
7.35
7.351
7.352
7.354
7.358
7.376
7.384
7.391
7.395
7.396
7.398
7.398
7.399
7.403
7.404
7.406
7.409
7.424
7.424
7.437
7.439
7.44
7.448
7.454
7.46
7.467
7.471
7.475
7.48
7.48
7.482
7.485
7.486
7.493
7.503
7.508
7.512
7.519
7.529
7.539
7.539
7.539
7.541
7.541
7.545
7.545
7.549
7.554
7.559
7.575
7.582
7.582
7.588
7.591
7.604
7.606
7.614
7.62
7.621
7.622
7.63
7.631
7.633
7.635
7.659
7.66
7.66
7.669
7.676
7.677
7.678
7.682
7.683
7.684
7.691
7.699
7.706
7.715
7.716
7.717
7.726
7.73
7.737
7.738
7.738
7.739
7.742
7.747
7.757
7.758
7.77
7.771
7.778
7.798
7.799
7.804
7.81
7.82
7.828
7.831
7.832
7.833
7.838
7.841
7.842
7.842
7.845
7.85
7.854
7.855
7.86
7.861
7.864
7.872
7.872
7.873
7.875
7.875
7.875
7.881
7.883
7.888
7.889
7.891
7.894
7.898
7.898
7.902
7.904
7.905
7.907
7.909
7.914
7.921
7.923
7.925
7.926
7.93
7.93
7.931
7.931
7.94
7.94
7.94
7.941
7.945
7.948
7.952
7.956
7.957
7.96
7.96
7.97
7.971
7.972
7.983
7.99
7.993
7.993
8.014
8.014
8.014
8.015
8.015
8.017
8.018
8.021
8.021
8.022
8.028
8.042
8.042
8.049
8.049
8.05
8.054
8.055
8.057
8.057
8.06
8.062
8.062
8.063
8.063
8.071
8.074
8.076
8.079
8.081
8.088
8.09
8.09
8.102
8.103
8.104
8.105
8.105
8.109
8.11
8.11
8.116
8.119
8.124
8.124
8.125
8.133
8.137
8.157
8.161
8.164
8.166
8.19
8.19
8.193
8.194
8.197
8.199
8.202
8.208
8.209
8.211
8.211
8.213
8.214
8.217
8.219
8.22
8.221
8.222
8.236
8.236
8.24
8.24
8.243
8.245
8.246
8.246
8.253
8.255
8.267
8.269
8.27
8.279
8.279
8.285
8.287
8.292
8.297
8.302
8.304
8.306
8.312
8.314
8.318
8.319
8.322
8.322
8.325
8.325
8.329
8.332
8.335
8.337
8.345
8.347
8.351
8.352
8.367
8.37
8.377
8.379
8.38
8.385
8.395
8.396
8.399
8.401
8.401
8.402
8.409
8.419
8.426
8.436
8.446
8.453
8.456
8.458
8.462
8.474
8.484
8.487
8.488
8.493
8.504
8.505
8.505
8.505
8.507
8.507
8.509
8.518
8.521
8.529
8.539
8.542
8.557
8.558
8.566
8.57
8.57
8.571
8.574
8.577
8.581
8.586
8.587
8.599
8.602
8.607
8.613
8.625
8.63
8.632
8.639
8.64
8.64
8.641
8.651
8.652
8.655
8.661
8.668
8.672
8.675
8.677
8.685
8.691
8.693
8.699
8.705
8.707
8.725
8.733
8.746
8.746
8.764
8.773
8.776
8.784
8.785
8.789
8.792
8.806
8.808
8.813
8.826
8.833
8.835
8.839
8.848
8.849
8.852
8.866
8.87
8.872
8.875
8.886
8.893
8.898
8.907
8.908
8.918
8.922
8.937
8.939
8.951
8.952
8.955
8.961
8.97
8.973
8.987
8.987
8.988
8.999
9.006
9.01
9.014
9.017
9.03
9.039
9.042
9.046
9.051
9.053
9.069
9.072
9.075
9.087
9.088
9.093
9.108
9.113
9.12
9.132
9.133
9.145
9.153
9.154
9.16
9.174
9.176
9.182
9.189
9.226
9.234
9.271
9.273
9.275
9.282
9.292
9.309
9.313
9.327
9.347
9.368
9.405
9.425
9.488
9.493
9.497
9.503
9.505
9.505
9.521
9.554
9.56
9.565
9.582
9.622
9.645
9.653
9.66
9.679
9.7
9.706
9.708
9.713
9.716
9.717
9.726
9.737
9.743
9.751
9.761
9.764
9.765
9.769
9.793
9.793
9.796
9.799
9.818
9.819
9.827
9.837
9.838
9.842
9.843
9.853
9.859
9.867
9.869
9.882
9.885
9.907
9.916
9.946
9.96
9.962
9.971
9.976
9.986
9.989
9.998
9.998
10.003
10.017
10.025
10.03
10.037
10.045
10.058
10.096
10.105
10.106
10.111
10.115
10.142
10.148
10.157
10.166
10.175
10.175
10.176
10.18
10.184
10.194
10.206
10.213
10.218
10.237
10.241
10.245
10.252
10.273
10.276
10.277
10.287
10.29
10.298
10.303
10.316
10.326
10.329
10.33
10.334
10.339
10.34
10.341
10.344
10.348
10.349
10.351
10.369
10.373
10.384
10.387
10.388
10.406
10.409
10.412
10.425
10.428
10.431
10.432
10.45
10.45
10.452
10.464
10.473
10.482
10.506
10.506
10.519
10.52
10.522
10.523
10.524
10.543
10.554
10.567
10.589
10.595
10.597
10.602
10.622
10.633
10.647
10.648
10.648
10.65
10.651
10.675
10.687
10.699
10.701
10.705
10.706
10.711
10.72
10.72
10.726
10.731
10.748
10.754
10.762
10.785
10.786
10.798
10.803
10.805
10.806
10.837
10.842
10.843
10.844
10.863
10.865
10.875
10.902
10.906
10.915
10.921
10.924
10.943
10.943
10.945
10.948
10.95
10.96
10.966
10.967
10.971
10.979
10.99
10.992
11
11.008
11.018
11.031
11.034
11.055
11.061
11.071
11.074
11.074
11.084
11.103
11.108
11.11
11.11
11.121
11.125
11.14
11.146
11.147
11.179
11.185
11.196
11.199
11.215
11.217
11.222
11.224
11.226
11.226
11.241
11.261
11.27
11.273
11.273
11.281
11.285
11.285
11.313
11.32
11.336
11.363
11.365
11.37
11.378
11.39
11.392
11.401
11.401
11.404
11.428
11.432
11.435
11.454
11.463
11.464
11.479
11.5
11.516
11.52
11.529
11.531
11.531
11.532
11.56
11.561
11.567
11.582
11.59
11.599
11.605
11.621
11.623
11.624
11.637
11.647
11.656
11.667
11.67
11.67
11.671
11.682
11.69
11.697
11.733
11.733
11.735
11.755
11.757
11.762
11.763
11.793
11.799
11.819
11.834
11.839
11.854
11.905
11.93
11.933
11.943
11.945
11.96
11.966
11.969
11.97
11.974
11.982
11.994
11.996
12.027
12.031
12.035
12.042
12.055
12.07
12.085
12.087
12.104
12.145
12.166
12.166
12.172
12.21
12.22
12.236
12.246
12.256
12.281
12.3
12.314
12.34
12.373
12.454
12.47
12.492
12.492
12.504
12.535
12.591
12.616
12.639
12.652
12.673
12.683
12.714
12.726
12.729
12.731
12.741
12.749
12.757
12.772
12.821
12.856
12.858
12.864
12.905
12.95
13.01
13.036
13.073
13.168
13.263
13.263
13.305
13.362
13.367
13.377
13.41
13.424
13.456
13.489
13.57
13.579
13.581
13.649
13.661
13.722
13.759
13.76
13.794
13.802
13.815
13.843
13.928
13.933
14.125
14.224
14.309
14.441
14.661
14.763
14.765
14.802
14.821
15.158
15.17
15.173
15.275
15.288
15.378
15.669
15.791
16.199
16.229
16.339
16.761
17.085
17.102
17.426
17.874
18.447
18.629
19.868
22.04
