1.026
6.406
6.477
6.593
6.607
6.65
6.659
6.746
6.865
6.914
6.946
6.958
6.982
6.985
6.988
6.995
7.016
7.083
7.095
7.125
7.127
7.183
7.21
7.222
7.229
7.29
7.361
7.394
7.395
7.402
7.423
7.44
7.473
7.507
7.546
7.548
7.56
7.57
7.591
7.608
7.614
7.656
7.682
7.713
7.749
7.769
7.772
7.781
7.79
7.802
7.826
7.898
7.901
7.923
7.929
7.934
7.943
7.956
7.962
7.968
7.981
7.99
8.009
8.016
8.054
8.071
8.089
8.099
8.126
8.149
8.152
8.188
8.189
8.195
8.203
8.207
8.234
8.239
8.244
8.26
8.261
8.273
8.273
8.274
8.289
8.289
8.291
8.296
8.297
8.301
8.305
8.305
8.318
8.318
8.319
8.329
8.34
8.345
8.39
8.396
8.401
8.417
8.423
8.442
8.444
8.465
8.476
8.477
8.479
8.481
8.483
8.484
8.484
8.487
8.489
8.495
8.5
8.525
8.534
8.535
8.538
8.542
8.542
8.55
8.552
8.553
8.563
8.567
8.572
8.585
8.61
8.613
8.615
8.616
8.621
8.622
8.625
8.631
8.646
8.646
8.65
8.651
8.654
8.659
8.661
8.665
8.675
8.675
8.681
8.684
8.685
8.685
8.69
8.695
8.696
8.702
8.703
8.712
8.715
8.723
8.725
8.743
8.745
8.745
8.754
8.757
8.769
8.784
8.786
8.791
8.799
8.81
8.813
8.819
8.832
8.847
8.85
8.854
8.856
8.898
8.902
8.912
8.933
8.937
8.948
8.952
8.952
8.954
8.955
8.956
8.956
8.96
8.962
8.967
8.969
8.97
8.972
8.977
8.978
8.979
8.99
8.99
8.995
8.995
8.996
8.997
9.019
9.02
9.022
9.026
9.028
9.035
9.04
9.04
9.056
9.057
9.062
9.072
9.072
9.075
9.078
9.079
9.079
9.081
9.095
9.096
9.105
9.108
9.112
9.118
9.122
9.122
9.126
9.131
9.139
9.142
9.147
9.156
9.158
9.162
9.162
9.162
9.163
9.163
9.164
9.178
9.178
9.18
9.182
9.188
9.195
9.196
9.198
9.2
9.207
9.21
9.211
9.212
9.216
9.217
9.222
9.222
9.222
9.222
9.224
9.224
9.225
9.229
9.232
9.242
9.243
9.249
9.252
9.256
9.268
9.269
9.272
9.272
9.283
9.294
9.303
9.305
9.308
9.313
9.315
9.319
9.321
9.324
9.324
9.325
9.327
9.328
9.332
9.334
9.335
9.338
9.347
9.351
9.354
9.362
9.371
9.372
9.374
9.376
9.378
9.379
9.383
9.387
9.387
9.392
9.393
9.393
9.394
9.397
9.4
9.403
9.406
9.407
9.42
9.423
9.425
9.429
9.43
9.432
9.436
9.437
9.441
9.442
9.443
9.444
9.455
9.456
9.458
9.458
9.459
9.459
9.47
9.477
9.478
9.478
9.481
9.502
9.502
9.505
9.509
9.509
9.518
9.519
9.522
9.527
9.53
9.532
9.534
9.536
9.537
9.547
9.548
9.552
9.552
9.553
9.555
9.557
9.564
9.565
9.565
9.574
9.575
9.576
9.579
9.586
9.588
9.588
9.594
9.595
9.595
9.595
9.598
9.6
9.617
9.63
9.647
9.65
9.65
9.651
9.654
9.655
9.656
9.667
9.673
9.673
9.673
9.674
9.675
9.675
9.678
9.678
9.679
9.682
9.683
9.686
9.688
9.689
9.695
9.696
9.699
9.699
9.702
9.705
9.709
9.71
9.712
9.715
9.72
9.722
9.725
9.725
9.728
9.73
9.73
9.731
9.734
9.736
9.741
9.741
9.743
9.743
9.749
9.75
9.755
9.757
9.758
9.762
9.764
9.767
9.767
9.77
9.775
9.785
9.786
9.788
9.789
9.802
9.803
9.807
9.808
9.809
9.814
9.817
9.819
9.823
9.824
9.828
9.828
9.836
9.848
9.85
9.855
9.856
9.856
9.861
9.867
9.871
9.873
9.874
9.874
9.884
9.886
9.891
9.892
9.899
9.907
9.915
9.918
9.921
9.933
9.939
9.94
9.941
9.944
9.947
9.948
9.95
9.953
9.955
9.96
9.966
9.966
9.967
9.967
9.967
9.971
9.973
9.977
9.98
9.985
9.986
9.988
9.993
9.997
10
10.003
10.004
10.004
10.007
10.007
10.01
10.012
10.015
10.015
10.026
10.027
10.031
10.037
10.038
10.039
10.049
10.052
10.057
10.07
10.074
10.081
10.084
10.085
10.085
10.093
10.1
10.103
10.104
10.107
10.112
10.121
10.121
10.122
10.125
10.125
10.127
10.138
10.139
10.154
10.158
10.161
10.166
10.179
10.183
10.186
10.188
10.188
10.189
10.192
10.2
10.201
10.206
10.209
10.217
10.218
10.22
10.232
10.235
10.241
10.244
10.25
10.252
10.255
10.255
10.256
10.258
10.258
10.259
10.264
10.268
10.269
10.272
10.273
10.274
10.281
10.283
10.285
10.286
10.29
10.296
10.297
10.304
10.304
10.305
10.31
10.311
10.319
10.32
10.326
10.333
10.337
10.343
10.343
10.35
10.365
10.372
10.376
10.378
10.379
10.379
10.38
10.388
10.391
10.394
10.4
10.4
10.403
10.416
10.423
10.427
10.431
10.433
10.434
10.444
10.447
10.449
10.453
10.453
10.454
10.456
10.458
10.461
10.462
10.462
10.462
10.471
10.477
10.48
10.48
10.484
10.485
10.49
10.49
10.498
10.504
10.505
10.507
10.508
10.517
10.519
10.522
10.527
10.527
10.527
10.529
10.53
10.533
10.534
10.537
10.538
10.54
10.54
10.542
10.547
10.549
10.553
10.554
10.555
10.558
10.559
10.567
10.591
10.595
10.621
10.623
10.629
10.63
10.64
10.641
10.649
10.649
10.651
10.655
10.656
10.656
10.66
10.664
10.671
10.671
10.671
10.68
10.68
10.689
10.691
10.694
10.701
10.701
10.705
10.707
10.713
10.716
10.718
10.719
10.731
10.731
10.733
10.733
10.739
10.752
10.754
10.755
10.765
10.766
10.77
10.774
10.777
10.778
10.781
10.788
10.791
10.797
10.801
10.805
10.807
10.808
10.808
10.808
10.811
10.818
10.818
10.826
10.83
10.836
10.846
10.849
10.855
10.858
10.864
10.866
10.867
10.883
10.883
10.887
10.891
10.894
10.897
10.9
10.905
10.912
10.918
10.921
10.928
10.928
10.932
10.932
10.934
10.938
10.941
10.945
10.949
10.951
10.951
10.952
10.956
10.965
10.965
10.965
10.97
10.977
10.98
10.983
10.986
10.987
10.991
10.994
10.996
11.005
11.006
11.009
11.011
11.013
11.013
11.019
11.025
11.029
11.033
11.035
11.038
11.04
11.045
11.046
11.05
11.052
11.061
11.075
11.075
11.079
11.081
11.092
11.093
11.097
11.101
11.102
11.102
11.104
11.112
11.118
11.123
11.125
11.125
11.126
11.127
11.128
11.129
11.135
11.136
11.149
11.154
11.156
11.16
11.161
11.165
11.166
11.169
11.178
11.18
11.181
11.186
11.195
11.197
11.201
11.204
11.206
11.21
11.21
11.211
11.215
11.221
11.222
11.227
11.24
11.241
11.242
11.244
11.244
11.246
11.248
11.257
11.265
11.267
11.273
11.274
11.28
11.281
11.286
11.288
11.288
11.289
11.29
11.3
11.301
11.302
11.302
11.303
11.304
11.305
11.309
11.312
11.312
11.313
11.316
11.319
11.32
11.323
11.323
11.324
11.327
11.327
11.327
11.328
11.33
11.332
11.34
11.34
11.342
11.344
11.346
11.349
11.355
11.357
11.366
11.367
11.372
11.373
11.377
11.38
11.381
11.384
11.388
11.389
11.39
11.393
11.4
11.403
11.409
11.41
11.412
11.414
11.416
11.424
11.429
11.429
11.432
11.435
11.435
11.437
11.448
11.449
11.462
11.465
11.469
11.472
11.473
11.474
11.484
11.486
11.486
11.488
11.49
11.495
11.501
11.504
11.505
11.508
11.51
11.512
11.513
11.519
11.523
11.523
11.53
11.53
11.531
11.537
11.538
11.538
11.543
11.543
11.549
11.55
11.561
11.578
11.578
11.586
11.589
11.592
11.604
11.606
11.606
11.612
11.623
11.626
11.633
11.636
11.639
11.645
11.646
11.646
11.648
11.654
11.659
11.663
11.664
11.667
11.675
11.676
11.68
11.681
11.686
11.703
11.707
11.709
11.713
11.715
11.715
11.715
11.716
11.716
11.717
11.717
11.719
11.719
11.723
11.723
11.73
11.733
11.741
11.744
11.746
11.75
11.752
11.758
11.773
11.779
11.781
11.787
11.791
11.802
11.806
11.807
11.812
11.814
11.816
11.817
11.818
11.823
11.826
11.829
11.83
11.843
11.844
11.846
11.846
11.848
11.848
11.856
11.862
11.864
11.87
11.872
11.874
11.884
11.887
11.893
11.895
11.895
11.896
11.897
11.897
11.898
11.901
11.901
11.902
11.902
11.902
11.922
11.926
11.935
11.949
11.952
11.961
11.963
11.98
11.987
11.989
11.993
11.997
12.001
12.004
12.01
12.012
12.016
12.016
12.018
12.021
12.024
12.027
12.03
12.036
12.05
12.052
12.057
12.065
12.065
12.065
12.069
12.077
12.077
12.079
12.083
12.083
12.084
12.088
12.09
12.093
12.093
12.098
12.099
12.105
12.109
12.112
12.117
12.119
12.121
12.123
12.126
12.127
12.128
12.132
12.133
12.136
12.137
12.137
12.139
12.14
12.141
12.149
12.153
12.154
12.162
12.165
12.178
12.18
12.183
12.189
12.192
12.201
12.201
12.207
12.217
12.217
12.219
12.232
12.239
12.24
12.242
12.243
12.247
12.247
12.248
12.248
12.248
12.255
12.258
12.26
12.26
12.264
12.265
12.266
12.27
12.273
12.276
12.276
12.279
12.282
12.285
12.287
12.289
12.29
12.298
12.301
12.303
12.307
12.308
12.312
12.314
12.319
12.324
12.324
12.325
12.328
12.329
12.333
12.333
12.334
12.339
12.343
12.345
12.346
12.355
12.359
12.36
12.361
12.364
12.365
12.367
12.377
12.382
12.388
12.388
12.393
12.396
12.397
12.399
12.406
12.408
12.411
12.413
12.413
12.414
12.416
12.424
12.429
12.43
12.431
12.434
12.437
12.447
12.453
12.453
12.465
12.467
12.469
12.474
12.474
12.48
12.482
12.483
12.485
12.486
12.492
12.5
12.504
12.51
12.514
12.514
12.516
12.522
12.523
12.528
12.535
12.539
12.558
12.558
12.558
12.561
12.562
12.562
12.565
12.566
12.567
12.569
12.574
12.576
12.589
12.591
12.592
12.593
12.594
12.595
12.595
12.602
12.61
12.616
12.616
12.618
12.625
12.628
12.629
12.629
12.635
12.636
12.64
12.645
12.646
12.648
12.649
12.649
12.659
12.659
12.661
12.672
12.672
12.675
12.68
12.683
12.684
12.686
12.69
12.691
12.693
12.698
12.702
12.705
12.707
12.708
12.709
12.711
12.718
12.719
12.72
12.726
12.727
12.727
12.738
12.743
12.743
12.746
12.747
12.751
12.752
12.753
12.753
12.759
12.762
12.762
12.763
12.774
12.774
12.78
12.783
12.795
12.8
12.801
12.802
12.804
12.804
12.816
12.825
12.825
12.829
12.831
12.835
12.847
12.852
12.853
12.857
12.863
12.867
12.873
12.875
12.875
12.877
12.878
12.879
12.883
12.888
12.891
12.894
12.9
12.91
12.912
12.914
12.915
12.922
12.923
12.926
12.932
12.933
12.933
12.935
12.939
12.941
12.944
12.95
12.951
12.953
12.955
12.959
12.962
12.965
12.967
12.969
12.971
12.975
12.978
12.984
13.002
13.004
13.005
13.009
13.017
13.025
13.037
13.039
13.043
13.044
13.059
13.061
13.062
13.069
13.07
13.093
13.095
13.104
13.107
13.108
13.11
13.11
13.111
13.12
13.13
13.131
13.133
13.134
13.136
13.147
13.152
13.156
13.168
13.169
13.178
13.179
13.184
13.191
13.193
13.196
13.197
13.201
13.218
13.221
13.223
13.224
13.229
13.233
13.236
13.238
13.241
13.242
13.251
13.251
13.257
13.258
13.261
13.266
13.266
13.27
13.272
13.275
13.275
13.282
13.283
13.285
13.291
13.292
13.295
13.299
13.301
13.302
13.303
13.304
13.305
13.307
13.307
13.311
13.316
13.318
13.331
13.333
13.338
13.346
13.347
13.348
13.35
13.354
13.354
13.355
13.362
13.371
13.378
13.378
13.378
13.379
13.38
13.381
13.386
13.387
13.387
13.389
13.393
13.398
13.415
13.434
13.45
13.451
13.453
13.453
13.457
13.462
13.463
13.467
13.469
13.471
13.481
13.485
13.486
13.489
13.492
13.494
13.498
13.5
13.506
13.506
13.514
13.519
13.535
13.542
13.543
13.544
13.557
13.566
13.567
13.575
13.575
13.575
13.576
13.579
13.582
13.589
13.592
13.592
13.597
13.603
13.608
13.61
13.611
13.613
13.614
13.614
13.614
13.623
13.625
13.627
13.629
13.63
13.635
13.641
13.643
13.662
13.663
13.665
13.667
13.673
13.677
13.677
13.678
13.69
13.692
13.693
13.71
13.711
13.72
13.728
13.733
13.737
13.74
13.746
13.748
13.761
13.767
13.767
13.767
13.769
13.771
13.778
13.781
13.783
13.784
13.785
13.789
13.79
13.792
13.796
13.8
13.806
13.806
13.814
13.817
13.821
13.826
13.826
13.827
13.831
13.845
13.845
13.85
13.856
13.857
13.858
13.868
13.872
13.876
13.882
13.884
13.886
13.896
13.906
13.924
13.932
13.935
13.94
13.94
13.949
13.95
13.971
13.973
13.987
13.989
13.992
13.994
13.995
14.009
14.016
14.024
14.028
14.031
14.056
14.059
14.061
14.062
14.064
14.067
14.073
14.076
14.079
14.079
14.082
14.084
14.085
14.092
14.094
14.102
14.105
14.112
14.113
14.119
14.122
14.124
14.126
14.128
14.131
14.138
14.138
14.144
14.147
14.157
14.161
14.165
14.166
14.172
14.179
14.189
14.191
14.193
14.195
14.196
14.201
14.224
14.236
14.241
14.244
14.245
14.247
14.257
14.265
14.267
14.274
14.282
14.285
14.288
14.289
14.293
14.301
14.304
14.304
14.309
14.312
14.315
14.317
14.321
14.325
14.328
14.329
14.329
14.332
14.334
14.334
14.356
14.363
14.364
14.365
14.368
14.378
14.384
14.386
14.392
14.397
14.406
14.409
14.412
14.415
14.424
14.427
14.427
14.431
14.432
14.456
14.457
14.46
14.466
14.466
14.47
14.473
14.494
14.501
14.507
14.515
14.519
14.532
14.539
14.546
14.556
14.556
14.561
14.563
14.567
14.569
14.586
14.592
14.593
14.594
14.595
14.595
14.597
14.598
14.598
14.601
14.603
14.607
14.608
14.627
14.631
14.641
14.642
14.647
14.648
14.652
14.657
14.664
14.671
14.673
14.674
14.676
14.678
14.688
14.708
14.713
14.718
14.719
14.72
14.725
14.725
14.729
14.737
14.739
14.743
14.755
14.757
14.76
14.76
14.762
14.766
14.766
14.775
14.781
14.781
14.784
14.795
14.797
14.8
14.805
14.805
14.808
14.82
14.832
14.834
14.836
14.838
14.842
14.849
14.855
14.857
14.862
14.869
14.872
14.874
14.885
14.885
14.89
14.893
14.893
14.9
14.908
14.92
14.927
14.936
14.944
14.949
14.951
14.97
14.977
14.987
14.988
14.989
14.99
14.996
14.998
15
15
15.01
15.011
15.012
15.013
15.019
15.022
15.038
15.051
15.056
15.057
15.059
15.061
15.068
15.071
15.073
15.084
15.085
15.091
15.091
15.107
15.109
15.117
15.117
15.127
15.129
15.135
15.138
15.156
15.168
15.177
15.182
15.182
15.182
15.195
15.196
15.2
15.206
15.21
15.21
15.217
15.232
15.233
15.236
15.244
15.245
15.248
15.248
15.26
15.266
15.273
15.284
15.289
15.291
15.291
15.292
15.293
15.3
15.3
15.314
15.33
15.331
15.335
15.335
15.347
15.348
15.351
15.353
15.355
15.357
15.366
15.374
15.374
15.378
15.383
15.384
15.385
15.39
15.395
15.4
15.419
15.431
15.444
15.446
15.451
15.456
15.462
15.466
15.472
15.481
15.487
15.488
15.491
15.497
15.497
15.498
15.498
15.501
15.501
15.509
15.514
15.518
15.536
15.542
15.545
15.546
15.561
15.563
15.564
15.565
15.566
15.57
15.572
15.587
15.591
15.604
15.606
15.608
15.614
15.615
15.617
15.637
15.653
15.657
15.667
15.672
15.676
15.678
15.68
15.68
15.68
15.7
15.707
15.717
15.718
15.724
15.749
15.758
15.764
15.77
15.775
15.775
15.775
15.801
15.809
15.824
15.834
15.852
15.863
15.878
15.879
15.882
15.883
15.89
15.894
15.895
15.896
15.9
15.904
15.915
15.924
15.926
15.928
15.931
15.934
15.934
15.94
15.95
15.95
15.956
15.957
15.959
15.97
15.974
15.992
15.994
16.007
16.014
16.02
16.038
16.041
16.048
16.052
16.054
16.062
16.063
16.063
16.069
16.075
16.081
16.109
16.115
16.12
16.123
16.129
16.132
16.135
16.137
16.143
16.155
16.158
16.164
16.164
16.165
16.168
16.17
16.174
16.175
16.193
16.203
16.214
16.215
16.221
16.237
16.241
16.243
16.243
16.247
16.247
16.268
16.272
16.276
16.28
16.286
16.289
16.29
16.294
16.297
16.303
16.307
16.324
16.326
16.331
16.332
16.34
16.354
16.386
16.402
16.406
16.411
16.421
16.427
16.43
16.436
16.443
16.446
16.447
16.464
16.465
16.467
16.471
16.476
16.519
16.527
16.556
16.561
16.565
16.571
16.575
16.589
16.597
16.599
16.6
16.624
16.628
16.631
16.638
16.642
16.643
16.649
16.65
16.662
16.664
16.674
16.678
16.683
16.692
16.701
16.702
16.704
16.705
16.707
16.712
16.719
16.726
16.731
16.736
16.738
16.743
16.745
16.755
16.759
16.773
16.777
16.788
16.792
16.794
16.794
16.805
16.808
16.822
16.826
16.826
16.827
16.835
16.846
16.852
16.858
16.868
16.869
16.872
16.882
16.884
16.894
16.901
16.908
16.923
16.932
16.934
16.939
16.951
16.964
16.967
16.973
16.974
16.978
16.985
17.008
17.015
17.018
17.02
17.021
17.024
17.034
17.036
17.039
17.049
17.069
17.069
17.083
17.094
17.101
17.11
17.129
17.136
17.149
17.154
17.157
17.158
17.173
17.178
17.18
17.187
17.207
17.214
17.22
17.234
17.246
17.251
17.252
17.255
17.274
17.291
17.319
17.322
17.328
17.335
17.34
17.346
17.351
17.354
17.355
17.362
17.367
17.37
17.379
17.409
17.438
17.439
17.448
17.455
17.458
17.46
17.463
17.477
17.482
17.513
17.541
17.545
17.546
17.558
17.582
17.583
17.614
17.62
17.625
17.63
17.631
17.647
17.655
17.668
17.676
17.705
17.705
17.721
17.723
17.734
17.743
17.76
17.762
17.763
17.764
17.78
17.78
17.781
17.786
17.79
17.809
17.817
17.833
17.863
17.874
17.939
17.965
17.973
17.991
17.992
18.004
18.005
18.006
18.012
18.02
18.036
18.058
18.081
18.099
18.099
18.099
18.101
18.115
18.121
18.143
18.144
18.155
18.157
18.159
18.165
18.187
18.192
18.21
18.215
18.217
18.236
18.24
18.258
18.281
18.325
18.329
18.331
18.336
18.347
18.35
18.351
18.385
18.388
18.404
18.407
18.433
18.437
18.441
18.443
18.451
18.451
18.454
18.464
18.521
18.523
18.536
18.536
18.542
18.546
18.551
18.593
18.647
18.666
18.713
18.745
18.757
18.76
18.782
18.799
18.804
18.826
18.831
18.839
18.842
18.856
18.863
18.864
18.874
18.881
18.884
18.889
18.917
18.935
18.961
18.971
18.984
19.009
19.034
19.051
19.074
19.074
19.087
19.113
19.164
19.168
19.175
19.18
19.208
19.226
19.27
19.294
19.297
19.336
19.351
19.363
19.376
19.424
19.44
19.477
19.485
19.553
19.56
19.567
19.586
19.601
19.611
19.615
19.656
19.669
19.69
19.707
19.709
19.751
19.766
19.777
19.814
19.823
19.832
19.857
19.86
19.875
19.908
19.93
19.986
20.031
20.032
20.068
20.085
20.133
20.229
20.237
20.254
20.276
20.344
20.357
20.393
20.409
20.469
20.484
20.538
20.568
20.57
20.573
20.573
20.602
20.604
20.608
20.612
20.618
20.646
20.715
20.745
20.747
20.764
20.766
20.768
20.772
20.774
20.776
20.907
20.937
20.944
20.945
20.963
20.974
21.021
21.069
21.075
21.131
21.195
21.202
21.213
21.239
21.254
21.27
21.286
21.291
21.303
21.305
21.344
21.396
21.476
21.507
21.527
21.541
21.559
21.572
21.601
21.635
21.741
21.742
21.782
21.806
21.846
21.847
21.855
21.866
22.045
22.058
22.129
22.144
22.152
22.153
22.21
22.277
22.339
22.405
22.536
22.567
22.809
22.823
22.891
22.918
22.986
23.107
23.139
23.186
23.318
23.322
23.452
23.488
23.507
23.567
23.571
23.648
23.677
23.725
23.894
23.957
24.052
24.06
24.137
24.158
24.219
24.312
24.451
24.481
24.508
24.533
24.706
24.742
24.748
24.787
24.805
24.851
24.855
25.199
25.307
25.555
26.007
26.301
26.388
26.43
26.665
26.931
27.317
27.397
27.688
27.952
28.048
28.067
28.815
29.154
29.501
29.817
30.268
30.445
32.258
