0.718
4.366
4.417
4.438
4.456
4.475
4.509
4.527
4.536
4.582
4.595
4.642
4.663
4.71
4.731
4.773
4.784
4.802
4.817
4.833
4.867
4.867
4.894
4.954
4.961
4.961
4.969
4.999
5.02
5.036
5.036
5.062
5.102
5.109
5.122
5.183
5.217
5.264
5.265
5.271
5.278
5.285
5.323
5.364
5.374
5.393
5.414
5.414
5.42
5.429
5.431
5.441
5.447
5.455
5.473
5.495
5.534
5.557
5.567
5.576
5.587
5.59
5.593
5.607
5.63
5.648
5.652
5.659
5.665
5.696
5.704
5.709
5.713
5.714
5.728
5.733
5.736
5.737
5.75
5.76
5.77
5.779
5.789
5.798
5.802
5.816
5.828
5.838
5.846
5.848
5.865
5.867
5.877
5.88
5.886
5.89
5.936
5.937
5.949
5.949
5.972
5.983
6.007
6.011
6.012
6.019
6.023
6.025
6.025
6.038
6.041
6.081
6.082
6.083
6.09
6.101
6.101
6.112
6.117
6.137
6.142
6.145
6.147
6.15
6.152
6.165
6.176
6.179
6.179
6.18
6.189
6.196
6.197
6.206
6.214
6.218
6.227
6.23
6.232
6.234
6.247
6.249
6.249
6.252
6.252
6.267
6.291
6.291
6.292
6.312
6.328
6.335
6.336
6.337
6.338
6.345
6.346
6.349
6.356
6.361
6.367
6.372
6.374
6.377
6.38
6.39
6.397
6.403
6.407
6.41
6.415
6.42
6.421
6.427
6.428
6.43
6.431
6.435
6.448
6.449
6.453
6.457
6.457
6.462
6.464
6.466
6.469
6.47
6.474
6.481
6.482
6.486
6.502
6.516
6.519
6.532
6.533
6.54
6.546
6.553
6.555
6.557
6.56
6.561
6.564
6.572
6.58
6.582
6.584
6.587
6.589
6.596
6.597
6.602
6.605
6.614
6.621
6.628
6.631
6.632
6.633
6.634
6.636
6.637
6.637
6.646
6.657
6.658
6.663
6.672
6.673
6.683
6.694
6.7
6.705
6.708
6.719
6.72
6.721
6.723
6.732
6.737
6.74
6.749
6.754
6.758
6.758
6.759
6.762
6.762
6.764
6.764
6.774
6.778
6.779
6.779
6.782
6.792
6.795
6.795
6.825
6.827
6.828
6.83
6.83
6.838
6.839
6.844
6.849
6.851
6.851
6.852
6.858
6.86
6.861
6.865
6.868
6.88
6.886
6.888
6.891
6.893
6.896
6.898
6.907
6.911
6.913
6.915
6.916
6.935
6.943
6.954
6.957
6.959
6.967
6.974
6.975
6.978
6.981
6.982
6.99
6.992
6.994
7.002
7.005
7.008
7.011
7.015
7.018
7.027
7.027
7.03
7.031
7.032
7.046
7.055
7.063
7.066
7.071
7.071
7.074
7.08
7.081
7.089
7.089
7.094
7.106
7.126
7.13
7.131
7.134
7.135
7.135
7.139
7.149
7.151
7.153
7.167
7.176
7.178
7.182
7.184
7.196
7.197
7.2
7.209
7.209
7.21
7.212
7.219
7.238
7.241
7.247
7.253
7.255
7.255
7.259
7.267
7.278
7.289
7.313
7.32
7.321
7.329
7.332
7.343
7.344
7.356
7.361
7.365
7.368
7.374
7.378
7.384
7.395
7.401
7.401
7.406
7.411
7.417
7.422
7.434
7.435
7.439
7.439
7.439
7.44
7.44
7.441
7.441
7.446
7.451
7.453
7.453
7.456
7.459
7.463
7.466
7.468
7.469
7.476
7.477
7.477
7.479
7.49
7.495
7.499
7.512
7.512
7.516
7.519
7.521
7.525
7.525
7.538
7.539
7.54
7.552
7.552
7.554
7.556
7.562
7.565
7.575
7.578
7.583
7.595
7.605
7.605
7.618
7.638
7.647
7.65
7.653
7.653
7.665
7.665
7.667
7.678
7.696
7.7
7.702
7.711
7.711
7.714
7.716
7.719
7.72
7.721
7.753
7.756
7.758
7.758
7.759
7.759
7.76
7.768
7.773
7.785
7.791
7.794
7.814
7.817
7.817
7.827
7.847
7.851
7.858
7.872
7.873
7.894
7.899
7.9
7.906
7.913
7.929
7.94
7.941
7.945
7.956
7.962
7.982
7.985
7.986
7.991
7.998
8.007
8.01
8.029
8.04
8.043
8.05
8.057
8.057
8.059
8.068
8.071
8.08
8.086
8.09
8.093
8.098
8.101
8.108
8.108
8.11
8.11
8.113
8.125
8.145
8.147
8.161
8.174
8.18
8.184
8.194
8.199
8.2
8.203
8.21
8.213
8.217
8.232
8.234
8.236
8.245
8.246
8.247
8.25
8.279
8.283
8.289
8.294
8.296
8.299
8.306
8.311
8.315
8.323
8.325
8.326
8.333
8.338
8.342
8.35
8.359
8.363
8.367
8.376
8.377
8.378
8.378
8.379
8.386
8.388
8.389
8.399
8.41
8.422
8.424
8.428
8.437
8.437
8.438
8.442
8.444
8.445
8.452
8.455
8.456
8.457
8.461
8.469
8.469
8.47
8.48
8.488
8.49
8.497
8.504
8.51
8.512
8.514
8.515
8.519
8.53
8.53
8.53
8.541
8.544
8.551
8.557
8.563
8.563
8.565
8.566
8.567
8.574
8.578
8.581
8.589
8.591
8.592
8.596
8.6
8.604
8.612
8.62
8.62
8.629
8.633
8.635
8.635
8.64
8.642
8.646
8.648
8.673
8.676
8.681
8.681
8.683
8.69
8.692
8.701
8.703
8.709
8.71
8.715
8.716
8.722
8.726
8.728
8.729
8.733
8.734
8.735
8.738
8.739
8.742
8.743
8.747
8.751
8.755
8.759
8.76
8.772
8.775
8.783
8.787
8.79
8.79
8.791
8.797
8.804
8.808
8.808
8.811
8.827
8.827
8.835
8.838
8.839
8.844
8.845
8.849
8.849
8.869
8.872
8.875
8.878
8.881
8.882
8.886
8.894
8.9
8.902
8.904
8.923
8.93
8.932
8.941
8.945
8.951
8.954
8.955
8.956
8.959
8.96
8.966
8.971
8.973
8.974
8.974
8.976
8.978
8.979
8.98
8.984
8.993
8.996
8.997
8.998
8.999
9
9
9
9.002
9.009
9.017
9.02
9.025
9.031
9.036
9.038
9.039
9.042
9.045
9.048
9.048
9.054
9.058
9.06
9.09
9.092
9.096
9.097
9.102
9.11
9.115
9.117
9.123
9.124
9.127
9.132
9.134
9.14
9.145
9.156
9.164
9.17
9.171
9.179
9.181
9.195
9.203
9.206
9.222
9.228
9.243
9.244
9.245
9.26
9.269
9.271
9.274
9.276
9.277
9.282
9.307
9.308
9.309
9.311
9.314
9.325
9.326
9.329
9.331
9.335
9.347
9.349
9.355
9.359
9.362
9.368
9.372
9.38
9.38
9.385
9.393
9.395
9.395
9.4
9.412
9.416
9.417
9.418
9.422
9.423
9.426
9.437
9.437
9.438
9.44
9.443
9.443
9.462
9.463
9.469
9.488
9.49
9.492
9.499
9.512
9.513
9.516
9.519
9.528
9.531
9.536
9.538
9.539
9.557
9.576
9.582
9.591
9.604
9.616
9.621
9.622
9.629
9.629
9.63
9.634
9.651
9.655
9.655
9.661
9.665
9.673
9.687
9.701
9.707
9.708
9.71
9.738
9.741
9.741
9.741
9.773
9.775
9.776
9.782
9.805
9.823
9.824
9.829
9.831
9.837
9.841
9.844
9.86
9.866
9.87
9.871
9.874
9.875
9.884
9.887
9.895
9.896
9.897
9.902
9.904
9.906
9.907
9.911
9.917
9.919
9.924
9.931
9.942
9.95
9.954
9.955
9.957
9.971
9.974
9.977
9.979
9.979
9.98
10
10.007
10.009
10.015
10.037
10.037
10.052
10.06
10.068
10.079
10.083
10.089
10.113
10.125
10.14
10.148
10.162
10.164
10.178
10.188
10.2
10.204
10.241
10.25
10.266
10.283
10.284
10.295
10.297
10.307
10.326
10.337
10.337
10.36
10.367
10.371
10.384
10.392
10.395
10.41
10.415
10.446
10.456
10.471
10.477
10.482
10.491
10.518
10.542
10.599
10.628
10.632
10.646
10.655
10.659
10.67
10.671
10.672
10.684
10.716
10.717
10.72
10.726
10.736
10.75
10.773
10.782
10.789
10.79
10.825
10.829
10.842
10.851
10.872
10.873
10.885
10.901
10.921
10.922
10.931
10.938
10.946
10.954
10.962
10.977
10.979
10.982
10.983
10.992
10.995
11.003
11.009
11.031
11.045
11.069
11.07
11.092
11.124
11.132
11.156
11.183
11.194
11.207
11.217
11.241
11.246
11.263
11.278
11.308
11.326
11.333
11.343
11.346
11.366
11.367
11.385
11.416
11.434
11.437
11.443
11.444
11.449
11.491
11.514
11.519
11.54
11.547
11.551
11.597
11.602
11.605
11.63
11.635
11.642
11.671
11.688
11.695
11.696
11.707
11.717
11.719
11.725
11.756
11.771
11.776
11.804
11.817
11.841
11.853
11.867
11.872
11.885
11.891
11.904
11.913
11.914
11.953
11.982
11.987
11.991
12.013
12.024
12.041
12.05
12.084
12.112
12.112
12.118
12.12
12.138
12.142
12.146
12.153
12.175
12.179
12.181
12.248
12.266
12.268
12.293
12.296
12.301
12.308
12.315
12.329
12.333
12.344
12.356
12.359
12.373
12.433
12.435
12.454
12.454
12.497
12.525
12.586
12.607
12.608
12.638
12.64
12.641
12.661
12.698
12.724
12.743
12.747
12.76
12.767
12.79
12.791
12.792
12.803
12.822
12.828
12.847
12.852
12.855
12.88
12.882
12.893
12.906
12.907
12.908
12.91
12.926
12.969
12.971
13.013
13.042
13.047
13.071
13.072
13.106
13.115
13.12
13.13
13.139
13.166
13.168
13.183
13.193
13.194
13.201
13.218
13.22
13.221
13.234
13.249
13.26
13.288
13.296
13.308
13.353
13.366
13.448
13.475
13.482
13.519
13.522
13.538
13.57
13.597
13.601
13.63
13.633
13.639
13.644
13.676
13.695
13.71
13.725
13.762
13.837
13.88
13.892
13.915
13.921
13.926
13.938
13.948
13.983
14.02
14.025
14.112
14.129
14.131
14.155
14.19
14.209
14.284
14.317
14.361
14.431
14.446
14.477
14.513
14.524
14.597
14.658
14.674
14.688
14.693
14.782
14.795
14.795
14.806
14.925
14.949
14.977
15.108
15.244
15.298
15.509
15.526
15.532
15.54
15.564
15.595
15.628
15.956
16.035
16.102
16.128
16.234
16.35
16.397
16.615
16.7
16.775
17.063
17.07
18.252
18.937
19.272
19.41
19.454
