1.005
6.407
6.449
6.734
7.047
7.119
7.145
7.193
7.202
7.25
7.322
7.4
7.413
7.415
7.541
7.576
7.624
7.631
7.655
7.675
7.69
7.69
7.695
7.706
7.71
7.727
7.771
7.779
7.788
7.79
7.819
7.828
7.842
7.848
7.85
7.889
7.906
7.913
7.915
7.915
7.921
7.943
7.944
7.948
7.958
8.015
8.018
8.035
8.036
8.047
8.049
8.05
8.067
8.067
8.07
8.083
8.099
8.101
8.106
8.113
8.119
8.123
8.149
8.2
8.202
8.205
8.217
8.238
8.245
8.246
8.247
8.252
8.252
8.258
8.27
8.272
8.273
8.274
8.282
8.291
8.293
8.302
8.324
8.334
8.348
8.357
8.37
8.373
8.376
8.379
8.393
8.394
8.401
8.402
8.407
8.41
8.412
8.421
8.433
8.441
8.467
8.475
8.478
8.479
8.482
8.488
8.491
8.496
8.503
8.504
8.507
8.515
8.519
8.519
8.531
8.533
8.548
8.554
8.562
8.572
8.572
8.575
8.58
8.596
8.598
8.609
8.618
8.622
8.627
8.628
8.636
8.644
8.651
8.651
8.664
8.665
8.675
8.677
8.68
8.685
8.702
8.709
8.713
8.729
8.731
8.731
8.735
8.74
8.74
8.745
8.747
8.751
8.752
8.754
8.771
8.779
8.779
8.785
8.802
8.815
8.82
8.832
8.844
8.845
8.848
8.85
8.857
8.859
8.863
8.875
8.881
8.887
8.891
8.9
8.912
8.914
8.917
8.928
8.932
8.943
8.944
8.947
8.948
8.951
8.953
8.954
8.959
8.963
8.98
8.987
8.989
8.993
9.001
9.002
9.002
9.011
9.013
9.014
9.015
9.023
9.027
9.032
9.035
9.038
9.047
9.048
9.055
9.075
9.088
9.092
9.103
9.124
9.126
9.128
9.129
9.131
9.131
9.132
9.134
9.136
9.138
9.149
9.15
9.154
9.155
9.156
9.161
9.162
9.168
9.169
9.169
9.174
9.186
9.201
9.203
9.204
9.207
9.207
9.217
9.219
9.229
9.234
9.236
9.242
9.247
9.247
9.273
9.28
9.282
9.288
9.289
9.29
9.296
9.297
9.298
9.304
9.315
9.316
9.316
9.316
9.318
9.32
9.32
9.321
9.33
9.333
9.343
9.344
9.348
9.349
9.354
9.358
9.358
9.359
9.361
9.364
9.364
9.365
9.366
9.367
9.368
9.37
9.372
9.373
9.376
9.385
9.389
9.39
9.399
9.406
9.407
9.409
9.41
9.41
9.411
9.429
9.434
9.435
9.443
9.444
9.45
9.457
9.459
9.462
9.474
9.475
9.478
9.486
9.495
9.5
9.511
9.512
9.513
9.516
9.517
9.527
9.529
9.533
9.54
9.546
9.565
9.574
9.583
9.584
9.584
9.592
9.594
9.595
9.597
9.599
9.599
9.599
9.608
9.615
9.619
9.622
9.63
9.634
9.649
9.655
9.657
9.658
9.659
9.661
9.666
9.67
9.671
9.671
9.672
9.676
9.693
9.695
9.699
9.705
9.707
9.711
9.712
9.712
9.713
9.715
9.715
9.716
9.72
9.724
9.725
9.731
9.731
9.733
9.733
9.738
9.74
9.742
9.743
9.748
9.76
9.778
9.78
9.78
9.781
9.786
9.79
9.791
9.795
9.802
9.804
9.807
9.808
9.817
9.827
9.827
9.829
9.829
9.831
9.843
9.847
9.853
9.857
9.86
9.86
9.867
9.868
9.868
9.871
9.882
9.888
9.89
9.894
9.896
9.901
9.901
9.902
9.904
9.906
9.91
9.913
9.918
9.927
9.93
9.948
9.951
9.956
9.958
9.963
9.969
9.976
9.979
9.99
9.994
9.996
9.998
10
10.006
10.008
10.014
10.015
10.018
10.02
10.026
10.028
10.03
10.032
10.035
10.035
10.035
10.04
10.041
10.047
10.052
10.056
10.056
10.057
10.059
10.062
10.075
10.079
10.081
10.085
10.089
10.089
10.089
10.098
10.099
10.099
10.101
10.101
10.11
10.113
10.118
10.12
10.124
10.128
10.143
10.144
10.144
10.145
10.149
10.161
10.167
10.167
10.17
10.185
10.188
10.19
10.195
10.197
10.198
10.198
10.199
10.203
10.203
10.206
10.213
10.219
10.237
10.239
10.246
10.248
10.249
10.253
10.258
10.26
10.266
10.267
10.27
10.273
10.285
10.287
10.288
10.291
10.291
10.293
10.295
10.3
10.302
10.309
10.314
10.314
10.319
10.32
10.323
10.324
10.324
10.337
10.338
10.341
10.342
10.344
10.344
10.347
10.355
10.357
10.357
10.358
10.358
10.364
10.366
10.375
10.377
10.377
10.38
10.385
10.39
10.391
10.391
10.4
10.406
10.411
10.414
10.416
10.418
10.42
10.42
10.432
10.435
10.436
10.439
10.44
10.441
10.443
10.445
10.448
10.45
10.454
10.457
10.457
10.462
10.463
10.467
10.467
10.468
10.469
10.47
10.471
10.473
10.475
10.478
10.482
10.486
10.486
10.488
10.488
10.49
10.494
10.495
10.498
10.504
10.514
10.514
10.523
10.524
10.529
10.535
10.535
10.536
10.537
10.538
10.538
10.54
10.543
10.545
10.547
10.548
10.549
10.549
10.55
10.553
10.566
10.567
10.573
10.575
10.576
10.577
10.58
10.58
10.584
10.586
10.587
10.587
10.59
10.592
10.593
10.596
10.597
10.6
10.602
10.605
10.605
10.611
10.618
10.62
10.623
10.623
10.626
10.634
10.64
10.649
10.655
10.659
10.662
10.665
10.665
10.667
10.669
10.67
10.674
10.681
10.688
10.691
10.692
10.7
10.701
10.702
10.718
10.723
10.723
10.732
10.734
10.734
10.735
10.735
10.738
10.739
10.739
10.74
10.744
10.748
10.762
10.763
10.767
10.771
10.776
10.778
10.782
10.791
10.794
10.795
10.795
10.796
10.8
10.802
10.808
10.81
10.813
10.817
10.826
10.827
10.828
10.836
10.837
10.845
10.851
10.853
10.861
10.862
10.869
10.873
10.882
10.883
10.884
10.889
10.895
10.895
10.901
10.905
10.913
10.914
10.916
10.917
10.93
10.933
10.934
10.939
10.943
10.943
10.952
10.954
10.957
10.958
10.963
10.965
10.968
10.969
10.97
10.971
10.973
10.975
10.976
10.979
10.98
10.988
10.991
10.997
11
11.001
11.003
11.005
11.009
11.009
11.01
11.011
11.014
11.016
11.019
11.022
11.024
11.027
11.03
11.036
11.038
11.038
11.045
11.047
11.05
11.052
11.063
11.064
11.072
11.079
11.084
11.086
11.093
11.097
11.11
11.111
11.116
11.119
11.12
11.125
11.128
11.13
11.132
11.14
11.14
11.144
11.152
11.154
11.155
11.156
11.162
11.162
11.164
11.168
11.171
11.183
11.186
11.187
11.189
11.191
11.191
11.192
11.193
11.197
11.197
11.201
11.206
11.206
11.208
11.209
11.214
11.224
11.225
11.225
11.229
11.237
11.243
11.245
11.245
11.251
11.257
11.258
11.259
11.262
11.262
11.266
11.27
11.273
11.276
11.277
11.282
11.284
11.284
11.286
11.291
11.291
11.291
11.294
11.299
11.301
11.305
11.314
11.325
11.326
11.326
11.33
11.331
11.333
11.349
11.35
11.357
11.358
11.363
11.373
11.381
11.383
11.395
11.4
11.407
11.408
11.409
11.41
11.417
11.418
11.419
11.421
11.425
11.43
11.434
11.44
11.442
11.445
11.447
11.448
11.453
11.454
11.458
11.459
11.481
11.484
11.484
11.498
11.506
11.509
11.514
11.518
11.521
11.523
11.523
11.529
11.53
11.531
11.532
11.546
11.548
11.549
11.551
11.556
11.558
11.561
11.567
11.568
11.569
11.572
11.572
11.578
11.579
11.58
11.58
11.588
11.589
11.591
11.594
11.594
11.6
11.606
11.614
11.618
11.621
11.623
11.623
11.63
11.633
11.641
11.643
11.646
11.646
11.65
11.652
11.652
11.653
11.654
11.659
11.661
11.665
11.667
11.673
11.673
11.675
11.676
11.676
11.68
11.685
11.688
11.693
11.697
11.702
11.716
11.721
11.724
11.735
11.736
11.738
11.741
11.747
11.752
11.753
11.757
11.759
11.766
11.766
11.769
11.771
11.771
11.773
11.774
11.778
11.781
11.782
11.783
11.79
11.795
11.799
11.802
11.803
11.803
11.803
11.807
11.811
11.812
11.816
11.82
11.82
11.822
11.829
11.833
11.837
11.84
11.86
11.862
11.862
11.863
11.863
11.864
11.866
11.867
11.875
11.878
11.879
11.879
11.886
11.888
11.893
11.893
11.897
11.899
11.899
11.906
11.906
11.906
11.907
11.911
11.919
11.922
11.924
11.924
11.935
11.942
11.942
11.943
11.946
11.946
11.949
11.956
11.96
11.962
11.966
11.969
11.973
11.976
11.976
11.977
11.978
11.985
11.986
11.986
11.988
11.992
11.996
12.001
12.01
12.013
12.016
12.02
12.021
12.022
12.022
12.023
12.026
12.037
12.044
12.049
12.049
12.05
12.053
12.067
12.068
12.08
12.082
12.09
12.094
12.102
12.103
12.104
12.105
12.111
12.122
12.128
12.129
12.129
12.131
12.131
12.132
12.139
12.14
12.143
12.144
12.145
12.153
12.154
12.157
12.158
12.158
12.159
12.16
12.167
12.171
12.172
12.176
12.177
12.178
12.183
12.184
12.186
12.186
12.187
12.19
12.19
12.191
12.191
12.204
12.205
12.205
12.206
12.209
12.211
12.215
12.215
12.219
12.225
12.226
12.227
12.227
12.228
12.232
12.233
12.236
12.24
12.241
12.242
12.244
12.244
12.247
12.25
12.259
12.259
12.26
12.262
12.263
12.264
12.265
12.268
12.281
12.288
12.288
12.292
12.294
12.297
12.301
12.301
12.302
12.304
12.307
12.307
12.309
12.31
12.31
12.311
12.323
12.327
12.329
12.332
12.332
12.336
12.337
12.338
12.345
12.347
12.351
12.351
12.352
12.358
12.359
12.36
12.373
12.383
12.384
12.385
12.387
12.387
12.404
12.404
12.406
12.409
12.412
12.413
12.417
12.422
12.422
12.434
12.436
12.442
12.445
12.447
12.448
12.464
12.467
12.467
12.469
12.471
12.471
12.472
12.472
12.473
12.473
12.477
12.478
12.48
12.483
12.487
12.49
12.495
12.5
12.502
12.504
12.506
12.508
12.515
12.516
12.517
12.518
12.521
12.522
12.527
12.528
12.529
12.535
12.535
12.536
12.537
12.54
12.543
12.545
12.545
12.545
12.546
12.549
12.552
12.559
12.559
12.566
12.566
12.566
12.567
12.567
12.589
12.59
12.595
12.597
12.598
12.599
12.602
12.605
12.617
12.623
12.628
12.637
12.637
12.638
12.649
12.65
12.653
12.653
12.656
12.663
12.668
12.669
12.672
12.675
12.678
12.685
12.687
12.688
12.689
12.69
12.695
12.697
12.699
12.705
12.707
12.711
12.711
12.713
12.717
12.718
12.722
12.725
12.726
12.726
12.731
12.734
12.736
12.742
12.744
12.746
12.75
12.754
12.755
12.76
12.76
12.762
12.772
12.777
12.779
12.78
12.787
12.788
12.792
12.792
12.797
12.8
12.802
12.802
12.803
12.805
12.806
12.807
12.809
12.81
12.81
12.812
12.812
12.814
12.817
12.819
12.82
12.82
12.827
12.827
12.83
12.83
12.831
12.837
12.838
12.851
12.854
12.855
12.855
12.868
12.868
12.869
12.878
12.88
12.892
12.893
12.894
12.895
12.899
12.899
12.9
12.906
12.915
12.92
12.921
12.921
12.923
12.925
12.936
12.936
12.938
12.944
12.948
12.95
12.963
12.966
12.976
12.978
12.984
12.987
12.988
12.989
12.991
12.997
12.997
13.004
13.012
13.014
13.014
13.014
13.014
13.014
13.017
13.026
13.029
13.036
13.039
13.045
13.05
13.064
13.067
13.067
13.07
13.074
13.077
13.084
13.093
13.1
13.104
13.108
13.109
13.111
13.112
13.119
13.123
13.139
13.144
13.156
13.16
13.168
13.171
13.177
13.177
13.178
13.186
13.19
13.203
13.206
13.214
13.215
13.218
13.239
13.24
13.241
13.244
13.244
13.246
13.247
13.248
13.249
13.264
13.267
13.272
13.272
13.273
13.274
13.274
13.274
13.276
13.287
13.289
13.29
13.294
13.294
13.311
13.314
13.321
13.33
13.332
13.332
13.333
13.341
13.347
13.352
13.358
13.368
13.375
13.377
13.377
13.379
13.38
13.384
13.386
13.389
13.391
13.394
13.401
13.403
13.405
13.417
13.436
13.441
13.444
13.455
13.476
13.484
13.484
13.491
13.492
13.494
13.495
13.51
13.511
13.512
13.515
13.518
13.527
13.534
13.54
13.548
13.549
13.558
13.563
13.581
13.593
13.607
13.616
13.619
13.624
13.63
13.658
13.658
13.661
13.662
13.663
13.67
13.671
13.671
13.671
13.673
13.681
13.682
13.689
13.693
13.693
13.699
13.708
13.708
13.709
13.716
13.717
13.734
13.751
13.763
13.77
13.776
13.779
13.787
13.792
13.796
13.82
13.823
13.824
13.827
13.835
13.835
13.838
13.84
13.849
13.854
13.856
13.867
13.868
13.886
13.889
13.89
13.903
13.906
13.913
13.917
13.928
13.931
13.937
13.941
13.942
13.947
13.951
13.961
13.967
13.968
13.984
13.988
13.996
13.996
14.015
14.017
14.044
14.046
14.054
14.063
14.064
14.065
14.066
14.072
14.072
14.08
14.081
14.086
14.088
14.091
14.112
14.123
14.127
14.128
14.15
14.151
14.157
14.169
14.177
14.188
14.192
14.199
14.21
14.213
14.225
14.255
14.269
14.276
14.278
14.28
14.293
14.3
14.302
14.305
14.305
14.306
14.324
14.332
14.347
14.349
14.361
14.363
14.381
14.386
14.387
14.39
14.395
14.42
14.425
14.427
14.428
14.442
14.468
14.482
14.485
14.49
14.501
14.506
14.509
14.517
14.519
14.521
14.526
14.529
14.537
14.54
14.549
14.55
14.556
14.556
14.569
14.573
14.579
14.59
14.597
14.602
14.603
14.603
14.605
14.605
14.605
14.606
14.616
14.631
14.634
14.636
14.637
14.642
14.65
14.653
14.654
14.659
14.661
14.662
14.663
14.668
14.67
14.672
14.685
14.691
14.696
14.696
14.697
14.703
14.704
14.73
14.732
14.733
14.734
14.734
14.736
14.746
14.758
14.764
14.766
14.772
14.778
14.788
14.794
14.794
14.803
14.804
14.808
14.813
14.813
14.818
14.823
14.827
14.828
14.829
14.833
14.836
14.844
14.847
14.861
14.869
14.876
14.879
14.88
14.882
14.891
14.902
14.922
14.931
14.936
14.942
14.943
14.948
14.949
14.951
14.953
14.958
14.961
14.965
14.973
14.981
14.983
14.984
14.984
14.997
14.999
15.005
15.008
15.012
15.014
15.029
15.036
15.043
15.049
15.051
15.052
15.06
15.069
15.073
15.079
15.094
15.094
15.096
15.096
15.1
15.102
15.103
15.105
15.11
15.134
15.139
15.147
15.151
15.167
15.167
15.176
15.176
15.178
15.178
15.184
15.186
15.196
15.207
15.21
15.214
15.215
15.217
15.218
15.227
15.23
15.233
15.24
15.248
15.248
15.255
15.259
15.263
15.282
15.283
15.286
15.291
15.293
15.298
15.303
15.31
15.315
15.315
15.318
15.335
15.338
15.339
15.345
15.347
15.357
15.357
15.36
15.36
15.364
15.367
15.37
15.414
15.428
15.434
15.442
15.444
15.444
15.454
15.455
15.462
15.483
15.486
15.489
15.49
15.494
15.503
15.506
15.511
15.511
15.523
15.528
15.533
15.536
15.537
15.549
15.55
15.552
15.558
15.563
15.564
15.57
15.571
15.581
15.583
15.587
15.589
15.59
15.597
15.611
15.623
15.625
15.635
15.662
15.671
15.698
15.701
15.704
15.718
15.723
15.724
15.724
15.744
15.747
15.749
15.756
15.756
15.761
15.763
15.781
15.781
15.783
15.785
15.797
15.801
15.82
15.827
15.833
15.835
15.846
15.849
15.857
15.858
15.86
15.862
15.864
15.865
15.866
15.866
15.87
15.876
15.876
15.88
15.882
15.887
15.892
15.897
15.898
15.905
15.908
15.925
15.928
15.929
15.934
15.935
15.936
15.944
15.954
15.956
15.957
15.963
15.974
15.975
15.992
15.994
15.995
16.009
16.01
16.013
16.02
16.034
16.047
16.052
16.056
16.058
16.065
16.07
16.072
16.08
16.091
16.092
16.092
16.093
16.095
16.097
16.098
16.107
16.107
16.111
16.111
16.119
16.123
16.129
16.131
16.133
16.142
16.149
16.153
16.16
16.162
16.173
16.184
16.195
16.203
16.207
16.21
16.21
16.212
16.212
16.233
16.238
16.26
16.265
16.278
16.291
16.302
16.339
16.342
16.366
16.367
16.375
16.377
16.385
16.397
16.407
16.408
16.425
16.433
16.449
16.45
16.454
16.466
16.474
16.48
16.485
16.487
16.492
16.504
16.511
16.512
16.516
16.522
16.524
16.526
16.529
16.529
16.535
16.559
16.592
16.594
16.599
16.615
16.619
16.622
16.624
16.64
16.648
16.649
16.653
16.66
16.661
16.668
16.669
16.682
16.705
16.707
16.714
16.715
16.715
16.723
16.729
16.735
16.738
16.74
16.745
16.75
16.755
16.758
16.762
16.773
16.777
16.785
16.807
16.822
16.825
16.83
16.831
16.834
16.854
16.857
16.858
16.859
16.861
16.862
16.866
16.869
16.884
16.891
16.912
16.918
16.92
16.926
16.929
16.961
16.965
16.988
16.993
17
17
17.01
17.021
17.029
17.043
17.047
17.048
17.066
17.068
17.071
17.087
17.087
17.097
17.113
17.114
17.116
17.121
17.123
17.129
17.147
17.154
17.19
17.191
17.201
17.202
17.204
17.204
17.221
17.23
17.234
17.238
17.24
17.243
17.251
17.253
17.263
17.263
17.263
17.267
17.272
17.278
17.284
17.287
17.297
17.298
17.319
17.341
17.346
17.355
17.356
17.358
17.358
17.366
17.385
17.389
17.394
17.398
17.405
17.407
17.408
17.431
17.434
17.435
17.447
17.449
17.459
17.459
17.503
17.514
17.516
17.518
17.553
17.571
17.583
17.585
17.589
17.591
17.603
17.647
17.655
17.67
17.68
17.687
17.687
17.712
17.717
17.723
17.742
17.746
17.747
17.759
17.762
17.764
17.766
17.768
17.786
17.795
17.807
17.823
17.827
17.829
17.829
17.831
17.844
17.855
17.868
17.912
17.929
17.943
17.973
17.973
17.981
18.015
18.023
18.032
18.038
18.052
18.081
18.092
18.097
18.119
18.127
18.135
18.151
18.152
18.155
18.156
18.165
18.167
18.171
18.177
18.189
18.206
18.212
18.246
18.257
18.262
18.281
18.305
18.314
18.317
18.322
18.326
18.326
18.361
18.368
18.374
18.378
18.391
18.395
18.399
18.411
18.411
18.425
18.429
18.441
18.458
18.463
18.469
18.478
18.485
18.489
18.522
18.53
18.533
18.549
18.55
18.569
18.57
18.576
18.58
18.591
18.612
18.617
18.622
18.623
18.624
18.629
18.646
18.666
18.667
18.67
18.706
18.706
18.718
18.735
18.737
18.756
18.79
18.813
18.827
18.828
18.835
18.844
18.85
18.881
18.89
18.913
18.924
18.935
18.95
18.958
18.965
18.994
18.995
18.997
19.019
19.028
19.05
19.058
19.085
19.089
19.104
19.124
19.126
19.144
19.148
19.159
19.162
19.163
19.184
19.186
19.198
19.213
19.215
19.239
19.284
19.298
19.325
19.326
19.34
19.348
19.356
19.364
19.372
19.389
19.404
19.418
19.42
19.424
19.432
19.437
19.444
19.455
19.473
19.496
19.523
19.534
19.534
19.598
19.599
19.601
19.603
19.615
19.624
19.636
19.645
19.659
19.681
19.699
19.709
19.716
19.745
19.75
19.763
19.781
19.784
19.79
19.799
19.835
19.836
19.851
19.861
19.863
19.871
19.89
19.906
19.909
19.926
19.937
19.949
19.981
19.984
19.989
19.997
20.028
20.04
20.067
20.083
20.089
20.124
20.184
20.188
20.202
20.205
20.218
20.223
20.233
20.26
20.271
20.275
20.29
20.324
20.399
20.407
20.418
20.43
20.44
20.534
20.553
20.598
20.614
20.617
20.623
20.634
20.658
20.66
20.701
20.704
20.706
20.717
20.736
20.741
20.815
20.849
20.851
20.886
20.965
20.993
21.021
21.087
21.112
21.119
21.124
21.125
21.126
21.193
21.232
21.276
21.289
21.306
21.363
21.383
21.399
21.456
21.527
21.529
21.608
21.608
21.616
21.666
21.736
21.739
21.78
21.795
21.864
21.865
21.868
21.879
21.899
21.994
22.017
22.053
22.07
22.207
22.235
22.271
22.304
22.31
22.327
22.387
22.421
22.427
22.486
22.493
22.496
22.504
22.508
22.512
22.63
22.634
22.669
22.681
22.756
22.768
22.777
22.805
22.838
22.876
22.893
22.896
22.92
22.952
22.956
23.112
23.146
23.257
23.398
23.445
23.514
23.583
23.599
23.616
23.664
23.676
23.704
23.715
23.749
23.78
23.839
23.963
23.994
24.023
24.036
24.076
24.078
24.091
24.215
24.285
24.4
24.42
24.431
24.448
24.454
24.506
24.57
24.935
24.958
25.06
25.098
25.135
25.156
25.218
25.45
25.606
25.71
25.773
25.885
25.963
25.966
26.096
26.218
26.303
26.62
26.951
26.961
27.213
27.239
27.318
27.349
27.79
27.815
28.027
28.441
28.593
28.763
29.772
33.018
34.032
56.021
