0.999
6.73
6.88
6.897
7.024
7.141
7.167
7.221
7.342
7.422
7.439
7.453
7.468
7.549
7.557
7.572
7.588
7.597
7.621
7.665
7.746
7.793
7.798
7.809
7.819
7.823
7.846
7.958
7.984
8.008
8.032
8.057
8.06
8.063
8.077
8.086
8.112
8.119
8.125
8.139
8.146
8.15
8.174
8.197
8.202
8.221
8.223
8.243
8.246
8.273
8.279
8.298
8.323
8.339
8.357
8.358
8.365
8.368
8.372
8.377
8.378
8.387
8.391
8.395
8.396
8.399
8.409
8.416
8.418
8.418
8.424
8.426
8.427
8.436
8.444
8.459
8.474
8.477
8.478
8.486
8.493
8.495
8.503
8.509
8.513
8.524
8.527
8.531
8.536
8.537
8.542
8.545
8.559
8.563
8.569
8.572
8.573
8.578
8.578
8.583
8.602
8.615
8.618
8.628
8.649
8.661
8.667
8.67
8.674
8.676
8.681
8.681
8.682
8.683
8.683
8.69
8.704
8.711
8.719
8.722
8.729
8.742
8.749
8.75
8.754
8.76
8.762
8.767
8.767
8.768
8.773
8.781
8.783
8.794
8.795
8.798
8.799
8.809
8.815
8.821
8.822
8.829
8.829
8.863
8.867
8.878
8.88
8.891
8.898
8.902
8.914
8.943
8.958
8.961
8.978
8.979
8.985
8.989
8.99
9
9.003
9.005
9.012
9.022
9.032
9.038
9.04
9.043
9.045
9.052
9.059
9.068
9.069
9.08
9.08
9.081
9.084
9.095
9.098
9.099
9.101
9.118
9.124
9.13
9.131
9.139
9.139
9.141
9.143
9.144
9.15
9.175
9.184
9.189
9.193
9.204
9.208
9.21
9.215
9.232
9.235
9.241
9.241
9.249
9.249
9.251
9.252
9.261
9.266
9.271
9.273
9.276
9.277
9.283
9.286
9.294
9.3
9.3
9.31
9.32
9.325
9.329
9.332
9.336
9.337
9.359
9.364
9.368
9.368
9.374
9.379
9.382
9.388
9.392
9.402
9.402
9.404
9.406
9.411
9.43
9.439
9.446
9.45
9.453
9.453
9.465
9.465
9.477
9.478
9.481
9.494
9.498
9.503
9.507
9.517
9.529
9.535
9.537
9.537
9.537
9.537
9.542
9.542
9.548
9.557
9.561
9.561
9.568
9.577
9.578
9.594
9.595
9.595
9.607
9.612
9.613
9.62
9.621
9.624
9.628
9.628
9.628
9.631
9.635
9.637
9.64
9.648
9.65
9.652
9.656
9.659
9.663
9.664
9.665
9.665
9.682
9.682
9.685
9.689
9.692
9.696
9.698
9.701
9.711
9.714
9.714
9.723
9.728
9.729
9.729
9.73
9.735
9.753
9.753
9.757
9.76
9.76
9.767
9.773
9.774
9.777
9.778
9.785
9.785
9.79
9.792
9.8
9.804
9.812
9.816
9.819
9.825
9.83
9.83
9.837
9.841
9.842
9.842
9.847
9.848
9.851
9.851
9.854
9.859
9.86
9.863
9.866
9.867
9.867
9.875
9.878
9.88
9.884
9.887
9.887
9.888
9.892
9.894
9.894
9.897
9.9
9.902
9.904
9.904
9.911
9.911
9.915
9.917
9.919
9.919
9.923
9.926
9.926
9.927
9.93
9.932
9.943
9.945
9.946
9.948
9.959
9.96
9.961
9.964
9.965
9.971
9.973
9.979
9.982
9.994
9.994
10.002
10.005
10.013
10.014
10.016
10.024
10.034
10.035
10.04
10.041
10.044
10.051
10.052
10.055
10.057
10.057
10.075
10.078
10.086
10.107
10.112
10.113
10.119
10.13
10.131
10.132
10.138
10.141
10.142
10.147
10.151
10.152
10.154
10.155
10.157
10.16
10.163
10.164
10.166
10.168
10.172
10.173
10.176
10.177
10.18
10.181
10.181
10.183
10.186
10.2
10.201
10.202
10.203
10.213
10.214
10.217
10.218
10.219
10.221
10.224
10.228
10.234
10.235
10.236
10.238
10.24
10.242
10.242
10.242
10.244
10.245
10.245
10.246
10.248
10.261
10.273
10.278
10.278
10.282
10.283
10.288
10.293
10.302
10.304
10.305
10.305
10.308
10.31
10.33
10.331
10.336
10.339
10.344
10.35
10.351
10.356
10.357
10.358
10.362
10.366
10.376
10.379
10.38
10.383
10.386
10.392
10.395
10.397
10.401
10.402
10.407
10.41
10.41
10.414
10.419
10.424
10.426
10.427
10.428
10.428
10.428
10.435
10.436
10.437
10.439
10.443
10.444
10.444
10.446
10.448
10.448
10.458
10.464
10.467
10.467
10.474
10.477
10.478
10.483
10.486
10.492
10.502
10.509
10.51
10.511
10.513
10.52
10.521
10.528
10.529
10.532
10.538
10.542
10.546
10.548
10.553
10.556
10.567
10.572
10.575
10.576
10.577
10.583
10.584
10.585
10.585
10.591
10.597
10.6
10.604
10.608
10.612
10.617
10.62
10.621
10.624
10.625
10.628
10.628
10.632
10.64
10.647
10.648
10.653
10.656
10.66
10.661
10.667
10.673
10.676
10.683
10.691
10.697
10.699
10.701
10.705
10.708
10.715
10.724
10.725
10.728
10.729
10.732
10.735
10.743
10.747
10.752
10.759
10.761
10.774
10.778
10.785
10.787
10.787
10.788
10.791
10.793
10.797
10.798
10.808
10.815
10.816
10.816
10.819
10.819
10.825
10.834
10.835
10.836
10.844
10.845
10.849
10.855
10.856
10.863
10.87
10.872
10.876
10.877
10.886
10.887
10.895
10.901
10.901
10.906
10.909
10.912
10.912
10.913
10.914
10.914
10.915
10.918
10.919
10.924
10.927
10.93
10.933
10.934
10.934
10.935
10.937
10.937
10.937
10.939
10.94
10.947
10.954
10.956
10.956
10.957
10.96
10.963
10.963
10.965
10.969
10.97
10.972
10.973
10.977
10.983
10.984
10.986
10.988
10.995
10.997
10.998
11.001
11.002
11.009
11.009
11.01
11.019
11.024
11.027
11.028
11.03
11.033
11.033
11.041
11.042
11.043
11.043
11.048
11.05
11.06
11.062
11.063
11.067
11.075
11.079
11.089
11.09
11.095
11.097
11.098
11.105
11.105
11.105
11.11
11.117
11.121
11.121
11.123
11.127
11.129
11.13
11.131
11.139
11.14
11.142
11.143
11.144
11.145
11.149
11.152
11.154
11.155
11.159
11.164
11.168
11.168
11.173
11.181
11.194
11.195
11.196
11.198
11.206
11.209
11.21
11.211
11.217
11.226
11.228
11.229
11.245
11.246
11.246
11.25
11.252
11.253
11.256
11.263
11.268
11.272
11.279
11.284
11.285
11.288
11.291
11.296
11.298
11.298
11.3
11.302
11.303
11.305
11.306
11.309
11.31
11.316
11.32
11.32
11.321
11.321
11.33
11.337
11.342
11.344
11.352
11.352
11.353
11.355
11.355
11.359
11.361
11.373
11.376
11.377
11.378
11.381
11.392
11.399
11.404
11.41
11.411
11.412
11.414
11.416
11.416
11.416
11.417
11.425
11.426
11.432
11.432
11.434
11.437
11.439
11.444
11.445
11.463
11.464
11.466
11.467
11.468
11.468
11.468
11.469
11.471
11.476
11.476
11.477
11.478
11.479
11.48
11.481
11.487
11.489
11.495
11.496
11.498
11.501
11.501
11.508
11.508
11.51
11.512
11.518
11.52
11.526
11.527
11.53
11.537
11.538
11.539
11.539
11.539
11.548
11.55
11.55
11.55
11.553
11.555
11.563
11.563
11.566
11.567
11.57
11.577
11.587
11.59
11.591
11.602
11.605
11.607
11.607
11.607
11.609
11.611
11.614
11.615
11.617
11.62
11.623
11.624
11.628
11.631
11.633
11.648
11.653
11.656
11.656
11.657
11.661
11.662
11.669
11.693
11.699
11.702
11.708
11.716
11.722
11.729
11.735
11.736
11.74
11.751
11.754
11.762
11.764
11.77
11.772
11.776
11.777
11.78
11.78
11.782
11.785
11.786
11.788
11.793
11.796
11.797
11.801
11.803
11.81
11.823
11.828
11.829
11.834
11.836
11.845
11.845
11.846
11.852
11.859
11.86
11.867
11.871
11.875
11.877
11.879
11.891
11.893
11.895
11.899
11.903
11.905
11.91
11.911
11.915
11.921
11.929
11.929
11.931
11.933
11.933
11.937
11.938
11.939
11.941
11.943
11.945
11.945
11.951
11.952
11.954
11.955
11.956
11.959
11.963
11.966
11.968
11.972
11.972
11.974
11.98
11.982
11.983
11.987
11.989
11.993
11.996
11.998
12
12
12.002
12.021
12.022
12.022
12.028
12.03
12.032
12.037
12.041
12.047
12.05
12.052
12.053
12.054
12.056
12.056
12.057
12.059
12.069
12.07
12.07
12.074
12.075
12.089
12.089
12.096
12.096
12.103
12.103
12.105
12.11
12.12
12.121
12.128
12.14
12.144
12.144
12.145
12.148
12.154
12.155
12.163
12.163
12.168
12.168
12.169
12.171
12.171
12.175
12.177
12.18
12.18
12.182
12.183
12.193
12.197
12.199
12.204
12.205
12.214
12.216
12.222
12.223
12.233
12.243
12.247
12.247
12.247
12.248
12.25
12.251
12.253
12.256
12.257
12.26
12.26
12.261
12.263
12.268
12.269
12.271
12.273
12.274
12.28
12.281
12.284
12.286
12.287
12.292
12.296
12.298
12.301
12.308
12.31
12.311
12.311
12.312
12.32
12.322
12.323
12.325
12.334
12.337
12.338
12.339
12.34
12.341
12.341
12.343
12.345
12.346
12.346
12.35
12.353
12.355
12.356
12.367
12.369
12.373
12.373
12.379
12.399
12.399
12.406
12.41
12.413
12.416
12.423
12.428
12.429
12.436
12.441
12.441
12.441
12.442
12.442
12.45
12.466
12.467
12.472
12.475
12.48
12.482
12.483
12.485
12.486
12.488
12.498
12.51
12.512
12.521
12.525
12.533
12.534
12.534
12.539
12.54
12.545
12.55
12.553
12.554
12.555
12.558
12.563
12.564
12.569
12.57
12.576
12.577
12.578
12.582
12.592
12.593
12.596
12.603
12.606
12.606
12.607
12.611
12.612
12.615
12.617
12.625
12.63
12.636
12.64
12.642
12.643
12.643
12.644
12.646
12.647
12.65
12.652
12.658
12.659
12.664
12.668
12.669
12.671
12.674
12.685
12.686
12.689
12.692
12.692
12.695
12.695
12.697
12.703
12.708
12.709
12.711
12.715
12.719
12.721
12.723
12.724
12.725
12.731
12.732
12.732
12.741
12.744
12.746
12.746
12.749
12.749
12.751
12.755
12.758
12.761
12.762
12.763
12.766
12.766
12.774
12.775
12.779
12.781
12.781
12.782
12.784
12.786
12.79
12.79
12.791
12.792
12.797
12.799
12.802
12.803
12.813
12.816
12.822
12.823
12.837
12.839
12.841
12.842
12.848
12.851
12.853
12.853
12.855
12.856
12.859
12.859
12.861
12.872
12.874
12.874
12.883
12.884
12.886
12.888
12.889
12.899
12.901
12.908
12.909
12.916
12.917
12.919
12.919
12.919
12.919
12.928
12.932
12.933
12.936
12.938
12.938
12.94
12.941
12.942
12.947
12.95
12.954
12.958
12.96
12.966
12.968
12.972
12.973
12.974
12.975
12.981
12.985
12.987
12.988
12.994
12.995
12.997
13.003
13.003
13.011
13.015
13.022
13.026
13.028
13.031
13.036
13.042
13.045
13.046
13.048
13.05
13.054
13.056
13.065
13.066
13.082
13.082
13.083
13.084
13.087
13.091
13.091
13.096
13.097
13.116
13.116
13.119
13.126
13.137
13.138
13.156
13.158
13.17
13.17
13.171
13.172
13.172
13.175
13.176
13.186
13.189
13.189
13.195
13.201
13.202
13.205
13.206
13.211
13.215
13.217
13.23
13.236
13.237
13.239
13.244
13.246
13.254
13.259
13.264
13.271
13.283
13.29
13.291
13.296
13.297
13.317
13.32
13.322
13.325
13.327
13.327
13.327
13.333
13.336
13.344
13.344
13.35
13.357
13.367
13.371
13.38
13.389
13.39
13.413
13.414
13.419
13.426
13.437
13.441
13.443
13.446
13.453
13.454
13.457
13.463
13.463
13.464
13.465
13.469
13.491
13.492
13.495
13.502
13.504
13.508
13.518
13.523
13.525
13.532
13.533
13.538
13.544
13.548
13.549
13.549
13.552
13.556
13.557
13.56
13.56
13.563
13.573
13.579
13.585
13.588
13.598
13.607
13.613
13.617
13.624
13.635
13.638
13.643
13.647
13.649
13.655
13.669
13.675
13.678
13.68
13.685
13.689
13.694
13.696
13.698
13.699
13.704
13.707
13.714
13.714
13.719
13.719
13.722
13.736
13.748
13.752
13.757
13.757
13.76
13.768
13.778
13.796
13.806
13.808
13.809
13.814
13.826
13.83
13.839
13.853
13.856
13.861
13.866
13.868
13.876
13.897
13.898
13.905
13.918
13.93
13.932
13.934
13.936
13.947
13.951
13.959
13.963
13.97
13.974
13.979
13.994
13.997
13.999
14.003
14.005
14.016
14.019
14.021
14.038
14.045
14.045
14.051
14.051
14.059
14.067
14.067
14.067
14.076
14.076
14.079
14.082
14.083
14.088
14.094
14.1
14.107
14.108
14.108
14.116
14.119
14.121
14.13
14.135
14.138
14.144
14.146
14.163
14.168
14.176
14.185
14.186
14.191
14.196
14.206
14.208
14.217
14.217
14.221
14.223
14.226
14.229
14.232
14.235
14.24
14.242
14.247
14.26
14.267
14.267
14.278
14.289
14.294
14.297
14.298
14.308
14.318
14.322
14.333
14.335
14.34
14.348
14.348
14.35
14.356
14.36
14.371
14.384
14.387
14.393
14.4
14.406
14.41
14.414
14.421
14.439
14.459
14.467
14.49
14.496
14.497
14.499
14.506
14.509
14.509
14.521
14.524
14.524
14.526
14.531
14.531
14.533
14.538
14.54
14.543
14.552
14.563
14.564
14.565
14.571
14.572
14.583
14.587
14.59
14.592
14.597
14.604
14.616
14.621
14.625
14.626
14.628
14.635
14.657
14.657
14.662
14.668
14.668
14.673
14.673
14.675
14.678
14.678
14.679
14.679
14.68
14.683
14.696
14.698
14.699
14.702
14.71
14.719
14.721
14.723
14.725
14.73
14.732
14.738
14.743
14.753
14.756
14.76
14.771
14.778
14.784
14.79
14.797
14.811
14.812
14.824
14.825
14.826
14.827
14.835
14.84
14.841
14.845
14.847
14.85
14.851
14.859
14.86
14.864
14.872
14.873
14.877
14.883
14.892
14.894
14.899
14.908
14.912
14.919
14.92
14.922
14.927
14.929
14.931
14.932
14.932
14.936
14.937
14.945
14.96
14.966
14.972
14.975
14.976
14.977
14.979
15.005
15.011
15.019
15.02
15.027
15.031
15.034
15.041
15.042
15.044
15.05
15.051
15.051
15.058
15.061
15.086
15.093
15.094
15.096
15.105
15.11
15.112
15.12
15.122
15.124
15.124
15.124
15.13
15.134
15.135
15.139
15.141
15.145
15.152
15.152
15.17
15.17
15.172
15.174
15.175
15.176
15.183
15.19
15.194
15.206
15.225
15.226
15.229
15.233
15.241
15.241
15.244
15.247
15.25
15.251
15.252
15.263
15.273
15.274
15.275
15.278
15.28
15.281
15.283
15.285
15.291
15.302
15.303
15.306
15.312
15.316
15.332
15.337
15.35
15.351
15.359
15.366
15.37
15.381
15.385
15.388
15.39
15.391
15.401
15.408
15.416
15.418
15.43
15.435
15.436
15.441
15.445
15.466
15.467
15.482
15.484
15.486
15.486
15.494
15.501
15.503
15.504
15.512
15.521
15.521
15.528
15.532
15.539
15.543
15.553
15.555
15.558
15.567
15.572
15.574
15.576
15.576
15.577
15.592
15.6
15.622
15.623
15.633
15.64
15.645
15.645
15.645
15.654
15.666
15.668
15.674
15.679
15.686
15.688
15.692
15.695
15.7
15.702
15.718
15.74
15.743
15.745
15.754
15.755
15.766
15.766
15.77
15.77
15.778
15.781
15.795
15.796
15.802
15.805
15.805
15.819
15.821
15.834
15.841
15.844
15.849
15.861
15.863
15.866
15.868
15.874
15.879
15.892
15.892
15.894
15.896
15.905
15.906
15.924
15.929
15.934
15.957
15.961
15.962
15.968
15.979
15.989
15.989
16
16.003
16.004
16.006
16.008
16.008
16.017
16.018
16.021
16.029
16.03
16.034
16.042
16.045
16.055
16.061
16.067
16.074
16.076
16.08
16.089
16.093
16.093
16.093
16.109
16.111
16.117
16.118
16.118
16.128
16.132
16.137
16.139
16.14
16.15
16.157
16.16
16.165
16.178
16.184
16.19
16.22
16.221
16.23
16.232
16.237
16.238
16.239
16.241
16.243
16.246
16.257
16.259
16.269
16.272
16.275
16.278
16.28
16.298
16.299
16.3
16.303
16.309
16.325
16.332
16.333
16.335
16.335
16.337
16.337
16.343
16.345
16.347
16.351
16.354
16.359
16.369
16.372
16.379
16.388
16.398
16.409
16.435
16.437
16.438
16.441
16.448
16.45
16.454
16.46
16.468
16.476
16.484
16.488
16.493
16.496
16.501
16.509
16.517
16.518
16.522
16.528
16.538
16.549
16.554
16.556
16.561
16.566
16.574
16.576
16.58
16.593
16.604
16.618
16.62
16.633
16.635
16.636
16.648
16.648
16.651
16.656
16.661
16.664
16.671
16.677
16.684
16.695
16.708
16.711
16.711
16.72
16.737
16.74
16.742
16.762
16.777
16.781
16.802
16.809
16.816
16.819
16.831
16.849
16.862
16.865
16.871
16.871
16.877
16.88
16.895
16.901
16.902
16.904
16.905
16.912
16.932
16.932
16.935
16.936
16.943
16.955
16.959
16.965
16.987
16.988
16.988
16.993
17.01
17.01
17.02
17.02
17.024
17.039
17.04
17.04
17.052
17.056
17.06
17.061
17.062
17.079
17.091
17.095
17.097
17.099
17.112
17.117
17.13
17.136
17.142
17.146
17.155
17.164
17.17
17.182
17.182
17.19
17.19
17.192
17.209
17.23
17.238
17.252
17.255
17.256
17.257
17.278
17.286
17.292
17.307
17.313
17.317
17.322
17.338
17.364
17.369
17.374
17.379
17.382
17.396
17.401
17.403
17.405
17.427
17.452
17.459
17.471
17.472
17.48
17.483
17.485
17.49
17.495
17.499
17.502
17.528
17.535
17.537
17.539
17.541
17.547
17.547
17.551
17.553
17.561
17.565
17.575
17.579
17.584
17.589
17.618
17.623
17.625
17.63
17.633
17.635
17.639
17.645
17.667
17.668
17.672
17.673
17.679
17.684
17.691
17.693
17.71
17.715
17.727
17.728
17.732
17.773
17.774
17.777
17.788
17.792
17.795
17.8
17.803
17.816
17.819
17.826
17.827
17.84
17.85
17.858
17.885
17.89
17.891
17.893
17.893
17.94
17.946
17.955
17.965
17.971
17.978
17.983
17.986
17.989
17.992
18.002
18.005
18.01
18.011
18.026
18.032
18.032
18.039
18.049
18.06
18.072
18.084
18.085
18.085
18.11
18.118
18.139
18.145
18.151
18.164
18.186
18.21
18.222
18.223
18.227
18.247
18.248
18.248
18.256
18.274
18.28
18.297
18.31
18.323
18.338
18.388
18.397
18.412
18.422
18.439
18.458
18.462
18.472
18.495
18.549
18.553
18.56
18.567
18.569
18.595
18.61
18.614
18.624
18.635
18.64
18.642
18.662
18.665
18.67
18.694
18.695
18.698
18.71
18.739
18.742
18.767
18.775
18.777
18.784
18.837
18.843
18.844
18.856
18.86
18.862
18.887
18.907
18.933
18.972
18.98
18.995
19.037
19.049
19.052
19.075
19.076
19.126
19.154
19.192
19.246
19.25
19.272
19.283
19.295
19.298
19.301
19.31
19.343
19.344
19.356
19.367
19.411
19.418
19.43
19.447
19.472
19.474
19.5
19.521
19.567
19.59
19.616
19.65
19.658
19.66
19.661
19.675
19.689
19.692
19.692
19.704
19.726
19.731
19.812
19.828
19.841
19.842
19.848
19.851
19.864
19.893
19.893
19.971
19.993
19.996
20.003
20.008
20.019
20.035
20.054
20.08
20.094
20.146
20.16
20.177
20.185
20.19
20.196
20.213
20.214
20.242
20.262
20.264
20.275
20.336
20.37
20.382
20.398
20.411
20.436
20.45
20.487
20.491
20.491
20.518
20.551
20.596
20.602
20.614
20.635
20.64
20.641
20.665
20.669
20.675
20.735
20.78
20.783
20.806
20.825
20.841
20.854
20.866
20.901
20.923
20.942
20.943
20.992
21.003
21.071
21.109
21.127
21.164
21.167
21.251
21.26
21.289
21.29
21.296
21.302
21.304
21.339
21.368
21.409
21.447
21.487
21.488
21.501
21.505
21.525
21.574
21.592
21.656
21.657
21.675
21.686
21.691
21.702
21.785
21.811
21.831
21.847
21.869
21.904
21.913
21.914
21.922
21.938
21.952
21.952
21.973
21.997
22.057
22.101
22.153
22.209
22.238
22.244
22.297
22.328
22.372
22.374
22.395
22.463
22.485
22.545
22.585
22.65
22.681
22.683
22.697
22.709
22.749
22.76
22.765
22.89
22.898
22.907
22.912
23.014
23.023
23.089
23.104
23.123
23.268
23.269
23.34
23.439
23.452
23.452
23.531
23.532
23.61
23.622
23.642
23.793
23.799
23.799
23.804
23.87
23.981
24.172
24.22
24.407
24.442
24.472
24.525
24.619
24.704
24.736
24.738
24.888
24.933
25.023
25.104
25.243
25.552
25.611
25.646
26.009
26.227
26.37
26.372
26.48
26.554
26.734
26.773
26.969
27.5
27.715
27.732
28.081
29.341
29.947
30.098
30.333
33.365
