0.993
6.591
6.615
6.748
6.813
6.852
6.88
6.938
6.971
7
7.022
7.055
7.062
7.099
7.135
7.167
7.18
7.212
7.237
7.243
7.245
7.251
7.255
7.268
7.398
7.434
7.452
7.475
7.555
7.581
7.586
7.599
7.659
7.686
7.69
7.691
7.707
7.765
7.809
7.837
7.84
7.841
7.884
7.902
7.919
7.926
7.95
7.955
7.959
7.979
7.987
7.991
7.992
8.035
8.045
8.089
8.098
8.118
8.121
8.123
8.125
8.171
8.193
8.198
8.23
8.231
8.235
8.251
8.254
8.268
8.285
8.296
8.297
8.303
8.305
8.314
8.316
8.324
8.329
8.374
8.375
8.38
8.395
8.403
8.418
8.437
8.451
8.454
8.457
8.481
8.483
8.483
8.487
8.49
8.497
8.499
8.51
8.519
8.545
8.546
8.561
8.58
8.585
8.589
8.598
8.606
8.614
8.619
8.622
8.626
8.634
8.635
8.65
8.656
8.662
8.671
8.686
8.695
8.701
8.704
8.712
8.714
8.715
8.724
8.74
8.748
8.75
8.769
8.775
8.781
8.788
8.793
8.812
8.814
8.824
8.829
8.833
8.841
8.85
8.858
8.861
8.866
8.871
8.876
8.878
8.911
8.919
8.937
8.937
8.939
8.94
8.958
8.961
8.963
8.964
8.97
8.983
8.983
8.984
9.014
9.016
9.021
9.029
9.029
9.034
9.047
9.05
9.057
9.058
9.059
9.072
9.075
9.084
9.092
9.094
9.099
9.109
9.115
9.119
9.121
9.123
9.125
9.13
9.135
9.143
9.146
9.153
9.154
9.157
9.161
9.173
9.175
9.182
9.183
9.19
9.19
9.19
9.195
9.196
9.196
9.197
9.203
9.209
9.215
9.218
9.221
9.221
9.231
9.257
9.26
9.263
9.266
9.267
9.274
9.276
9.278
9.281
9.289
9.292
9.303
9.303
9.311
9.315
9.328
9.331
9.332
9.332
9.336
9.337
9.345
9.353
9.354
9.359
9.361
9.365
9.367
9.372
9.378
9.382
9.382
9.392
9.397
9.402
9.403
9.406
9.428
9.434
9.435
9.439
9.445
9.449
9.451
9.451
9.459
9.462
9.465
9.477
9.48
9.482
9.485
9.492
9.492
9.497
9.507
9.51
9.513
9.516
9.523
9.533
9.54
9.542
9.545
9.549
9.552
9.554
9.555
9.557
9.562
9.569
9.571
9.571
9.572
9.577
9.578
9.579
9.593
9.612
9.616
9.617
9.632
9.634
9.635
9.653
9.656
9.656
9.659
9.662
9.669
9.675
9.677
9.677
9.684
9.685
9.686
9.687
9.69
9.691
9.691
9.696
9.696
9.698
9.706
9.709
9.71
9.711
9.714
9.72
9.73
9.731
9.736
9.737
9.737
9.749
9.755
9.755
9.768
9.786
9.789
9.791
9.794
9.795
9.795
9.801
9.809
9.809
9.816
9.817
9.819
9.825
9.827
9.831
9.832
9.833
9.835
9.835
9.839
9.841
9.842
9.847
9.849
9.85
9.86
9.863
9.863
9.871
9.873
9.876
9.878
9.885
9.887
9.889
9.89
9.895
9.896
9.899
9.905
9.911
9.911
9.913
9.92
9.921
9.921
9.929
9.93
9.934
9.936
9.941
9.942
9.943
9.948
9.949
9.957
9.958
9.962
9.963
9.97
9.971
9.972
9.973
9.975
9.979
9.979
9.988
9.991
9.992
9.992
9.992
9.992
9.993
9.994
9.995
9.997
10.004
10.005
10.007
10.016
10.019
10.02
10.027
10.028
10.029
10.03
10.03
10.034
10.038
10.04
10.044
10.048
10.049
10.05
10.051
10.052
10.054
10.058
10.061
10.064
10.065
10.065
10.073
10.073
10.082
10.096
10.096
10.096
10.104
10.108
10.116
10.121
10.125
10.129
10.136
10.136
10.136
10.148
10.15
10.15
10.151
10.158
10.163
10.174
10.175
10.177
10.177
10.181
10.182
10.186
10.188
10.202
10.202
10.214
10.228
10.23
10.232
10.234
10.237
10.242
10.242
10.245
10.245
10.245
10.25
10.261
10.262
10.265
10.272
10.275
10.275
10.276
10.285
10.286
10.294
10.296
10.298
10.3
10.305
10.306
10.306
10.317
10.317
10.317
10.318
10.32
10.323
10.324
10.327
10.327
10.336
10.336
10.34
10.342
10.343
10.347
10.35
10.354
10.373
10.375
10.376
10.379
10.387
10.387
10.392
10.401
10.402
10.402
10.404
10.405
10.411
10.412
10.412
10.412
10.412
10.415
10.418
10.419
10.421
10.424
10.425
10.427
10.429
10.429
10.437
10.442
10.445
10.446
10.447
10.449
10.454
10.455
10.463
10.464
10.466
10.467
10.471
10.472
10.484
10.484
10.485
10.49
10.49
10.49
10.495
10.495
10.498
10.498
10.502
10.507
10.51
10.513
10.515
10.519
10.52
10.528
10.531
10.536
10.536
10.536
10.538
10.542
10.546
10.547
10.549
10.55
10.55
10.553
10.555
10.555
10.556
10.557
10.56
10.561
10.571
10.573
10.578
10.583
10.59
10.592
10.594
10.594
10.596
10.597
10.597
10.598
10.599
10.599
10.602
10.611
10.611
10.615
10.616
10.621
10.631
10.632
10.636
10.652
10.657
10.669
10.676
10.68
10.68
10.692
10.697
10.699
10.702
10.704
10.705
10.713
10.717
10.718
10.725
10.728
10.74
10.743
10.744
10.754
10.754
10.757
10.758
10.758
10.76
10.762
10.766
10.766
10.769
10.77
10.774
10.775
10.776
10.779
10.78
10.782
10.788
10.793
10.794
10.797
10.797
10.801
10.802
10.804
10.805
10.824
10.829
10.829
10.83
10.835
10.837
10.837
10.838
10.838
10.839
10.847
10.849
10.857
10.859
10.859
10.862
10.862
10.866
10.867
10.87
10.874
10.876
10.878
10.88
10.885
10.888
10.892
10.892
10.894
10.894
10.899
10.903
10.906
10.908
10.909
10.915
10.917
10.921
10.926
10.929
10.93
10.931
10.938
10.943
10.947
10.951
10.968
10.97
10.97
10.972
10.973
10.974
10.978
10.98
10.984
10.988
10.99
10.993
10.993
10.994
10.999
10.999
10.999
11.007
11.01
11.013
11.016
11.017
11.018
11.022
11.023
11.024
11.029
11.03
11.037
11.052
11.052
11.059
11.073
11.074
11.076
11.083
11.086
11.092
11.094
11.096
11.096
11.101
11.103
11.103
11.109
11.114
11.115
11.116
11.119
11.127
11.132
11.133
11.139
11.142
11.143
11.145
11.151
11.158
11.158
11.159
11.161
11.162
11.164
11.164
11.165
11.166
11.166
11.171
11.177
11.177
11.179
11.18
11.182
11.183
11.188
11.192
11.194
11.195
11.197
11.2
11.201
11.202
11.206
11.209
11.218
11.222
11.226
11.228
11.236
11.236
11.245
11.248
11.252
11.255
11.262
11.262
11.263
11.266
11.269
11.273
11.274
11.274
11.281
11.282
11.282
11.286
11.289
11.298
11.306
11.307
11.317
11.32
11.325
11.327
11.329
11.332
11.332
11.339
11.34
11.34
11.344
11.349
11.353
11.37
11.37
11.372
11.374
11.375
11.377
11.378
11.379
11.381
11.381
11.384
11.394
11.402
11.403
11.404
11.404
11.407
11.408
11.416
11.416
11.421
11.421
11.421
11.426
11.427
11.427
11.433
11.437
11.439
11.454
11.458
11.459
11.459
11.462
11.464
11.465
11.466
11.467
11.47
11.47
11.474
11.484
11.492
11.498
11.5
11.5
11.502
11.524
11.527
11.528
11.535
11.535
11.542
11.542
11.553
11.56
11.56
11.565
11.567
11.573
11.575
11.582
11.582
11.586
11.59
11.592
11.597
11.598
11.599
11.603
11.603
11.604
11.605
11.606
11.608
11.609
11.612
11.62
11.622
11.627
11.629
11.631
11.632
11.633
11.634
11.64
11.641
11.643
11.644
11.649
11.649
11.651
11.656
11.658
11.663
11.666
11.668
11.671
11.678
11.679
11.682
11.685
11.687
11.688
11.694
11.695
11.698
11.7
11.703
11.704
11.711
11.714
11.717
11.72
11.722
11.726
11.733
11.736
11.743
11.752
11.763
11.765
11.765
11.769
11.779
11.782
11.789
11.794
11.795
11.8
11.802
11.804
11.805
11.813
11.814
11.816
11.819
11.819
11.82
11.821
11.822
11.823
11.824
11.824
11.827
11.833
11.836
11.838
11.839
11.85
11.854
11.859
11.863
11.865
11.87
11.888
11.888
11.891
11.891
11.895
11.896
11.901
11.901
11.904
11.906
11.907
11.91
11.91
11.911
11.912
11.914
11.914
11.918
11.924
11.925
11.927
11.931
11.932
11.936
11.937
11.94
11.957
11.959
11.96
11.962
11.965
11.967
11.968
11.969
11.971
11.975
11.98
11.98
11.981
11.983
11.986
11.989
11.991
11.992
11.993
11.993
11.997
11.997
12
12.005
12.007
12.008
12.015
12.016
12.018
12.024
12.025
12.027
12.027
12.039
12.041
12.044
12.047
12.049
12.051
12.06
12.062
12.063
12.066
12.07
12.072
12.074
12.075
12.076
12.079
12.085
12.086
12.091
12.091
12.095
12.1
12.102
12.106
12.109
12.11
12.112
12.113
12.113
12.116
12.118
12.122
12.123
12.13
12.132
12.147
12.15
12.153
12.162
12.164
12.173
12.174
12.183
12.188
12.192
12.193
12.194
12.197
12.2
12.201
12.207
12.216
12.218
12.22
12.223
12.228
12.228
12.229
12.23
12.233
12.237
12.24
12.243
12.243
12.244
12.244
12.245
12.248
12.25
12.252
12.255
12.256
12.257
12.257
12.267
12.275
12.278
12.281
12.281
12.282
12.284
12.286
12.289
12.29
12.295
12.301
12.305
12.312
12.316
12.321
12.327
12.328
12.328
12.329
12.332
12.332
12.342
12.347
12.349
12.349
12.351
12.352
12.353
12.356
12.356
12.363
12.365
12.365
12.37
12.378
12.382
12.385
12.386
12.388
12.395
12.395
12.399
12.403
12.406
12.413
12.416
12.417
12.42
12.428
12.432
12.434
12.434
12.438
12.439
12.439
12.446
12.447
12.452
12.453
12.457
12.464
12.473
12.476
12.478
12.481
12.482
12.484
12.485
12.487
12.493
12.493
12.493
12.495
12.496
12.498
12.506
12.51
12.51
12.51
12.511
12.512
12.514
12.514
12.52
12.527
12.528
12.53
12.533
12.534
12.546
12.548
12.549
12.551
12.555
12.558
12.559
12.56
12.56
12.562
12.563
12.566
12.569
12.57
12.57
12.571
12.573
12.575
12.578
12.586
12.586
12.588
12.59
12.591
12.597
12.608
12.613
12.619
12.62
12.625
12.627
12.631
12.637
12.647
12.649
12.654
12.656
12.662
12.666
12.667
12.671
12.671
12.672
12.674
12.676
12.68
12.681
12.681
12.689
12.692
12.694
12.697
12.698
12.699
12.702
12.703
12.703
12.707
12.709
12.713
12.715
12.715
12.717
12.719
12.72
12.72
12.722
12.724
12.732
12.734
12.735
12.738
12.74
12.74
12.74
12.742
12.744
12.746
12.75
12.751
12.752
12.752
12.753
12.758
12.762
12.765
12.768
12.771
12.781
12.783
12.785
12.793
12.795
12.795
12.801
12.807
12.811
12.812
12.814
12.82
12.823
12.825
12.826
12.827
12.831
12.834
12.838
12.843
12.844
12.852
12.857
12.858
12.859
12.859
12.864
12.866
12.868
12.87
12.876
12.881
12.882
12.885
12.889
12.89
12.891
12.894
12.894
12.901
12.906
12.918
12.929
12.931
12.933
12.94
12.943
12.95
12.951
12.953
12.965
12.977
12.978
12.99
12.991
12.992
12.998
13.001
13.012
13.013
13.015
13.025
13.029
13.029
13.031
13.033
13.046
13.049
13.053
13.053
13.056
13.058
13.062
13.063
13.068
13.07
13.074
13.075
13.077
13.093
13.098
13.101
13.104
13.11
13.111
13.127
13.127
13.131
13.132
13.141
13.153
13.166
13.177
13.189
13.19
13.193
13.195
13.197
13.198
13.214
13.219
13.225
13.226
13.23
13.233
13.234
13.235
13.237
13.241
13.242
13.248
13.249
13.25
13.253
13.258
13.268
13.268
13.269
13.269
13.274
13.287
13.288
13.291
13.295
13.296
13.296
13.301
13.303
13.303
13.304
13.306
13.315
13.325
13.326
13.327
13.349
13.35
13.351
13.354
13.365
13.378
13.38
13.381
13.384
13.39
13.398
13.404
13.408
13.409
13.41
13.412
13.416
13.419
13.422
13.431
13.435
13.437
13.442
13.442
13.446
13.449
13.451
13.462
13.472
13.475
13.478
13.478
13.479
13.482
13.487
13.49
13.49
13.492
13.493
13.494
13.496
13.499
13.5
13.5
13.504
13.514
13.519
13.525
13.528
13.528
13.531
13.54
13.542
13.552
13.552
13.554
13.559
13.571
13.589
13.594
13.595
13.596
13.598
13.6
13.607
13.608
13.611
13.611
13.629
13.633
13.634
13.641
13.645
13.647
13.658
13.662
13.664
13.67
13.67
13.671
13.68
13.681
13.694
13.696
13.702
13.704
13.713
13.721
13.724
13.741
13.749
13.752
13.756
13.758
13.759
13.768
13.781
13.782
13.783
13.785
13.794
13.797
13.8
13.805
13.808
13.818
13.818
13.819
13.821
13.822
13.822
13.831
13.835
13.837
13.85
13.86
13.86
13.869
13.872
13.882
13.884
13.886
13.898
13.898
13.899
13.905
13.907
13.911
13.92
13.921
13.927
13.927
13.937
13.943
13.944
13.946
13.957
13.959
13.961
13.968
13.975
13.991
13.994
14
14.007
14.009
14.014
14.02
14.022
14.028
14.04
14.04
14.041
14.045
14.064
14.075
14.079
14.082
14.087
14.1
14.103
14.117
14.121
14.124
14.131
14.137
14.139
14.14
14.142
14.146
14.152
14.157
14.161
14.162
14.167
14.168
14.178
14.186
14.19
14.196
14.199
14.201
14.202
14.205
14.21
14.232
14.234
14.236
14.249
14.253
14.256
14.257
14.258
14.26
14.266
14.271
14.277
14.277
14.279
14.285
14.287
14.29
14.299
14.301
14.313
14.316
14.319
14.321
14.325
14.327
14.342
14.345
14.349
14.356
14.358
14.359
14.36
14.361
14.371
14.375
14.382
14.382
14.391
14.394
14.394
14.41
14.415
14.417
14.419
14.421
14.422
14.422
14.423
14.423
14.426
14.434
14.437
14.444
14.446
14.456
14.464
14.467
14.468
14.475
14.475
14.477
14.477
14.479
14.479
14.482
14.486
14.489
14.49
14.505
14.506
14.507
14.507
14.51
14.512
14.513
14.515
14.517
14.518
14.519
14.53
14.533
14.553
14.556
14.558
14.565
14.57
14.582
14.595
14.596
14.596
14.604
14.613
14.618
14.619
14.638
14.644
14.653
14.655
14.659
14.671
14.671
14.678
14.683
14.686
14.688
14.694
14.697
14.703
14.716
14.724
14.724
14.729
14.75
14.751
14.753
14.76
14.767
14.771
14.786
14.793
14.795
14.797
14.799
14.807
14.823
14.839
14.84
14.842
14.846
14.849
14.85
14.858
14.862
14.865
14.866
14.868
14.868
14.875
14.882
14.885
14.885
14.906
14.906
14.91
14.915
14.927
14.938
14.939
14.953
14.953
14.96
14.982
14.985
14.985
15.007
15.009
15.011
15.014
15.019
15.028
15.031
15.038
15.041
15.041
15.043
15.048
15.053
15.054
15.056
15.064
15.068
15.081
15.082
15.089
15.098
15.103
15.107
15.116
15.136
15.143
15.145
15.146
15.155
15.156
15.159
15.159
15.164
15.165
15.173
15.175
15.181
15.191
15.192
15.194
15.203
15.204
15.208
15.208
15.216
15.218
15.218
15.229
15.23
15.232
15.249
15.251
15.258
15.261
15.266
15.268
15.271
15.272
15.276
15.28
15.282
15.287
15.291
15.296
15.296
15.318
15.32
15.323
15.326
15.331
15.333
15.334
15.346
15.354
15.359
15.369
15.389
15.391
15.401
15.401
15.413
15.416
15.423
15.424
15.424
15.428
15.437
15.438
15.439
15.442
15.446
15.448
15.449
15.452
15.459
15.473
15.473
15.476
15.48
15.488
15.494
15.495
15.5
15.507
15.507
15.519
15.52
15.528
15.533
15.544
15.551
15.557
15.566
15.566
15.568
15.577
15.582
15.586
15.591
15.593
15.599
15.605
15.606
15.608
15.609
15.621
15.624
15.624
15.627
15.635
15.641
15.648
15.648
15.648
15.663
15.665
15.665
15.666
15.674
15.677
15.677
15.685
15.692
15.697
15.703
15.703
15.707
15.708
15.708
15.71
15.715
15.721
15.735
15.735
15.753
15.764
15.766
15.769
15.772
15.78
15.783
15.795
15.796
15.799
15.804
15.805
15.815
15.819
15.819
15.843
15.848
15.849
15.867
15.871
15.873
15.876
15.881
15.886
15.891
15.908
15.912
15.913
15.923
15.928
15.932
15.954
15.954
15.955
15.972
15.974
15.994
15.997
16.003
16.012
16.023
16.03
16.031
16.047
16.049
16.062
16.067
16.069
16.07
16.072
16.081
16.084
16.093
16.098
16.105
16.111
16.113
16.114
16.122
16.131
16.141
16.152
16.153
16.154
16.162
16.164
16.166
16.171
16.171
16.176
16.18
16.182
16.187
16.195
16.202
16.204
16.208
16.21
16.213
16.225
16.236
16.254
16.271
16.277
16.288
16.289
16.302
16.303
16.305
16.317
16.325
16.335
16.34
16.342
16.343
16.349
16.359
16.372
16.381
16.39
16.395
16.396
16.397
16.402
16.408
16.409
16.42
16.426
16.437
16.441
16.463
16.481
16.482
16.486
16.496
16.497
16.499
16.511
16.525
16.53
16.53
16.543
16.544
16.568
16.569
16.582
16.585
16.593
16.612
16.614
16.625
16.634
16.639
16.645
16.648
16.655
16.657
16.659
16.666
16.67
16.672
16.674
16.684
16.684
16.692
16.692
16.697
16.698
16.725
16.726
16.739
16.745
16.752
16.768
16.777
16.779
16.795
16.8
16.812
16.813
16.813
16.827
16.832
16.846
16.862
16.868
16.873
16.874
16.882
16.884
16.887
16.902
16.91
16.926
16.927
16.946
16.953
16.956
16.974
16.976
16.981
17.001
17.002
17.008
17.01
17.023
17.029
17.037
17.043
17.053
17.066
17.069
17.07
17.097
17.099
17.103
17.104
17.106
17.119
17.123
17.135
17.135
17.137
17.158
17.159
17.161
17.162
17.165
17.181
17.182
17.186
17.215
17.217
17.222
17.241
17.26
17.261
17.289
17.304
17.311
17.314
17.318
17.321
17.326
17.327
17.337
17.344
17.368
17.369
17.381
17.394
17.394
17.398
17.4
17.405
17.416
17.424
17.467
17.477
17.478
17.485
17.486
17.492
17.497
17.506
17.519
17.56
17.566
17.577
17.586
17.626
17.64
17.644
17.673
17.686
17.697
17.698
17.7
17.739
17.762
17.764
17.811
17.854
17.866
17.87
17.879
17.916
17.926
17.932
17.952
17.956
17.958
17.964
17.971
17.972
17.972
17.991
18.016
18.019
18.031
18.035
18.045
18.047
18.058
18.079
18.081
18.103
18.111
18.12
18.128
18.13
18.155
18.157
18.16
18.174
18.175
18.195
18.199
18.222
18.255
18.256
18.29
18.325
18.348
18.35
18.366
18.378
18.385
18.388
18.417
18.433
18.44
18.446
18.461
18.479
18.495
18.5
18.502
18.523
18.525
18.537
18.571
18.579
18.582
18.614
18.615
18.64
18.648
18.653
18.656
18.665
18.682
18.702
18.728
18.731
18.734
18.74
18.744
18.754
18.755
18.756
18.772
18.793
18.797
18.8
18.809
18.815
18.821
18.829
18.84
18.872
18.885
18.889
18.912
18.92
18.92
18.961
18.968
18.998
19.006
19.012
19.014
19.025
19.029
19.072
19.082
19.099
19.1
19.105
19.109
19.128
19.137
19.157
19.16
19.191
19.231
19.24
19.254
19.274
19.278
19.29
19.294
19.298
19.306
19.319
19.327
19.328
19.337
19.356
19.36
19.401
19.404
19.422
19.442
19.444
19.446
19.447
19.464
19.483
19.532
19.538
19.557
19.558
19.562
19.563
19.568
19.584
19.606
19.608
19.611
19.614
19.618
19.62
19.679
19.741
19.754
19.768
19.806
19.816
19.822
19.842
19.852
19.864
19.926
19.964
20.051
20.052
20.076
20.079
20.088
20.159
20.205
20.276
20.31
20.327
20.328
20.374
20.386
20.39
20.393
20.393
20.449
20.493
20.498
20.505
20.522
20.538
20.544
20.614
20.624
20.662
20.68
20.766
20.772
20.812
20.826
20.841
20.867
20.914
20.957
20.994
21.027
21.183
21.252
21.269
21.273
21.277
21.294
21.308
21.349
21.361
21.369
21.386
21.468
21.489
21.491
21.505
21.519
21.541
21.563
21.581
21.642
21.653
21.659
21.7
21.714
21.739
21.772
21.82
21.862
21.884
21.926
22.041
22.052
22.079
22.084
22.245
22.273
22.304
22.305
22.34
22.376
22.415
22.419
22.495
22.535
22.537
22.541
22.553
22.559
22.565
22.587
22.61
22.653
22.675
22.694
22.791
22.808
22.92
23.03
23.046
23.201
23.239
23.407
23.426
23.462
23.526
23.557
23.626
23.632
23.758
23.763
23.792
23.814
23.826
23.828
23.897
23.906
23.969
24.082
24.118
24.149
24.205
24.21
24.217
24.253
24.351
24.425
24.503
24.531
24.573
24.574
24.614
24.65
24.65
24.776
25.106
25.166
25.467
25.517
26.079
26.209
26.509
26.539
26.985
27.043
27.73
27.949
28.212
28.243
29.719
29.845
31.04
31.066
38.997
40.918
