0.722
4.303
4.325
4.326
4.392
4.485
4.486
4.502
4.563
4.62
4.646
4.658
4.694
4.697
4.699
4.802
4.811
4.816
4.833
4.841
4.849
4.865
4.909
4.923
4.923
4.926
4.934
4.964
4.965
4.971
5.014
5.017
5.022
5.029
5.037
5.038
5.051
5.068
5.085
5.11
5.149
5.158
5.162
5.168
5.175
5.224
5.225
5.227
5.23
5.237
5.283
5.317
5.322
5.33
5.334
5.337
5.348
5.349
5.35
5.357
5.367
5.37
5.371
5.372
5.375
5.388
5.391
5.4
5.416
5.425
5.425
5.426
5.431
5.434
5.46
5.481
5.481
5.49
5.495
5.499
5.505
5.527
5.529
5.54
5.543
5.547
5.556
5.564
5.574
5.579
5.583
5.6
5.623
5.626
5.637
5.675
5.684
5.688
5.693
5.696
5.702
5.726
5.737
5.744
5.757
5.764
5.777
5.799
5.825
5.829
5.831
5.834
5.841
5.843
5.845
5.854
5.858
5.86
5.866
5.879
5.893
5.9
5.913
5.917
5.927
5.928
5.94
5.945
5.947
5.965
5.971
5.976
5.976
5.997
5.998
6.007
6.01
6.013
6.02
6.023
6.026
6.028
6.031
6.036
6.044
6.045
6.067
6.075
6.088
6.096
6.096
6.111
6.115
6.117
6.123
6.126
6.13
6.152
6.159
6.181
6.181
6.184
6.196
6.204
6.218
6.221
6.221
6.226
6.226
6.235
6.239
6.242
6.249
6.251
6.256
6.261
6.266
6.268
6.268
6.271
6.273
6.28
6.283
6.285
6.287
6.288
6.295
6.295
6.297
6.298
6.307
6.328
6.333
6.337
6.355
6.356
6.358
6.364
6.366
6.371
6.375
6.38
6.382
6.384
6.387
6.388
6.393
6.398
6.401
6.403
6.407
6.415
6.419
6.435
6.441
6.442
6.446
6.449
6.455
6.457
6.465
6.467
6.475
6.476
6.494
6.498
6.503
6.508
6.518
6.52
6.523
6.523
6.525
6.534
6.54
6.54
6.541
6.544
6.548
6.548
6.564
6.566
6.566
6.567
6.574
6.576
6.576
6.582
6.583
6.599
6.601
6.603
6.615
6.622
6.625
6.632
6.636
6.638
6.643
6.647
6.651
6.657
6.657
6.658
6.662
6.668
6.67
6.673
6.678
6.679
6.683
6.685
6.689
6.69
6.69
6.691
6.694
6.702
6.707
6.716
6.717
6.723
6.725
6.73
6.73
6.732
6.734
6.735
6.738
6.743
6.749
6.75
6.75
6.754
6.77
6.777
6.779
6.794
6.797
6.798
6.803
6.806
6.815
6.816
6.823
6.837
6.848
6.856
6.858
6.868
6.869
6.87
6.884
6.885
6.891
6.896
6.897
6.902
6.911
6.914
6.92
6.925
6.953
6.955
6.955
6.959
6.961
6.968
6.98
6.982
6.988
6.988
6.993
6.995
6.996
7.004
7.017
7.023
7.023
7.023
7.031
7.049
7.053
7.055
7.06
7.065
7.065
7.08
7.084
7.09
7.093
7.099
7.099
7.103
7.112
7.114
7.115
7.119
7.124
7.126
7.129
7.134
7.134
7.135
7.139
7.144
7.166
7.171
7.194
7.201
7.202
7.205
7.213
7.213
7.214
7.217
7.221
7.225
7.23
7.232
7.237
7.242
7.25
7.266
7.283
7.285
7.291
7.296
7.298
7.31
7.313
7.319
7.322
7.323
7.324
7.324
7.34
7.346
7.351
7.353
7.373
7.373
7.377
7.383
7.388
7.39
7.414
7.419
7.422
7.426
7.455
7.46
7.482
7.483
7.487
7.49
7.499
7.499
7.5
7.503
7.506
7.514
7.518
7.532
7.547
7.568
7.571
7.577
7.598
7.599
7.601
7.602
7.605
7.61
7.615
7.619
7.633
7.64
7.641
7.644
7.656
7.659
7.673
7.683
7.687
7.689
7.694
7.697
7.705
7.71
7.714
7.718
7.723
7.727
7.735
7.738
7.741
7.747
7.747
7.748
7.774
7.777
7.782
7.79
7.794
7.804
7.807
7.809
7.812
7.828
7.83
7.833
7.836
7.854
7.855
7.856
7.857
7.857
7.861
7.867
7.868
7.877
7.881
7.901
7.933
7.934
7.957
7.967
7.998
7.999
8.007
8.012
8.017
8.022
8.029
8.04
8.056
8.06
8.066
8.073
8.077
8.078
8.079
8.08
8.086
8.098
8.103
8.115
8.131
8.133
8.139
8.143
8.153
8.155
8.156
8.163
8.169
8.188
8.192
8.197
8.198
8.212
8.215
8.235
8.268
8.269
8.28
8.287
8.306
8.309
8.311
8.313
8.34
8.344
8.344
8.347
8.357
8.358
8.36
8.363
8.367
8.376
8.376
8.378
8.381
8.384
8.385
8.389
8.393
8.398
8.398
8.404
8.412
8.418
8.419
8.419
8.425
8.434
8.443
8.447
8.455
8.492
8.493
8.494
8.495
8.499
8.505
8.512
8.516
8.519
8.519
8.528
8.552
8.559
8.586
8.59
8.594
8.595
8.598
8.616
8.623
8.635
8.646
8.647
8.652
8.656
8.656
8.656
8.667
8.684
8.685
8.685
8.693
8.707
8.71
8.711
8.712
8.713
8.716
8.722
8.723
8.726
8.731
8.76
8.76
8.76
8.767
8.771
8.775
8.777
8.784
8.787
8.79
8.792
8.796
8.803
8.82
8.823
8.825
8.831
8.835
8.84
8.847
8.849
8.855
8.857
8.86
8.86
8.861
8.874
8.875
8.879
8.888
8.892
8.897
8.905
8.905
8.911
8.911
8.914
8.919
8.925
8.927
8.933
8.937
8.938
8.944
8.945
8.945
8.945
8.954
8.954
8.961
8.967
8.968
8.969
8.972
8.974
8.977
8.98
8.984
8.99
8.996
9
9.008
9.014
9.015
9.015
9.026
9.03
9.031
9.033
9.034
9.041
9.048
9.055
9.056
9.077
9.098
9.107
9.108
9.109
9.12
9.121
9.127
9.13
9.135
9.135
9.138
9.141
9.146
9.149
9.151
9.155
9.157
9.159
9.168
9.171
9.179
9.179
9.184
9.194
9.194
9.213
9.225
9.226
9.233
9.237
9.243
9.249
9.256
9.258
9.263
9.267
9.277
9.293
9.297
9.305
9.308
9.323
9.328
9.333
9.333
9.334
9.336
9.338
9.338
9.342
9.362
9.372
9.373
9.375
9.377
9.411
9.411
9.416
9.426
9.427
9.429
9.431
9.433
9.435
9.466
9.469
9.473
9.474
9.475
9.477
9.482
9.486
9.5
9.502
9.508
9.514
9.516
9.535
9.539
9.543
9.552
9.56
9.564
9.567
9.591
9.591
9.593
9.599
9.601
9.615
9.619
9.62
9.632
9.637
9.645
9.647
9.655
9.655
9.657
9.667
9.679
9.68
9.683
9.684
9.691
9.704
9.705
9.726
9.729
9.732
9.736
9.738
9.739
9.755
9.765
9.768
9.777
9.787
9.79
9.795
9.805
9.812
9.814
9.822
9.828
9.832
9.833
9.835
9.837
9.844
9.858
9.866
9.868
9.876
9.887
9.899
9.902
9.907
9.907
9.92
9.938
9.939
9.941
9.944
9.953
9.968
9.985
9.985
9.989
10.03
10.032
10.041
10.044
10.045
10.049
10.075
10.08
10.113
10.121
10.123
10.126
10.129
10.131
10.136
10.148
10.152
10.164
10.169
10.171
10.177
10.182
10.188
10.195
10.195
10.204
10.209
10.217
10.251
10.252
10.259
10.286
10.29
10.298
10.31
10.315
10.323
10.326
10.327
10.334
10.337
10.346
10.352
10.364
10.377
10.391
10.398
10.439
10.447
10.448
10.459
10.463
10.466
10.47
10.473
10.48
10.491
10.501
10.509
10.526
10.565
10.568
10.57
10.574
10.578
10.583
10.584
10.584
10.589
10.593
10.601
10.618
10.621
10.622
10.623
10.628
10.631
10.634
10.644
10.649
10.653
10.656
10.687
10.688
10.747
10.75
10.77
10.775
10.778
10.793
10.795
10.818
10.82
10.821
10.823
10.826
10.833
10.844
10.873
10.885
10.893
10.907
10.962
10.997
11.003
11.021
11.034
11.046
11.069
11.102
11.116
11.126
11.135
11.152
11.17
11.173
11.18
11.192
11.203
11.206
11.22
11.259
11.259
11.268
11.276
11.289
11.331
11.393
11.415
11.427
11.431
11.433
11.459
11.477
11.48
11.483
11.486
11.504
11.512
11.515
11.517
11.538
11.558
11.561
11.581
11.582
11.588
11.591
11.628
11.644
11.648
11.648
11.657
11.665
11.672
11.672
11.68
11.683
11.698
11.699
11.708
11.71
11.713
11.721
11.746
11.755
11.758
11.768
11.774
11.797
11.799
11.804
11.835
11.836
11.871
11.894
11.894
11.92
11.932
11.937
11.963
11.966
11.985
11.987
12.006
12.008
12.014
12.032
12.037
12.042
12.048
12.049
12.051
12.051
12.053
12.058
12.07
12.073
12.079
12.081
12.086
12.098
12.114
12.125
12.132
12.133
12.144
12.154
12.163
12.187
12.189
12.197
12.208
12.211
12.213
12.223
12.225
12.241
12.246
12.25
12.265
12.268
12.278
12.289
12.297
12.3
12.309
12.322
12.325
12.325
12.329
12.349
12.356
12.357
12.371
12.383
12.386
12.388
12.39
12.403
12.422
12.424
12.442
12.447
12.459
12.463
12.467
12.502
12.503
12.517
12.526
12.566
12.567
12.573
12.578
12.58
12.594
12.628
12.668
12.672
12.676
12.684
12.697
12.699
12.71
12.711
12.719
12.747
12.748
12.774
12.779
12.816
12.826
12.833
12.849
12.874
12.877
12.881
12.884
12.895
12.899
12.922
12.937
12.958
12.998
12.999
13.021
13.03
13.033
13.049
13.095
13.103
13.105
13.107
13.137
13.152
13.186
13.202
13.214
13.232
13.232
13.256
13.258
13.263
13.275
13.321
13.333
13.344
13.394
13.398
13.412
13.415
13.419
13.425
13.427
13.453
13.468
13.497
13.556
13.587
13.622
13.644
13.704
13.716
13.747
13.777
13.817
13.829
13.865
13.871
13.999
14.025
14.06
14.164
14.227
14.233
14.234
14.237
14.24
14.241
14.267
14.305
14.375
14.435
14.483
14.493
14.539
14.56
14.639
14.683
14.683
14.754
14.784
14.838
14.88
14.934
15.091
15.189
15.203
15.279
15.425
15.429
15.604
15.757
15.81
15.875
16.007
16.159
16.24
16.396
16.574
16.596
16.615
17.518
17.601
17.929
18.082
18.174
19.53
20.21
20.222
20.724
20.802
20.939
21.057
21.317
21.337
21.933
22.262
22.665
23.096
25.116
