1.017
6.522
6.526
6.558
6.645
6.792
7.023
7.05
7.064
7.193
7.323
7.433
7.562
7.571
7.632
7.635
7.714
7.739
7.772
7.808
7.872
7.901
7.91
7.949
7.967
8.01
8.071
8.094
8.107
8.11
8.133
8.134
8.144
8.145
8.145
8.146
8.152
8.169
8.169
8.174
8.191
8.197
8.235
8.266
8.272
8.297
8.3
8.308
8.314
8.317
8.321
8.331
8.338
8.345
8.353
8.356
8.358
8.366
8.381
8.381
8.401
8.406
8.43
8.434
8.436
8.461
8.474
8.477
8.481
8.482
8.487
8.501
8.503
8.508
8.51
8.521
8.531
8.537
8.544
8.557
8.578
8.58
8.581
8.583
8.591
8.601
8.613
8.614
8.616
8.622
8.625
8.631
8.643
8.645
8.646
8.679
8.687
8.69
8.704
8.732
8.742
8.756
8.768
8.773
8.795
8.802
8.802
8.821
8.833
8.84
8.841
8.845
8.852
8.853
8.86
8.867
8.873
8.899
8.903
8.928
8.929
8.935
8.947
8.947
8.948
8.954
8.97
8.979
8.985
8.986
8.994
9.015
9.022
9.025
9.035
9.043
9.043
9.05
9.057
9.065
9.067
9.074
9.077
9.08
9.093
9.098
9.109
9.115
9.118
9.123
9.124
9.131
9.132
9.135
9.136
9.14
9.146
9.147
9.149
9.152
9.168
9.17
9.187
9.188
9.19
9.203
9.217
9.253
9.255
9.256
9.259
9.263
9.263
9.265
9.266
9.272
9.276
9.28
9.283
9.284
9.285
9.286
9.291
9.292
9.295
9.296
9.304
9.305
9.312
9.314
9.314
9.314
9.321
9.329
9.329
9.33
9.335
9.336
9.345
9.347
9.355
9.358
9.365
9.375
9.377
9.378
9.389
9.39
9.394
9.395
9.395
9.397
9.399
9.402
9.407
9.421
9.422
9.422
9.424
9.424
9.435
9.436
9.438
9.449
9.453
9.46
9.464
9.466
9.466
9.467
9.471
9.472
9.476
9.481
9.491
9.494
9.499
9.501
9.52
9.52
9.521
9.523
9.525
9.526
9.534
9.545
9.546
9.552
9.557
9.561
9.561
9.564
9.565
9.568
9.568
9.569
9.571
9.576
9.577
9.58
9.584
9.59
9.596
9.597
9.599
9.603
9.604
9.624
9.631
9.637
9.64
9.648
9.65
9.654
9.663
9.67
9.671
9.673
9.673
9.674
9.677
9.678
9.68
9.697
9.71
9.713
9.716
9.718
9.718
9.727
9.732
9.738
9.746
9.747
9.751
9.757
9.759
9.76
9.762
9.765
9.766
9.77
9.771
9.776
9.781
9.783
9.788
9.79
9.791
9.792
9.792
9.794
9.798
9.801
9.801
9.818
9.823
9.826
9.827
9.832
9.834
9.837
9.841
9.845
9.845
9.85
9.854
9.857
9.859
9.875
9.875
9.876
9.88
9.886
9.887
9.892
9.897
9.902
9.902
9.902
9.906
9.908
9.91
9.913
9.914
9.915
9.916
9.918
9.918
9.919
9.92
9.922
9.931
9.935
9.937
9.945
9.946
9.953
9.955
9.955
9.956
9.958
9.958
9.968
9.97
9.971
9.978
9.987
9.99
9.991
9.999
10
10.003
10.015
10.02
10.021
10.024
10.025
10.026
10.033
10.038
10.04
10.046
10.05
10.051
10.054
10.054
10.056
10.059
10.059
10.06
10.063
10.064
10.065
10.066
10.067
10.069
10.081
10.086
10.09
10.102
10.103
10.106
10.111
10.113
10.115
10.119
10.123
10.126
10.128
10.133
10.134
10.135
10.144
10.144
10.149
10.15
10.152
10.16
10.161
10.163
10.164
10.169
10.172
10.174
10.175
10.176
10.182
10.184
10.187
10.187
10.188
10.189
10.19
10.195
10.201
10.208
10.217
10.217
10.221
10.223
10.224
10.224
10.225
10.227
10.229
10.232
10.232
10.24
10.245
10.249
10.252
10.261
10.262
10.275
10.277
10.279
10.28
10.285
10.286
10.287
10.288
10.291
10.291
10.294
10.3
10.301
10.303
10.307
10.308
10.309
10.315
10.32
10.322
10.332
10.335
10.336
10.338
10.342
10.342
10.351
10.351
10.352
10.361
10.363
10.364
10.37
10.382
10.386
10.387
10.394
10.398
10.4
10.412
10.412
10.415
10.416
10.417
10.418
10.419
10.422
10.422
10.422
10.424
10.428
10.428
10.431
10.432
10.433
10.437
10.441
10.451
10.461
10.462
10.462
10.463
10.463
10.471
10.472
10.473
10.473
10.478
10.478
10.479
10.482
10.485
10.485
10.486
10.488
10.49
10.491
10.495
10.499
10.503
10.503
10.524
10.525
10.531
10.533
10.536
10.536
10.537
10.54
10.544
10.547
10.548
10.551
10.552
10.556
10.559
10.565
10.571
10.574
10.576
10.579
10.58
10.582
10.587
10.594
10.595
10.598
10.599
10.606
10.612
10.617
10.63
10.63
10.632
10.634
10.634
10.638
10.639
10.645
10.648
10.649
10.655
10.663
10.665
10.667
10.668
10.67
10.67
10.673
10.673
10.675
10.678
10.678
10.684
10.686
10.688
10.694
10.698
10.701
10.704
10.708
10.713
10.719
10.719
10.72
10.72
10.727
10.727
10.73
10.731
10.733
10.738
10.74
10.744
10.746
10.749
10.758
10.761
10.769
10.77
10.771
10.778
10.78
10.783
10.786
10.786
10.787
10.788
10.788
10.789
10.797
10.797
10.798
10.805
10.809
10.816
10.82
10.824
10.827
10.829
10.829
10.841
10.843
10.85
10.852
10.854
10.855
10.864
10.864
10.865
10.868
10.876
10.879
10.884
10.885
10.885
10.891
10.892
10.894
10.894
10.897
10.899
10.906
10.908
10.909
10.914
10.915
10.921
10.922
10.923
10.926
10.933
10.937
10.941
10.946
10.948
10.948
10.949
10.95
10.958
10.961
10.968
10.973
10.979
10.98
10.985
10.988
10.991
11.004
11.008
11.012
11.019
11.019
11.021
11.022
11.024
11.025
11.026
11.026
11.028
11.028
11.028
11.029
11.036
11.036
11.039
11.048
11.061
11.064
11.065
11.066
11.072
11.08
11.084
11.086
11.09
11.093
11.097
11.097
11.1
11.102
11.105
11.106
11.108
11.111
11.124
11.128
11.135
11.14
11.146
11.152
11.153
11.153
11.153
11.154
11.157
11.16
11.164
11.165
11.165
11.172
11.173
11.178
11.191
11.195
11.197
11.201
11.22
11.223
11.232
11.234
11.236
11.24
11.246
11.25
11.252
11.256
11.256
11.263
11.265
11.269
11.273
11.276
11.28
11.283
11.286
11.29
11.293
11.303
11.306
11.307
11.309
11.315
11.315
11.318
11.329
11.332
11.336
11.337
11.337
11.339
11.34
11.34
11.345
11.351
11.351
11.356
11.356
11.362
11.363
11.363
11.368
11.377
11.379
11.388
11.393
11.395
11.397
11.397
11.399
11.399
11.4
11.401
11.406
11.407
11.408
11.414
11.428
11.433
11.433
11.434
11.435
11.436
11.437
11.442
11.444
11.448
11.454
11.458
11.47
11.471
11.482
11.483
11.485
11.486
11.489
11.49
11.49
11.491
11.493
11.5
11.501
11.503
11.516
11.518
11.523
11.529
11.529
11.529
11.532
11.535
11.537
11.537
11.541
11.544
11.545
11.556
11.562
11.566
11.575
11.58
11.585
11.587
11.587
11.59
11.59
11.594
11.602
11.606
11.606
11.607
11.61
11.612
11.617
11.619
11.619
11.619
11.623
11.63
11.634
11.634
11.642
11.644
11.647
11.65
11.662
11.662
11.665
11.674
11.68
11.688
11.691
11.696
11.699
11.707
11.723
11.725
11.737
11.738
11.741
11.744
11.745
11.751
11.759
11.762
11.767
11.772
11.773
11.777
11.786
11.787
11.788
11.794
11.795
11.796
11.797
11.799
11.8
11.807
11.816
11.816
11.821
11.824
11.831
11.836
11.836
11.837
11.84
11.848
11.852
11.859
11.862
11.862
11.864
11.864
11.865
11.866
11.866
11.867
11.868
11.87
11.873
11.881
11.882
11.887
11.889
11.891
11.905
11.91
11.914
11.918
11.918
11.919
11.924
11.932
11.934
11.935
11.942
11.944
11.952
11.954
11.955
11.957
11.963
11.963
11.964
11.964
11.965
11.966
11.986
11.991
11.994
12.006
12.012
12.012
12.014
12.016
12.017
12.018
12.018
12.021
12.025
12.029
12.03
12.035
12.036
12.042
12.046
12.054
12.062
12.063
12.065
12.066
12.072
12.073
12.081
12.084
12.087
12.091
12.094
12.094
12.097
12.098
12.1
12.111
12.114
12.114
12.117
12.12
12.123
12.123
12.126
12.132
12.132
12.135
12.135
12.136
12.137
12.141
12.143
12.147
12.158
12.166
12.166
12.167
12.171
12.176
12.176
12.177
12.179
12.181
12.183
12.184
12.189
12.189
12.194
12.194
12.197
12.199
12.204
12.205
12.205
12.207
12.209
12.211
12.22
12.228
12.229
12.25
12.254
12.256
12.256
12.256
12.26
12.266
12.267
12.268
12.27
12.27
12.273
12.274
12.274
12.275
12.278
12.283
12.296
12.298
12.301
12.302
12.307
12.307
12.312
12.313
12.315
12.317
12.32
12.321
12.321
12.325
12.329
12.331
12.332
12.332
12.337
12.337
12.338
12.338
12.344
12.356
12.356
12.357
12.357
12.361
12.365
12.367
12.368
12.375
12.377
12.378
12.381
12.386
12.386
12.389
12.391
12.394
12.398
12.4
12.4
12.404
12.407
12.409
12.417
12.421
12.424
12.426
12.428
12.432
12.435
12.445
12.45
12.453
12.46
12.464
12.466
12.472
12.472
12.475
12.476
12.485
12.488
12.49
12.494
12.5
12.502
12.509
12.514
12.516
12.537
12.541
12.545
12.547
12.548
12.556
12.557
12.558
12.561
12.561
12.563
12.564
12.565
12.568
12.575
12.576
12.577
12.58
12.581
12.585
12.586
12.59
12.591
12.596
12.596
12.601
12.606
12.607
12.61
12.612
12.614
12.616
12.617
12.618
12.619
12.622
12.626
12.627
12.631
12.635
12.637
12.643
12.645
12.648
12.648
12.649
12.653
12.66
12.667
12.668
12.673
12.682
12.689
12.69
12.69
12.691
12.692
12.693
12.699
12.7
12.701
12.705
12.72
12.72
12.736
12.737
12.741
12.749
12.751
12.752
12.758
12.762
12.764
12.764
12.765
12.768
12.77
12.77
12.773
12.774
12.775
12.777
12.784
12.785
12.792
12.793
12.795
12.797
12.803
12.805
12.809
12.815
12.819
12.825
12.826
12.835
12.84
12.842
12.847
12.847
12.848
12.852
12.856
12.864
12.867
12.872
12.872
12.873
12.877
12.881
12.884
12.89
12.892
12.892
12.893
12.897
12.897
12.9
12.901
12.902
12.914
12.915
12.92
12.926
12.927
12.927
12.934
12.935
12.936
12.936
12.936
12.938
12.938
12.938
12.941
12.943
12.943
12.949
12.952
12.952
12.953
12.962
12.972
12.974
12.976
12.977
12.98
12.985
12.987
12.989
12.996
12.997
13.001
13.017
13.024
13.024
13.029
13.029
13.033
13.039
13.046
13.047
13.051
13.055
13.055
13.055
13.061
13.064
13.068
13.069
13.083
13.084
13.088
13.095
13.096
13.108
13.11
13.112
13.116
13.119
13.121
13.123
13.126
13.13
13.15
13.154
13.155
13.157
13.166
13.166
13.167
13.176
13.183
13.187
13.188
13.193
13.193
13.195
13.198
13.202
13.204
13.205
13.207
13.207
13.208
13.212
13.214
13.218
13.222
13.23
13.237
13.238
13.241
13.243
13.249
13.252
13.256
13.256
13.258
13.26
13.261
13.261
13.265
13.266
13.269
13.281
13.281
13.281
13.282
13.283
13.284
13.287
13.288
13.289
13.297
13.306
13.31
13.311
13.312
13.312
13.328
13.338
13.339
13.344
13.349
13.349
13.35
13.357
13.359
13.361
13.363
13.37
13.37
13.378
13.379
13.392
13.397
13.399
13.4
13.412
13.418
13.419
13.433
13.436
13.441
13.441
13.46
13.474
13.476
13.478
13.478
13.483
13.483
13.493
13.495
13.501
13.508
13.513
13.514
13.522
13.523
13.523
13.53
13.537
13.543
13.559
13.564
13.564
13.572
13.573
13.583
13.589
13.589
13.595
13.599
13.605
13.606
13.614
13.631
13.634
13.644
13.647
13.654
13.656
13.664
13.664
13.672
13.679
13.681
13.686
13.688
13.694
13.7
13.702
13.706
13.707
13.709
13.709
13.711
13.716
13.717
13.72
13.725
13.729
13.731
13.736
13.744
13.745
13.75
13.753
13.756
13.763
13.768
13.77
13.772
13.778
13.799
13.799
13.8
13.814
13.817
13.819
13.821
13.822
13.826
13.829
13.83
13.831
13.834
13.838
13.84
13.841
13.841
13.847
13.848
13.85
13.851
13.863
13.867
13.869
13.869
13.869
13.873
13.874
13.875
13.878
13.883
13.884
13.889
13.897
13.91
13.911
13.912
13.919
13.921
13.926
13.929
13.936
13.939
13.941
13.958
13.962
13.97
13.976
13.978
13.978
13.979
13.991
13.995
13.999
14.002
14.005
14.015
14.017
14.02
14.022
14.023
14.025
14.032
14.032
14.032
14.034
14.035
14.035
14.036
14.037
14.039
14.039
14.042
14.047
14.05
14.051
14.057
14.06
14.061
14.065
14.068
14.068
14.075
14.078
14.079
14.079
14.089
14.091
14.095
14.098
14.099
14.102
14.108
14.123
14.123
14.126
14.129
14.13
14.131
14.132
14.138
14.138
14.14
14.14
14.149
14.15
14.151
14.152
14.152
14.159
14.16
14.162
14.171
14.172
14.172
14.195
14.195
14.202
14.204
14.208
14.227
14.237
14.259
14.264
14.272
14.281
14.285
14.286
14.289
14.296
14.296
14.297
14.297
14.299
14.304
14.309
14.311
14.32
14.324
14.328
14.349
14.352
14.352
14.354
14.358
14.359
14.363
14.371
14.394
14.4
14.401
14.407
14.407
14.417
14.42
14.423
14.429
14.43
14.436
14.441
14.443
14.445
14.448
14.452
14.455
14.46
14.46
14.466
14.471
14.477
14.484
14.487
14.492
14.492
14.498
14.5
14.502
14.503
14.506
14.508
14.516
14.526
14.535
14.535
14.535
14.537
14.543
14.543
14.546
14.56
14.563
14.573
14.59
14.598
14.601
14.606
14.607
14.62
14.627
14.631
14.633
14.644
14.644
14.649
14.649
14.654
14.669
14.677
14.681
14.687
14.691
14.692
14.698
14.707
14.71
14.71
14.72
14.727
14.727
14.735
14.74
14.741
14.744
14.745
14.753
14.756
14.756
14.757
14.766
14.766
14.771
14.773
14.79
14.792
14.8
14.803
14.806
14.818
14.823
14.832
14.839
14.853
14.861
14.865
14.872
14.873
14.879
14.89
14.895
14.896
14.899
14.9
14.907
14.907
14.916
14.923
14.928
14.94
14.944
14.95
14.972
14.978
14.995
14.995
15
15.005
15.006
15.011
15.016
15.019
15.048
15.053
15.053
15.053
15.073
15.08
15.088
15.099
15.112
15.114
15.116
15.122
15.122
15.126
15.145
15.156
15.157
15.158
15.161
15.172
15.173
15.173
15.18
15.181
15.181
15.186
15.187
15.202
15.203
15.205
15.216
15.217
15.217
15.223
15.224
15.225
15.227
15.228
15.242
15.247
15.253
15.255
15.256
15.288
15.297
15.3
15.312
15.315
15.315
15.328
15.329
15.33
15.336
15.339
15.344
15.352
15.361
15.362
15.374
15.377
15.381
15.385
15.386
15.387
15.389
15.4
15.403
15.413
15.414
15.416
15.417
15.423
15.43
15.435
15.442
15.448
15.459
15.47
15.473
15.482
15.486
15.49
15.491
15.493
15.496
15.503
15.513
15.514
15.516
15.516
15.521
15.522
15.526
15.528
15.528
15.535
15.549
15.56
15.562
15.565
15.569
15.571
15.578
15.583
15.589
15.6
15.601
15.604
15.605
15.606
15.608
15.617
15.63
15.633
15.635
15.649
15.655
15.658
15.663
15.663
15.67
15.676
15.679
15.68
15.683
15.684
15.689
15.709
15.709
15.715
15.722
15.723
15.726
15.729
15.73
15.75
15.759
15.769
15.772
15.775
15.777
15.781
15.783
15.784
15.798
15.802
15.804
15.813
15.829
15.834
15.843
15.844
15.845
15.846
15.853
15.856
15.857
15.857
15.861
15.881
15.887
15.893
15.904
15.906
15.91
15.912
15.912
15.913
15.913
15.914
15.917
15.918
15.919
15.947
15.947
15.955
15.986
15.99
15.998
15.999
16.003
16.009
16.015
16.019
16.022
16.027
16.027
16.028
16.033
16.045
16.058
16.075
16.076
16.079
16.083
16.092
16.103
16.115
16.117
16.118
16.125
16.135
16.136
16.139
16.15
16.183
16.19
16.191
16.197
16.202
16.22
16.233
16.236
16.237
16.247
16.25
16.25
16.251
16.256
16.259
16.261
16.261
16.268
16.273
16.276
16.283
16.287
16.287
16.289
16.294
16.296
16.306
16.31
16.31
16.327
16.335
16.341
16.349
16.35
16.35
16.35
16.351
16.357
16.361
16.371
16.383
16.386
16.426
16.427
16.433
16.441
16.444
16.462
16.472
16.475
16.481
16.487
16.505
16.523
16.525
16.525
16.525
16.528
16.528
16.539
16.539
16.543
16.543
16.544
16.546
16.58
16.583
16.588
16.593
16.605
16.612
16.617
16.628
16.632
16.633
16.639
16.642
16.645
16.679
16.692
16.7
16.717
16.722
16.734
16.745
16.747
16.752
16.754
16.759
16.771
16.78
16.781
16.793
16.793
16.796
16.798
16.807
16.815
16.818
16.82
16.822
16.825
16.828
16.842
16.855
16.855
16.858
16.863
16.864
16.875
16.877
16.901
16.903
16.908
16.908
16.916
16.923
16.925
16.934
16.97
16.977
16.978
16.978
16.979
16.98
16.988
16.994
17.016
17.024
17.026
17.036
17.045
17.046
17.05
17.063
17.067
17.087
17.091
17.092
17.095
17.098
17.103
17.119
17.127
17.128
17.169
17.193
17.228
17.234
17.238
17.254
17.275
17.28
17.292
17.295
17.315
17.316
17.317
17.34
17.34
17.342
17.344
17.355
17.36
17.378
17.378
17.387
17.394
17.395
17.397
17.398
17.399
17.402
17.403
17.406
17.409
17.43
17.431
17.44
17.445
17.447
17.449
17.453
17.458
17.458
17.47
17.48
17.498
17.501
17.509
17.537
17.554
17.562
17.563
17.573
17.573
17.6
17.604
17.605
17.614
17.627
17.63
17.637
17.64
17.645
17.663
17.669
17.681
17.698
17.699
17.727
17.73
17.742
17.752
17.752
17.753
17.769
17.771
17.777
17.783
17.785
17.791
17.809
17.813
17.814
17.837
17.849
17.857
17.86
17.865
17.866
17.866
17.868
17.869
17.885
17.903
17.906
17.908
17.91
17.971
17.981
18
18.008
18.039
18.043
18.084
18.104
18.114
18.127
18.14
18.164
18.167
18.188
18.241
18.256
18.284
18.288
18.366
18.366
18.366
18.368
18.373
18.381
18.398
18.416
18.416
18.439
18.44
18.443
18.453
18.477
18.493
18.5
18.533
18.546
18.551
18.552
18.565
18.574
18.586
18.607
18.615
18.616
18.633
18.634
18.669
18.675
18.69
18.712
18.714
18.723
18.735
18.744
18.764
18.768
18.797
18.798
18.815
18.821
18.827
18.839
18.843
18.845
18.847
18.85
18.85
18.855
18.855
18.868
18.878
18.883
18.895
18.902
18.902
18.905
18.922
18.942
18.962
18.98
18.98
18.986
19.017
19.026
19.032
19.054
19.068
19.069
19.071
19.112
19.116
19.127
19.235
19.24
19.312
19.334
19.34
19.344
19.37
19.38
19.387
19.402
19.449
19.451
19.495
19.504
19.516
19.522
19.539
19.54
19.548
19.552
19.556
19.577
19.591
19.631
19.648
19.697
19.699
19.7
19.72
19.724
19.75
19.761
19.838
19.842
19.861
19.882
19.901
19.931
19.944
19.955
19.961
19.996
20.047
20.077
20.096
20.128
20.134
20.136
20.163
20.175
20.189
20.198
20.198
20.214
20.252
20.267
20.278
20.302
20.331
20.336
20.354
20.358
20.405
20.439
20.439
20.451
20.489
20.493
20.521
20.528
20.552
20.56
20.585
20.595
20.614
20.661
20.71
20.735
20.74
20.742
20.806
20.829
20.85
20.856
20.891
20.913
20.959
21.016
21.047
21.079
21.105
21.125
21.135
21.195
21.213
21.214
21.215
21.226
21.229
21.258
21.292
21.298
21.308
21.345
21.357
21.358
21.37
21.376
21.396
21.423
21.427
21.432
21.436
21.51
21.526
21.538
21.612
21.642
21.675
21.702
21.717
21.764
21.799
21.812
21.818
21.82
21.831
21.85
21.873
21.876
21.887
21.922
21.969
21.975
21.979
21.987
22.02
22.025
22.029
22.03
22.091
22.105
22.129
22.133
22.154
22.191
22.215
22.296
22.296
22.324
22.338
22.338
22.392
22.446
22.45
22.475
22.481
22.556
22.654
22.666
22.859
22.859
22.881
22.911
22.991
23.002
23.007
23.049
23.065
23.132
23.182
23.238
23.282
23.389
23.395
23.398
23.435
23.489
23.506
23.537
23.587
23.684
23.801
23.856
23.915
23.919
23.929
23.945
24.032
24.112
24.297
24.329
24.437
24.455
24.61
24.68
24.753
24.834
25.048
25.167
25.227
25.265
25.335
25.437
25.539
25.554
25.669
25.74
26.076
26.192
26.366
26.669
26.764
26.832
26.869
26.951
27.273
27.515
27.567
27.62
28.032
28.724
30.47
30.762
31.186
