1.115
6.505
6.587
6.773
6.825
7.058
7.088
7.215
7.215
7.427
7.451
7.456
7.498
7.656
7.713
7.718
7.743
7.759
7.82
7.843
7.851
7.866
7.871
7.883
7.914
7.918
7.939
7.944
7.948
7.958
7.961
7.969
7.969
8.001
8.006
8.044
8.064
8.068
8.112
8.149
8.17
8.176
8.18
8.184
8.192
8.201
8.217
8.222
8.231
8.237
8.24
8.244
8.273
8.289
8.304
8.308
8.309
8.317
8.322
8.336
8.338
8.339
8.347
8.355
8.359
8.36
8.36
8.362
8.372
8.386
8.392
8.394
8.394
8.398
8.4
8.415
8.436
8.45
8.52
8.534
8.542
8.556
8.57
8.572
8.575
8.583
8.589
8.591
8.599
8.611
8.613
8.615
8.616
8.634
8.645
8.653
8.662
8.669
8.675
8.679
8.681
8.683
8.683
8.696
8.696
8.7
8.705
8.708
8.709
8.71
8.719
8.72
8.725
8.725
8.73
8.738
8.744
8.754
8.762
8.762
8.768
8.769
8.775
8.783
8.79
8.794
8.794
8.8
8.809
8.816
8.826
8.832
8.848
8.864
8.865
8.87
8.875
8.88
8.882
8.884
8.913
8.914
8.923
8.934
8.937
8.938
8.943
8.947
8.948
8.952
8.962
8.965
8.966
8.97
8.979
8.981
8.982
8.983
8.984
8.995
9
9
9.004
9.006
9.008
9.011
9.035
9.04
9.047
9.051
9.059
9.06
9.072
9.083
9.083
9.089
9.101
9.114
9.116
9.117
9.119
9.12
9.122
9.142
9.15
9.151
9.154
9.164
9.165
9.166
9.173
9.175
9.179
9.221
9.228
9.231
9.236
9.237
9.239
9.254
9.261
9.261
9.265
9.286
9.299
9.299
9.303
9.304
9.304
9.308
9.312
9.325
9.33
9.338
9.34
9.343
9.347
9.351
9.356
9.357
9.368
9.378
9.384
9.384
9.384
9.386
9.391
9.413
9.416
9.418
9.421
9.424
9.424
9.428
9.442
9.45
9.455
9.456
9.458
9.459
9.46
9.463
9.465
9.471
9.475
9.476
9.476
9.485
9.486
9.49
9.495
9.499
9.502
9.505
9.505
9.509
9.512
9.512
9.548
9.55
9.55
9.554
9.555
9.559
9.561
9.574
9.579
9.59
9.592
9.592
9.597
9.599
9.605
9.612
9.618
9.62
9.639
9.641
9.643
9.647
9.649
9.651
9.658
9.666
9.666
9.671
9.673
9.675
9.675
9.69
9.697
9.705
9.706
9.709
9.714
9.715
9.717
9.722
9.724
9.726
9.728
9.728
9.73
9.733
9.734
9.737
9.741
9.75
9.752
9.759
9.763
9.769
9.77
9.776
9.776
9.782
9.792
9.793
9.797
9.797
9.8
9.802
9.811
9.819
9.819
9.821
9.824
9.83
9.831
9.834
9.84
9.844
9.845
9.845
9.846
9.848
9.855
9.858
9.86
9.86
9.861
9.866
9.87
9.88
9.888
9.89
9.895
9.914
9.929
9.929
9.929
9.932
9.934
9.945
9.948
9.951
9.955
9.961
9.961
9.967
9.968
9.968
9.969
9.969
9.97
9.973
9.973
9.975
9.976
9.977
9.98
9.984
9.987
9.989
9.995
9.998
9.998
9.999
10.001
10.006
10.008
10.009
10.018
10.027
10.029
10.03
10.03
10.033
10.035
10.038
10.038
10.045
10.045
10.048
10.064
10.068
10.072
10.077
10.078
10.079
10.087
10.087
10.088
10.09
10.098
10.1
10.103
10.105
10.105
10.117
10.126
10.128
10.133
10.134
10.136
10.137
10.148
10.149
10.156
10.162
10.162
10.164
10.17
10.171
10.173
10.174
10.179
10.184
10.185
10.186
10.187
10.19
10.195
10.196
10.197
10.2
10.2
10.209
10.211
10.218
10.22
10.222
10.222
10.224
10.225
10.228
10.231
10.232
10.233
10.235
10.235
10.242
10.245
10.247
10.247
10.249
10.249
10.254
10.254
10.255
10.257
10.265
10.265
10.266
10.266
10.267
10.267
10.268
10.269
10.27
10.271
10.274
10.275
10.276
10.286
10.287
10.291
10.296
10.297
10.301
10.301
10.303
10.307
10.313
10.327
10.328
10.329
10.331
10.333
10.334
10.336
10.358
10.363
10.363
10.366
10.371
10.373
10.374
10.374
10.377
10.377
10.378
10.38
10.381
10.382
10.385
10.387
10.389
10.39
10.393
10.394
10.399
10.4
10.401
10.406
10.407
10.412
10.414
10.417
10.421
10.423
10.429
10.434
10.441
10.443
10.445
10.448
10.449
10.452
10.453
10.454
10.454
10.454
10.456
10.465
10.467
10.467
10.47
10.47
10.47
10.471
10.472
10.472
10.475
10.476
10.476
10.481
10.488
10.488
10.493
10.494
10.495
10.501
10.507
10.507
10.509
10.51
10.512
10.514
10.515
10.52
10.523
10.527
10.528
10.538
10.541
10.544
10.547
10.549
10.555
10.556
10.563
10.564
10.574
10.574
10.578
10.578
10.587
10.592
10.597
10.605
10.608
10.616
10.621
10.628
10.63
10.632
10.633
10.635
10.635
10.635
10.635
10.638
10.641
10.641
10.643
10.647
10.657
10.66
10.661
10.662
10.664
10.673
10.673
10.677
10.678
10.684
10.689
10.689
10.692
10.692
10.694
10.696
10.697
10.698
10.7
10.702
10.702
10.703
10.703
10.704
10.707
10.709
10.71
10.72
10.726
10.729
10.739
10.741
10.741
10.743
10.747
10.754
10.758
10.758
10.76
10.765
10.767
10.768
10.769
10.771
10.773
10.777
10.779
10.78
10.781
10.782
10.784
10.804
10.804
10.807
10.81
10.818
10.819
10.819
10.822
10.832
10.834
10.837
10.838
10.839
10.841
10.842
10.845
10.849
10.851
10.859
10.86
10.863
10.866
10.878
10.884
10.886
10.886
10.887
10.888
10.893
10.9
10.901
10.908
10.908
10.908
10.911
10.92
10.92
10.923
10.925
10.925
10.926
10.926
10.931
10.935
10.94
10.944
10.953
10.957
10.958
10.959
10.964
10.965
10.967
10.968
10.969
10.971
10.981
10.981
10.985
10.985
10.988
10.991
10.991
10.993
10.994
10.998
11.002
11.004
11.008
11.008
11.009
11.025
11.025
11.026
11.026
11.028
11.028
11.029
11.033
11.034
11.035
11.038
11.041
11.042
11.043
11.043
11.044
11.045
11.045
11.046
11.046
11.049
11.054
11.055
11.055
11.062
11.064
11.066
11.068
11.071
11.072
11.073
11.073
11.076
11.08
11.087
11.088
11.089
11.092
11.094
11.095
11.097
11.1
11.103
11.104
11.108
11.108
11.109
11.109
11.11
11.117
11.124
11.133
11.139
11.142
11.146
11.148
11.151
11.151
11.153
11.155
11.158
11.16
11.17
11.173
11.178
11.186
11.198
11.199
11.201
11.202
11.202
11.203
11.209
11.21
11.22
11.22
11.221
11.225
11.226
11.24
11.241
11.242
11.242
11.243
11.249
11.253
11.255
11.258
11.262
11.266
11.268
11.278
11.279
11.282
11.289
11.304
11.304
11.308
11.309
11.314
11.321
11.325
11.325
11.325
11.327
11.333
11.352
11.358
11.36
11.37
11.37
11.371
11.376
11.378
11.38
11.38
11.383
11.385
11.385
11.385
11.389
11.389
11.39
11.391
11.391
11.393
11.399
11.405
11.409
11.411
11.413
11.416
11.416
11.418
11.426
11.429
11.429
11.432
11.436
11.437
11.44
11.448
11.45
11.451
11.453
11.454
11.46
11.47
11.472
11.473
11.48
11.481
11.489
11.498
11.499
11.507
11.519
11.52
11.523
11.524
11.524
11.529
11.53
11.53
11.533
11.535
11.538
11.539
11.539
11.542
11.544
11.548
11.551
11.552
11.557
11.562
11.564
11.571
11.572
11.575
11.577
11.58
11.582
11.584
11.587
11.588
11.589
11.591
11.592
11.595
11.596
11.604
11.607
11.608
11.609
11.611
11.623
11.623
11.623
11.623
11.625
11.628
11.629
11.634
11.653
11.655
11.661
11.668
11.668
11.671
11.676
11.686
11.693
11.702
11.703
11.705
11.705
11.714
11.715
11.717
11.718
11.723
11.724
11.724
11.727
11.728
11.735
11.737
11.741
11.742
11.749
11.756
11.756
11.76
11.767
11.771
11.773
11.773
11.777
11.781
11.792
11.799
11.804
11.804
11.808
11.816
11.818
11.822
11.825
11.827
11.828
11.83
11.831
11.842
11.842
11.843
11.848
11.851
11.854
11.858
11.859
11.864
11.865
11.866
11.874
11.876
11.88
11.88
11.88
11.883
11.883
11.885
11.887
11.894
11.901
11.902
11.904
11.908
11.915
11.919
11.92
11.92
11.921
11.923
11.933
11.934
11.935
11.94
11.94
11.948
11.95
11.954
11.957
11.96
11.964
11.969
11.984
11.985
11.985
11.993
11.993
11.997
12
12.003
12.004
12.008
12.009
12.01
12.013
12.018
12.02
12.021
12.024
12.024
12.024
12.025
12.027
12.031
12.034
12.036
12.037
12.046
12.051
12.055
12.055
12.059
12.062
12.063
12.065
12.066
12.07
12.073
12.075
12.077
12.081
12.084
12.086
12.089
12.093
12.095
12.097
12.112
12.115
12.116
12.117
12.12
12.121
12.123
12.123
12.125
12.128
12.13
12.132
12.134
12.139
12.143
12.144
12.145
12.146
12.159
12.162
12.166
12.169
12.169
12.172
12.174
12.175
12.18
12.185
12.186
12.188
12.189
12.197
12.197
12.198
12.2
12.202
12.202
12.207
12.208
12.208
12.209
12.209
12.212
12.216
12.222
12.224
12.226
12.229
12.232
12.241
12.241
12.244
12.247
12.249
12.254
12.257
12.257
12.257
12.258
12.266
12.266
12.268
12.268
12.272
12.272
12.275
12.275
12.276
12.276
12.276
12.276
12.29
12.292
12.295
12.296
12.299
12.301
12.303
12.31
12.31
12.312
12.313
12.316
12.316
12.32
12.322
12.324
12.325
12.325
12.326
12.331
12.334
12.336
12.343
12.344
12.349
12.351
12.353
12.353
12.355
12.358
12.358
12.358
12.358
12.36
12.362
12.375
12.381
12.381
12.382
12.387
12.389
12.394
12.395
12.398
12.399
12.4
12.404
12.406
12.406
12.409
12.411
12.412
12.413
12.414
12.418
12.418
12.419
12.422
12.422
12.428
12.429
12.429
12.432
12.435
12.439
12.44
12.445
12.446
12.455
12.455
12.458
12.462
12.469
12.476
12.48
12.482
12.484
12.487
12.49
12.493
12.5
12.507
12.511
12.512
12.513
12.516
12.526
12.528
12.529
12.532
12.534
12.536
12.537
12.542
12.548
12.548
12.551
12.552
12.552
12.553
12.554
12.558
12.561
12.565
12.568
12.574
12.574
12.58
12.582
12.584
12.598
12.599
12.599
12.601
12.604
12.607
12.608
12.611
12.615
12.622
12.625
12.625
12.625
12.625
12.632
12.644
12.648
12.651
12.653
12.655
12.658
12.659
12.66
12.669
12.674
12.675
12.681
12.681
12.683
12.688
12.694
12.701
12.701
12.705
12.712
12.712
12.714
12.715
12.716
12.722
12.725
12.728
12.738
12.738
12.744
12.745
12.747
12.747
12.747
12.749
12.749
12.749
12.757
12.762
12.768
12.769
12.774
12.778
12.782
12.785
12.785
12.786
12.791
12.792
12.794
12.794
12.794
12.795
12.795
12.797
12.802
12.804
12.806
12.811
12.813
12.815
12.818
12.818
12.818
12.818
12.833
12.839
12.844
12.846
12.85
12.852
12.854
12.854
12.857
12.861
12.866
12.866
12.866
12.867
12.867
12.869
12.872
12.873
12.874
12.877
12.878
12.879
12.879
12.879
12.881
12.885
12.886
12.893
12.897
12.902
12.904
12.906
12.907
12.909
12.912
12.913
12.916
12.923
12.929
12.932
12.938
12.938
12.942
12.943
12.95
12.954
12.958
12.964
12.971
12.975
12.981
12.981
12.982
12.993
12.994
13
13.011
13.022
13.027
13.033
13.034
13.036
13.039
13.04
13.046
13.048
13.048
13.052
13.053
13.054
13.056
13.059
13.059
13.066
13.07
13.076
13.077
13.08
13.082
13.083
13.087
13.089
13.093
13.098
13.099
13.101
13.107
13.112
13.119
13.123
13.125
13.129
13.13
13.135
13.144
13.145
13.145
13.149
13.157
13.158
13.161
13.164
13.166
13.167
13.172
13.175
13.181
13.186
13.187
13.192
13.194
13.202
13.208
13.211
13.217
13.222
13.224
13.23
13.232
13.233
13.24
13.24
13.247
13.25
13.251
13.26
13.261
13.272
13.274
13.277
13.28
13.281
13.288
13.294
13.296
13.299
13.302
13.309
13.309
13.31
13.31
13.313
13.316
13.324
13.339
13.347
13.349
13.366
13.368
13.369
13.37
13.377
13.382
13.383
13.387
13.388
13.39
13.392
13.396
13.398
13.399
13.4
13.405
13.41
13.41
13.412
13.415
13.423
13.435
13.441
13.441
13.443
13.446
13.45
13.451
13.455
13.455
13.456
13.466
13.469
13.477
13.485
13.485
13.498
13.499
13.501
13.503
13.52
13.52
13.521
13.521
13.523
13.528
13.532
13.533
13.535
13.538
13.548
13.552
13.553
13.56
13.578
13.58
13.584
13.607
13.609
13.611
13.616
13.625
13.626
13.634
13.639
13.65
13.652
13.663
13.664
13.666
13.681
13.684
13.689
13.702
13.704
13.711
13.711
13.715
13.718
13.725
13.745
13.749
13.761
13.763
13.765
13.774
13.78
13.784
13.793
13.793
13.804
13.805
13.805
13.809
13.833
13.843
13.844
13.864
13.866
13.873
13.88
13.884
13.885
13.894
13.898
13.908
13.921
13.921
13.921
13.921
13.933
13.934
13.935
13.936
13.939
13.94
13.946
13.947
13.953
13.955
13.964
13.974
13.976
13.992
13.997
14
14.012
14.015
14.018
14.026
14.04
14.048
14.052
14.052
14.059
14.062
14.066
14.069
14.07
14.075
14.076
14.083
14.086
14.09
14.095
14.099
14.104
14.105
14.106
14.107
14.109
14.124
14.126
14.131
14.138
14.142
14.149
14.15
14.15
14.152
14.154
14.156
14.159
14.161
14.163
14.168
14.174
14.178
14.187
14.19
14.192
14.194
14.214
14.221
14.225
14.227
14.232
14.233
14.234
14.234
14.235
14.237
14.238
14.245
14.258
14.259
14.26
14.266
14.279
14.279
14.292
14.293
14.304
14.306
14.309
14.315
14.322
14.325
14.326
14.346
14.347
14.351
14.362
14.364
14.366
14.369
14.374
14.376
14.385
14.388
14.392
14.394
14.398
14.399
14.407
14.414
14.419
14.422
14.422
14.425
14.427
14.439
14.445
14.455
14.46
14.47
14.471
14.481
14.482
14.484
14.487
14.498
14.5
14.502
14.505
14.508
14.513
14.514
14.517
14.518
14.52
14.532
14.546
14.561
14.567
14.57
14.572
14.572
14.574
14.576
14.578
14.583
14.587
14.596
14.596
14.598
14.598
14.598
14.61
14.613
14.615
14.616
14.622
14.623
14.645
14.649
14.65
14.656
14.656
14.657
14.658
14.671
14.677
14.678
14.684
14.69
14.696
14.71
14.716
14.719
14.72
14.724
14.727
14.733
14.734
14.738
14.753
14.756
14.756
14.767
14.768
14.769
14.772
14.772
14.782
14.783
14.791
14.799
14.801
14.806
14.809
14.818
14.824
14.835
14.837
14.845
14.852
14.858
14.864
14.865
14.87
14.871
14.878
14.882
14.886
14.9
14.9
14.914
14.931
14.932
14.933
14.933
14.934
14.941
14.952
14.967
14.97
14.976
14.976
14.98
14.997
14.998
15.003
15.018
15.031
15.032
15.039
15.04
15.05
15.059
15.061
15.063
15.07
15.076
15.083
15.087
15.109
15.116
15.119
15.12
15.123
15.128
15.137
15.146
15.147
15.148
15.152
15.155
15.159
15.164
15.172
15.175
15.187
15.193
15.195
15.198
15.201
15.203
15.222
15.222
15.233
15.234
15.235
15.235
15.24
15.246
15.246
15.252
15.264
15.267
15.268
15.279
15.281
15.289
15.295
15.302
15.304
15.31
15.317
15.323
15.331
15.336
15.34
15.342
15.349
15.356
15.363
15.389
15.406
15.406
15.406
15.408
15.418
15.418
15.425
15.426
15.434
15.435
15.435
15.442
15.455
15.46
15.466
15.476
15.479
15.489
15.489
15.491
15.494
15.494
15.498
15.501
15.507
15.515
15.516
15.519
15.521
15.524
15.528
15.53
15.533
15.535
15.537
15.543
15.544
15.544
15.544
15.556
15.558
15.576
15.583
15.593
15.601
15.607
15.609
15.614
15.618
15.623
15.626
15.63
15.63
15.64
15.645
15.647
15.648
15.649
15.655
15.672
15.675
15.677
15.682
15.699
15.707
15.711
15.711
15.711
15.711
15.719
15.725
15.725
15.725
15.727
15.729
15.754
15.786
15.79
15.793
15.807
15.809
15.811
15.826
15.83
15.834
15.834
15.848
15.849
15.854
15.857
15.888
15.891
15.899
15.901
15.903
15.912
15.923
15.926
15.928
15.933
15.937
15.939
15.953
15.982
15.986
15.987
15.99
15.996
16.001
16.013
16.029
16.03
16.039
16.047
16.053
16.061
16.064
16.067
16.079
16.085
16.086
16.097
16.099
16.099
16.105
16.109
16.117
16.12
16.129
16.15
16.15
16.17
16.173
16.181
16.209
16.213
16.223
16.228
16.237
16.243
16.251
16.264
16.272
16.275
16.281
16.285
16.293
16.297
16.3
16.314
16.32
16.323
16.333
16.351
16.358
16.363
16.379
16.388
16.393
16.394
16.396
16.401
16.405
16.424
16.426
16.46
16.468
16.468
16.469
16.475
16.479
16.481
16.486
16.49
16.495
16.518
16.528
16.533
16.534
16.54
16.542
16.544
16.545
16.548
16.555
16.557
16.577
16.578
16.58
16.602
16.609
16.617
16.644
16.648
16.666
16.691
16.694
16.698
16.708
16.724
16.727
16.729
16.731
16.736
16.758
16.76
16.766
16.769
16.771
16.776
16.785
16.786
16.789
16.797
16.806
16.807
16.808
16.822
16.83
16.84
16.841
16.861
16.87
16.872
16.886
16.895
16.9
16.904
16.906
16.922
16.926
16.941
16.956
16.957
16.959
16.988
16.99
16.995
17.007
17.009
17.029
17.036
17.043
17.048
17.057
17.07
17.08
17.104
17.119
17.132
17.159
17.178
17.191
17.2
17.208
17.208
17.21
17.234
17.268
17.269
17.274
17.276
17.314
17.328
17.335
17.36
17.373
17.392
17.396
17.409
17.422
17.429
17.434
17.458
17.472
17.488
17.497
17.523
17.528
17.53
17.532
17.541
17.552
17.573
17.579
17.597
17.615
17.625
17.63
17.636
17.637
17.647
17.651
17.651
17.66
17.667
17.67
17.677
17.687
17.695
17.705
17.711
17.713
17.727
17.728
17.731
17.732
17.748
17.756
17.759
17.763
17.764
17.767
17.769
17.778
17.779
17.797
17.807
17.814
17.827
17.827
17.83
17.878
17.881
17.881
17.883
17.89
17.917
17.918
17.939
17.952
17.974
17.975
18.012
18.035
18.043
18.049
18.075
18.088
18.093
18.095
18.121
18.131
18.139
18.17
18.174
18.181
18.184
18.236
18.255
18.268
18.274
18.301
18.304
18.383
18.384
18.393
18.437
18.45
18.456
18.456
18.464
18.467
18.475
18.476
18.479
18.485
18.49
18.5
18.502
18.507
18.545
18.559
18.559
18.578
18.587
18.599
18.621
18.653
18.659
18.694
18.706
18.732
18.757
18.767
18.783
18.786
18.788
18.82
18.858
18.869
18.911
18.93
18.95
18.95
18.957
18.962
18.97
18.984
18.989
18.996
19.008
19.045
19.053
19.066
19.082
19.113
19.139
19.15
19.171
19.178
19.183
19.197
19.211
19.221
19.233
19.24
19.242
19.268
19.28
19.287
19.3
19.301
19.308
19.313
19.335
19.351
19.355
19.377
19.389
19.4
19.4
19.407
19.408
19.417
19.433
19.449
19.451
19.46
19.463
19.467
19.5
19.552
19.577
19.63
19.653
19.656
19.663
19.686
19.705
19.714
19.739
19.759
19.762
19.777
19.795
19.811
19.813
19.818
19.831
19.838
19.858
19.859
19.918
19.988
20.03
20.052
20.062
20.09
20.09
20.092
20.096
20.096
20.115
20.118
20.197
20.209
20.216
20.217
20.243
20.261
20.261
20.279
20.354
20.366
20.435
20.465
20.511
20.538
20.637
20.655
20.683
20.685
20.689
20.689
20.699
20.784
20.808
20.809
20.817
20.828
20.851
20.945
20.956
20.968
20.985
20.985
20.99
20.994
20.999
21.078
21.089
21.108
21.133
21.173
21.174
21.178
21.182
21.197
21.203
21.217
21.238
21.341
21.353
21.522
21.624
21.645
21.714
21.79
21.93
21.94
22.085
22.118
22.146
22.167
22.172
22.174
22.182
22.249
22.249
22.257
22.311
22.358
22.374
22.38
22.398
22.5
22.517
22.563
22.572
22.597
22.66
22.681
22.693
22.716
22.756
22.797
22.803
22.909
23.055
23.154
23.174
23.292
23.295
23.31
23.331
23.349
23.422
23.43
23.433
23.49
23.521
23.531
23.71
23.729
23.737
23.754
23.814
23.893
23.972
24.091
24.103
24.11
24.133
24.141
24.143
24.157
24.266
24.269
24.344
24.372
24.436
24.444
24.506
24.651
24.886
25.16
25.215
25.23
25.249
25.326
25.604
25.697
25.767
25.912
25.986
26.631
26.93
26.964
27.273
27.387
27.739
27.898
28.326
29.023
29.518
30.104
32.586
33.187
34.022
36.965
53.313
