1.441
3.992
4.046
4.156
4.252
4.268
4.324
4.334
4.356
4.38
4.443
4.45
4.459
4.466
4.471
4.539
4.55
4.557
4.559
4.61
4.643
4.647
4.648
4.66
4.67
4.709
4.721
4.733
4.749
4.762
4.787
4.836
4.837
4.849
4.865
4.878
4.905
4.91
4.93
4.932
4.935
4.937
4.947
4.95
4.956
4.961
4.966
4.968
4.988
4.995
5.027
5.027
5.036
5.037
5.074
5.079
5.079
5.081
5.118
5.138
5.141
5.162
5.164
5.171
5.179
5.195
5.218
5.22
5.23
5.239
5.275
5.278
5.281
5.282
5.315
5.321
5.335
5.342
5.346
5.347
5.355
5.369
5.384
5.39
5.405
5.407
5.426
5.426
5.446
5.448
5.46
5.462
5.476
5.486
5.491
5.507
5.52
5.52
5.523
5.523
5.526
5.529
5.532
5.546
5.553
5.553
5.557
5.567
5.574
5.58
5.587
5.588
5.59
5.609
5.61
5.616
5.618
5.625
5.628
5.629
5.64
5.652
5.667
5.677
5.702
5.707
5.712
5.717
5.719
5.724
5.737
5.744
5.748
5.749
5.767
5.771
5.779
5.781
5.782
5.789
5.796
5.821
5.831
5.833
5.839
5.859
5.861
5.873
5.874
5.874
5.874
5.901
5.911
5.917
5.931
5.945
5.953
5.955
5.956
5.958
5.96
5.964
5.966
5.968
5.973
5.977
5.98
5.981
5.984
5.993
5.995
5.997
5.999
6
6.002
6.026
6.027
6.028
6.035
6.037
6.047
6.06
6.062
6.063
6.066
6.067
6.068
6.069
6.087
6.09
6.091
6.091
6.092
6.095
6.096
6.1
6.101
6.104
6.117
6.124
6.135
6.144
6.157
6.162
6.169
6.172
6.178
6.185
6.189
6.19
6.19
6.191
6.2
6.206
6.211
6.212
6.222
6.225
6.227
6.228
6.228
6.229
6.245
6.247
6.252
6.254
6.259
6.261
6.262
6.267
6.27
6.277
6.281
6.282
6.284
6.284
6.284
6.285
6.298
6.311
6.313
6.314
6.322
6.325
6.326
6.331
6.342
6.344
6.351
6.352
6.359
6.36
6.361
6.363
6.367
6.37
6.371
6.379
6.381
6.382
6.384
6.387
6.399
6.401
6.404
6.406
6.415
6.425
6.434
6.437
6.437
6.44
6.442
6.448
6.452
6.453
6.462
6.466
6.467
6.468
6.47
6.487
6.491
6.504
6.506
6.506
6.512
6.522
6.523
6.53
6.536
6.547
6.548
6.554
6.573
6.573
6.577
6.583
6.584
6.586
6.588
6.596
6.609
6.618
6.618
6.635
6.639
6.642
6.645
6.647
6.653
6.656
6.664
6.677
6.677
6.682
6.693
6.696
6.698
6.706
6.718
6.719
6.728
6.729
6.731
6.732
6.732
6.734
6.743
6.745
6.751
6.753
6.754
6.76
6.765
6.766
6.767
6.768
6.778
6.781
6.786
6.791
6.797
6.801
6.805
6.807
6.817
6.817
6.83
6.835
6.84
6.841
6.845
6.847
6.852
6.852
6.856
6.861
6.863
6.863
6.864
6.865
6.865
6.874
6.877
6.884
6.89
6.891
6.901
6.907
6.914
6.915
6.916
6.921
6.927
6.929
6.93
6.934
6.937
6.937
6.938
6.945
6.948
6.949
6.95
6.953
6.953
6.956
6.958
6.966
6.977
6.977
6.978
6.988
6.991
6.996
7.013
7.014
7.051
7.054
7.061
7.071
7.079
7.082
7.085
7.099
7.117
7.131
7.136
7.139
7.14
7.14
7.154
7.168
7.19
7.201
7.205
7.205
7.215
7.228
7.269
7.287
7.288
7.291
7.293
7.307
7.315
7.321
7.325
7.326
7.34
7.359
7.366
7.374
7.377
7.379
7.422
7.426
7.43
7.442
7.446
7.459
7.493
7.494
7.502
7.504
7.508
7.517
7.523
7.535
7.546
7.556
7.562
7.572
7.574
7.58
7.581
7.592
7.599
7.607
7.609
7.619
7.629
7.634
7.66
7.66
7.667
7.667
7.675
7.682
7.698
7.705
7.712
7.72
7.728
7.731
7.752
7.753
7.754
7.757
7.759
7.768
7.768
7.773
7.774
7.778
7.779
7.78
7.781
7.787
7.787
7.792
7.802
7.803
7.806
7.81
7.817
7.819
7.834
7.84
7.845
7.847
7.848
7.85
7.874
7.889
7.898
7.899
7.909
7.914
7.923
7.925
7.926
7.93
7.932
7.941
7.941
7.942
7.943
7.95
7.958
7.959
7.96
7.969
7.969
7.973
7.98
7.988
7.99
7.991
7.993
7.994
7.995
7.998
8.002
8.008
8.011
8.012
8.014
8.017
8.018
8.033
8.041
8.046
8.058
8.06
8.06
8.063
8.067
8.068
8.07
8.073
8.084
8.091
8.101
8.109
8.11
8.131
8.136
8.144
8.146
8.151
8.151
8.156
8.156
8.159
8.161
8.161
8.186
8.192
8.204
8.205
8.205
8.217
8.219
8.225
8.23
8.231
8.232
8.245
8.248
8.255
8.258
8.265
8.269
8.273
8.273
8.275
8.283
8.284
8.284
8.287
8.296
8.297
8.305
8.314
8.315
8.317
8.325
8.333
8.337
8.36
8.361
8.363
8.364
8.365
8.367
8.378
8.384
8.391
8.394
8.398
8.399
8.4
8.403
8.406
8.407
8.409
8.41
8.422
8.424
8.426
8.43
8.435
8.436
8.449
8.454
8.456
8.46
8.463
8.463
8.479
8.486
8.487
8.49
8.494
8.496
8.498
8.503
8.505
8.506
8.513
8.522
8.531
8.541
8.543
8.544
8.553
8.554
8.555
8.563
8.569
8.578
8.58
8.58
8.59
8.592
8.593
8.595
8.596
8.607
8.608
8.61
8.614
8.616
8.622
8.622
8.624
8.626
8.633
8.646
8.646
8.65
8.653
8.661
8.665
8.674
8.675
8.677
8.681
8.684
8.702
8.716
8.719
8.73
8.733
8.735
8.737
8.74
8.745
8.751
8.762
8.764
8.766
8.767
8.769
8.776
8.777
8.792
8.799
8.801
8.802
8.807
8.81
8.813
8.813
8.821
8.823
8.824
8.83
8.841
8.851
8.857
8.859
8.869
8.869
8.88
8.887
8.894
8.898
8.901
8.906
8.918
8.921
8.922
8.926
8.928
8.958
8.962
8.964
8.973
8.974
8.977
8.984
8.985
8.985
8.998
9.015
9.021
9.025
9.033
9.043
9.051
9.051
9.054
9.058
9.058
9.062
9.062
9.064
9.07
9.073
9.073
9.074
9.075
9.077
9.084
9.087
9.093
9.1
9.102
9.106
9.113
9.117
9.127
9.128
9.134
9.149
9.15
9.151
9.151
9.176
9.2
9.205
9.216
9.219
9.224
9.23
9.234
9.242
9.257
9.264
9.27
9.293
9.299
9.302
9.302
9.305
9.31
9.313
9.32
9.326
9.33
9.335
9.346
9.349
9.349
9.351
9.354
9.373
9.378
9.402
9.403
9.415
9.416
9.428
9.429
9.432
9.439
9.442
9.459
9.467
9.47
9.471
9.474
9.51
9.521
9.524
9.542
9.543
9.557
9.566
9.567
9.569
9.586
9.592
9.592
9.594
9.612
9.614
9.617
9.631
9.631
9.655
9.663
9.664
9.679
9.696
9.696
9.711
9.712
9.717
9.752
9.753
9.764
9.77
9.797
9.801
9.815
9.815
9.839
9.844
9.849
9.879
9.893
9.896
9.9
9.923
9.954
9.956
9.964
9.971
9.976
9.984
9.985
9.991
10.031
10.039
10.039
10.041
10.042
10.047
10.054
10.055
10.061
10.086
10.091
10.137
10.137
10.14
10.145
10.169
10.17
10.17
10.172
10.178
10.213
10.224
10.246
10.247
10.274
10.278
10.284
10.296
10.298
10.302
10.315
10.319
10.322
10.328
10.341
10.349
10.36
10.361
10.37
10.378
10.387
10.395
10.418
10.422
10.424
10.444
10.444
10.445
10.462
10.476
10.476
10.507
10.521
10.525
10.528
10.534
10.536
10.548
10.573
10.579
10.59
10.592
10.604
10.623
10.625
10.626
10.63
10.646
10.668
10.674
10.678
10.692
10.706
10.735
10.738
10.74
10.742
10.747
10.754
10.772
10.816
10.862
10.865
10.883
10.935
10.947
10.951
10.964
10.972
10.979
11.007
11.033
11.037
11.049
11.058
11.064
11.078
11.082
11.111
11.111
11.116
11.119
11.122
11.13
11.135
11.136
11.145
11.15
11.15
11.15
11.157
11.159
11.165
11.185
11.195
11.212
11.215
11.221
11.227
11.282
11.283
11.308
11.326
11.339
11.342
11.343
11.344
11.344
11.35
11.36
11.368
11.376
11.393
11.41
11.429
11.435
11.458
11.476
11.477
11.482
11.483
11.496
11.517
11.532
11.541
11.547
11.569
11.577
11.59
11.621
11.647
11.649
11.708
11.713
11.718
11.776
11.812
11.816
11.818
11.818
11.842
11.847
11.855
11.864
11.867
11.874
11.898
11.929
11.932
11.959
11.962
11.97
11.997
11.998
11.998
12.004
12.005
12.013
12.026
12.032
12.035
12.036
12.037
12.045
12.046
12.048
12.051
12.051
12.063
12.072
12.09
12.108
12.108
12.118
12.125
12.13
12.14
12.148
12.15
12.166
12.184
12.188
12.19
12.201
12.207
12.227
12.228
12.246
12.301
12.31
12.322
12.353
12.361
12.374
12.406
12.415
12.434
12.444
12.467
12.482
12.483
12.487
12.49
12.495
12.503
12.503
12.511
12.542
12.546
12.563
12.574
12.609
12.628
12.637
12.642
12.682
12.686
12.699
12.709
12.716
12.73
12.733
12.754
12.757
12.813
12.833
12.847
12.856
12.879
12.892
12.903
12.923
12.942
12.945
12.975
13.035
13.06
13.072
13.079
13.087
13.125
13.169
13.189
13.19
13.212
13.236
13.242
13.258
13.269
13.311
13.323
13.343
13.401
13.451
13.456
13.465
13.48
13.485
13.502
13.502
13.618
13.655
13.66
13.67
13.68
13.736
13.795
13.816
13.875
13.883
13.91
13.922
13.937
13.967
13.975
14.001
14.004
14.008
14.024
14.055
14.137
14.17
14.172
14.179
14.283
14.335
14.338
14.364
14.379
14.521
14.574
14.676
14.721
14.765
14.788
14.95
15.037
15.046
15.143
15.193
15.223
15.285
15.294
15.314
15.592
15.649
15.663
16.152
16.354
16.374
16.623
16.744
16.904
16.994
17.08
17.508
17.753
17.836
17.991
17.997
18.203
18.304
18.344
18.609
19.758
20.166
20.58
21.673
21.764
22.479
23.054
23.155
24.677
