0.743
4.336
4.348
4.353
4.399
4.484
4.487
4.488
4.51
4.511
4.522
4.53
4.541
4.549
4.568
4.599
4.599
4.6
4.615
4.628
4.636
4.665
4.668
4.668
4.669
4.711
4.722
4.737
4.776
4.802
4.811
4.851
4.894
4.928
4.94
4.956
4.971
4.981
4.981
5.098
5.1
5.106
5.109
5.126
5.127
5.138
5.191
5.197
5.202
5.209
5.211
5.232
5.285
5.294
5.299
5.299
5.308
5.311
5.344
5.371
5.371
5.371
5.372
5.385
5.388
5.388
5.391
5.401
5.406
5.41
5.476
5.485
5.491
5.497
5.508
5.508
5.519
5.523
5.523
5.527
5.528
5.567
5.574
5.584
5.599
5.599
5.613
5.621
5.627
5.635
5.646
5.664
5.674
5.682
5.695
5.708
5.711
5.722
5.741
5.748
5.786
5.811
5.813
5.831
5.836
5.845
5.848
5.854
5.857
5.86
5.862
5.881
5.891
5.9
5.9
5.919
5.923
5.957
5.973
5.973
5.974
5.98
5.99
5.996
5.999
6.003
6.006
6.009
6.031
6.036
6.046
6.047
6.048
6.053
6.056
6.074
6.084
6.087
6.097
6.106
6.107
6.112
6.114
6.125
6.126
6.126
6.132
6.137
6.142
6.145
6.147
6.149
6.15
6.155
6.156
6.157
6.159
6.165
6.174
6.176
6.179
6.181
6.181
6.184
6.188
6.191
6.204
6.204
6.205
6.206
6.208
6.21
6.214
6.22
6.223
6.223
6.225
6.228
6.25
6.252
6.255
6.256
6.257
6.278
6.281
6.285
6.286
6.288
6.292
6.3
6.303
6.307
6.307
6.315
6.316
6.317
6.321
6.325
6.328
6.334
6.339
6.341
6.342
6.343
6.344
6.344
6.349
6.35
6.352
6.354
6.36
6.36
6.37
6.373
6.378
6.378
6.403
6.416
6.418
6.429
6.43
6.434
6.435
6.435
6.438
6.445
6.45
6.45
6.452
6.453
6.461
6.47
6.472
6.485
6.486
6.494
6.495
6.495
6.497
6.498
6.5
6.509
6.512
6.516
6.519
6.52
6.522
6.524
6.533
6.54
6.545
6.545
6.547
6.55
6.554
6.564
6.569
6.57
6.571
6.572
6.575
6.578
6.582
6.586
6.587
6.589
6.591
6.594
6.595
6.603
6.622
6.623
6.623
6.627
6.647
6.647
6.647
6.653
6.66
6.663
6.665
6.681
6.686
6.69
6.697
6.698
6.702
6.707
6.714
6.716
6.722
6.726
6.731
6.738
6.741
6.743
6.751
6.754
6.757
6.767
6.773
6.779
6.78
6.781
6.803
6.803
6.807
6.818
6.821
6.825
6.83
6.836
6.844
6.845
6.847
6.849
6.854
6.854
6.854
6.856
6.871
6.872
6.872
6.89
6.89
6.893
6.908
6.909
6.914
6.922
6.926
6.928
6.935
6.945
6.954
6.958
6.983
6.997
7.003
7.009
7.013
7.021
7.037
7.046
7.056
7.064
7.069
7.074
7.08
7.084
7.094
7.101
7.103
7.104
7.109
7.11
7.111
7.118
7.138
7.15
7.152
7.192
7.194
7.196
7.199
7.203
7.21
7.211
7.212
7.233
7.238
7.24
7.244
7.245
7.251
7.271
7.275
7.275
7.278
7.278
7.28
7.286
7.286
7.288
7.295
7.295
7.305
7.306
7.325
7.327
7.335
7.337
7.338
7.34
7.345
7.347
7.367
7.367
7.37
7.371
7.372
7.378
7.384
7.388
7.396
7.398
7.398
7.401
7.402
7.416
7.42
7.427
7.439
7.444
7.445
7.45
7.454
7.457
7.459
7.463
7.468
7.472
7.474
7.482
7.489
7.493
7.501
7.503
7.504
7.505
7.517
7.527
7.528
7.539
7.541
7.549
7.554
7.555
7.556
7.557
7.561
7.567
7.567
7.569
7.577
7.579
7.584
7.584
7.585
7.602
7.603
7.606
7.609
7.611
7.613
7.614
7.622
7.63
7.634
7.643
7.645
7.646
7.647
7.659
7.66
7.665
7.666
7.676
7.682
7.685
7.685
7.685
7.689
7.691
7.694
7.696
7.701
7.705
7.705
7.708
7.71
7.715
7.716
7.719
7.723
7.731
7.733
7.735
7.738
7.744
7.746
7.75
7.755
7.762
7.773
7.774
7.774
7.775
7.777
7.778
7.779
7.78
7.78
7.784
7.791
7.794
7.796
7.799
7.802
7.81
7.816
7.829
7.83
7.83
7.833
7.836
7.836
7.837
7.84
7.849
7.849
7.855
7.857
7.858
7.859
7.86
7.867
7.869
7.87
7.873
7.875
7.88
7.881
7.881
7.898
7.9
7.908
7.909
7.911
7.915
7.915
7.916
7.92
7.924
7.924
7.926
7.93
7.933
7.933
7.936
7.942
7.947
7.952
7.953
7.957
7.962
7.964
7.967
7.972
7.974
7.975
7.99
7.993
8
8.004
8.005
8.005
8.013
8.014
8.015
8.019
8.02
8.025
8.027
8.029
8.03
8.032
8.035
8.036
8.04
8.04
8.045
8.049
8.054
8.054
8.061
8.064
8.066
8.067
8.076
8.079
8.079
8.083
8.083
8.09
8.091
8.094
8.104
8.104
8.107
8.109
8.109
8.113
8.115
8.117
8.121
8.125
8.128
8.139
8.145
8.149
8.153
8.153
8.155
8.16
8.164
8.166
8.167
8.17
8.173
8.174
8.175
8.179
8.179
8.18
8.181
8.181
8.183
8.185
8.188
8.196
8.198
8.202
8.203
8.211
8.212
8.212
8.213
8.217
8.227
8.228
8.23
8.241
8.243
8.246
8.248
8.251
8.252
8.254
8.266
8.27
8.27
8.272
8.274
8.279
8.285
8.287
8.288
8.289
8.29
8.294
8.296
8.298
8.301
8.301
8.318
8.319
8.32
8.321
8.322
8.323
8.326
8.335
8.339
8.339
8.342
8.342
8.343
8.344
8.345
8.345
8.35
8.351
8.355
8.358
8.358
8.36
8.367
8.371
8.373
8.377
8.381
8.392
8.392
8.398
8.405
8.409
8.411
8.415
8.438
8.439
8.441
8.447
8.45
8.453
8.456
8.459
8.459
8.471
8.474
8.478
8.479
8.481
8.484
8.485
8.49
8.494
8.503
8.508
8.509
8.514
8.521
8.547
8.554
8.57
8.573
8.58
8.589
8.594
8.598
8.6
8.614
8.616
8.622
8.624
8.625
8.626
8.628
8.629
8.633
8.635
8.636
8.641
8.643
8.646
8.646
8.646
8.648
8.65
8.658
8.66
8.67
8.679
8.689
8.711
8.712
8.736
8.739
8.739
8.746
8.747
8.751
8.759
8.763
8.77
8.779
8.779
8.783
8.795
8.797
8.799
8.804
8.808
8.816
8.826
8.842
8.848
8.855
8.855
8.858
8.864
8.866
8.873
8.883
8.894
8.909
8.911
8.915
8.915
8.918
8.925
8.934
8.947
8.947
8.952
8.955
8.956
8.973
8.974
8.983
9.001
9.004
9.005
9.008
9.013
9.021
9.025
9.049
9.049
9.051
9.052
9.094
9.11
9.119
9.121
9.122
9.144
9.144
9.148
9.155
9.156
9.19
9.2
9.205
9.206
9.208
9.219
9.222
9.232
9.233
9.24
9.252
9.253
9.255
9.283
9.302
9.304
9.32
9.326
9.333
9.339
9.341
9.345
9.35
9.36
9.361
9.378
9.378
9.384
9.385
9.395
9.409
9.412
9.413
9.421
9.427
9.437
9.438
9.439
9.439
9.444
9.467
9.477
9.482
9.487
9.489
9.502
9.505
9.507
9.53
9.53
9.561
9.563
9.588
9.595
9.6
9.605
9.61
9.614
9.626
9.632
9.638
9.66
9.682
9.689
9.721
9.742
9.759
9.76
9.773
9.777
9.78
9.793
9.794
9.794
9.809
9.811
9.814
9.822
9.827
9.831
9.836
9.855
9.857
9.864
9.875
9.89
9.909
9.928
9.959
9.969
9.99
9.997
10.003
10.01
10.013
10.026
10.029
10.049
10.058
10.059
10.072
10.08
10.09
10.101
10.102
10.108
10.114
10.128
10.137
10.137
10.141
10.172
10.19
10.194
10.199
10.199
10.202
10.21
10.212
10.234
10.241
10.246
10.249
10.279
10.289
10.291
10.301
10.302
10.306
10.317
10.318
10.33
10.332
10.336
10.338
10.35
10.353
10.374
10.398
10.41
10.414
10.42
10.437
10.454
10.46
10.484
10.501
10.511
10.53
10.551
10.552
10.553
10.555
10.561
10.585
10.59
10.603
10.61
10.616
10.643
10.651
10.651
10.661
10.662
10.669
10.676
10.682
10.721
10.731
10.747
10.754
10.755
10.761
10.784
10.791
10.805
10.809
10.821
10.821
10.826
10.842
10.858
10.864
10.866
10.904
10.909
10.934
10.95
10.983
10.999
10.999
11
11.04
11.047
11.05
11.055
11.065
11.081
11.088
11.091
11.096
11.099
11.106
11.114
11.17
11.175
11.177
11.205
11.207
11.218
11.272
11.292
11.299
11.322
11.335
11.345
11.357
11.358
11.366
11.387
11.388
11.399
11.405
11.432
11.449
11.463
11.464
11.479
11.483
11.488
11.492
11.5
11.502
11.516
11.543
11.545
11.548
11.549
11.566
11.566
11.582
11.59
11.604
11.605
11.624
11.63
11.641
11.651
11.68
11.702
11.717
11.723
11.729
11.732
11.732
11.735
11.78
11.787
11.799
11.805
11.844
11.85
11.853
11.853
11.854
11.855
11.899
11.909
11.92
11.921
11.928
11.949
11.973
11.994
11.996
12.003
12.008
12.015
12.017
12.026
12.027
12.028
12.042
12.048
12.051
12.052
12.075
12.094
12.107
12.11
12.12
12.142
12.145
12.156
12.16
12.18
12.248
12.273
12.28
12.281
12.282
12.294
12.297
12.323
12.343
12.344
12.346
12.352
12.36
12.37
12.382
12.417
12.449
12.465
12.467
12.475
12.492
12.497
12.53
12.55
12.552
12.574
12.662
12.665
12.674
12.681
12.687
12.739
12.74
12.741
12.751
12.774
12.778
12.802
12.82
12.844
12.86
12.863
12.887
12.899
12.905
12.908
12.912
12.934
13.082
13.091
13.156
13.186
13.202
13.216
13.248
13.291
13.294
13.337
13.352
13.358
13.387
13.403
13.476
13.48
13.522
13.54
13.724
13.749
13.791
13.945
14.1
14.141
14.32
14.347
14.371
14.449
15.011
15.073
15.092
15.576
15.8
16.088
16.395
16.54
16.721
16.766
17.552
17.796
18.118
18.137
18.494
18.652
18.891
19.066
19.085
19.116
19.472
20.231
20.298
20.398
22.634
24.039
