1.531
6.523
6.607
6.676
6.681
6.681
6.741
6.95
7.033
7.039
7.188
7.225
7.245
7.296
7.33
7.338
7.431
7.47
7.486
7.515
7.525
7.581
7.583
7.592
7.598
7.656
7.695
7.696
7.702
7.708
7.717
7.73
7.733
7.747
7.769
7.782
7.825
7.902
7.902
7.926
7.927
7.939
7.982
7.998
8.007
8.013
8.028
8.036
8.066
8.067
8.09
8.094
8.094
8.095
8.104
8.111
8.113
8.159
8.17
8.189
8.22
8.244
8.255
8.264
8.275
8.288
8.294
8.298
8.301
8.317
8.335
8.336
8.346
8.347
8.356
8.362
8.362
8.369
8.383
8.389
8.389
8.395
8.397
8.407
8.412
8.436
8.45
8.452
8.46
8.461
8.462
8.48
8.492
8.495
8.498
8.503
8.507
8.516
8.517
8.529
8.535
8.55
8.579
8.582
8.594
8.607
8.621
8.625
8.626
8.626
8.634
8.636
8.638
8.646
8.649
8.652
8.685
8.692
8.707
8.709
8.711
8.718
8.719
8.731
8.741
8.747
8.752
8.753
8.756
8.763
8.766
8.767
8.768
8.768
8.771
8.779
8.79
8.805
8.81
8.81
8.821
8.832
8.839
8.84
8.843
8.846
8.85
8.854
8.855
8.856
8.871
8.872
8.875
8.876
8.881
8.881
8.888
8.897
8.902
8.912
8.917
8.923
8.924
8.927
8.937
8.942
8.942
8.945
8.949
8.956
8.971
8.993
9
9
9.003
9.014
9.02
9.024
9.025
9.026
9.05
9.061
9.069
9.069
9.073
9.086
9.102
9.102
9.113
9.114
9.116
9.116
9.117
9.117
9.122
9.127
9.13
9.136
9.144
9.144
9.153
9.159
9.172
9.174
9.176
9.177
9.188
9.209
9.21
9.215
9.218
9.218
9.22
9.227
9.233
9.236
9.239
9.24
9.243
9.247
9.264
9.272
9.273
9.276
9.277
9.281
9.292
9.298
9.301
9.304
9.308
9.311
9.312
9.314
9.317
9.323
9.33
9.343
9.349
9.361
9.369
9.37
9.372
9.373
9.377
9.38
9.389
9.394
9.396
9.404
9.406
9.407
9.409
9.41
9.419
9.42
9.42
9.424
9.424
9.426
9.428
9.434
9.446
9.446
9.449
9.452
9.453
9.455
9.46
9.462
9.463
9.467
9.47
9.47
9.482
9.503
9.507
9.518
9.522
9.525
9.53
9.535
9.541
9.542
9.547
9.555
9.558
9.578
9.578
9.589
9.591
9.592
9.595
9.597
9.61
9.617
9.618
9.618
9.623
9.623
9.629
9.629
9.631
9.636
9.65
9.654
9.656
9.66
9.668
9.669
9.673
9.685
9.688
9.689
9.696
9.698
9.698
9.7
9.708
9.709
9.712
9.713
9.717
9.717
9.731
9.731
9.732
9.732
9.732
9.735
9.741
9.744
9.744
9.745
9.748
9.751
9.759
9.76
9.765
9.766
9.768
9.77
9.782
9.782
9.783
9.786
9.795
9.806
9.809
9.813
9.815
9.829
9.843
9.848
9.853
9.854
9.856
9.857
9.859
9.86
9.861
9.864
9.866
9.872
9.876
9.881
9.895
9.899
9.91
9.911
9.915
9.915
9.918
9.924
9.924
9.925
9.927
9.927
9.928
9.936
9.938
9.943
9.947
9.965
9.967
9.97
9.973
9.976
9.985
9.986
9.988
9.989
9.997
9.997
10.004
10.004
10.007
10.007
10.012
10.021
10.022
10.038
10.043
10.047
10.054
10.063
10.073
10.077
10.078
10.082
10.084
10.093
10.098
10.102
10.106
10.112
10.117
10.125
10.131
10.133
10.133
10.134
10.14
10.144
10.146
10.146
10.15
10.15
10.153
10.16
10.163
10.169
10.171
10.171
10.171
10.176
10.177
10.18
10.181
10.183
10.192
10.193
10.196
10.196
10.199
10.2
10.207
10.209
10.21
10.211
10.212
10.217
10.22
10.221
10.227
10.227
10.235
10.236
10.243
10.244
10.249
10.249
10.252
10.271
10.274
10.274
10.281
10.288
10.289
10.289
10.295
10.3
10.3
10.303
10.305
10.308
10.319
10.326
10.327
10.327
10.329
10.337
10.34
10.34
10.341
10.344
10.346
10.347
10.349
10.355
10.356
10.358
10.361
10.362
10.368
10.382
10.392
10.392
10.393
10.393
10.398
10.4
10.403
10.403
10.406
10.406
10.407
10.408
10.408
10.408
10.409
10.418
10.421
10.421
10.421
10.425
10.426
10.433
10.442
10.447
10.447
10.454
10.46
10.461
10.469
10.469
10.469
10.469
10.47
10.473
10.473
10.476
10.478
10.48
10.481
10.482
10.485
10.485
10.487
10.511
10.511
10.518
10.52
10.524
10.529
10.53
10.534
10.537
10.538
10.539
10.541
10.543
10.543
10.547
10.547
10.552
10.552
10.555
10.555
10.556
10.559
10.561
10.562
10.563
10.575
10.581
10.582
10.582
10.586
10.588
10.588
10.59
10.596
10.596
10.601
10.603
10.61
10.616
10.617
10.62
10.621
10.621
10.628
10.635
10.636
10.643
10.644
10.646
10.647
10.648
10.65
10.652
10.654
10.654
10.655
10.657
10.661
10.661
10.678
10.68
10.681
10.681
10.681
10.681
10.689
10.693
10.694
10.701
10.705
10.705
10.706
10.713
10.715
10.717
10.726
10.728
10.729
10.733
10.734
10.734
10.739
10.739
10.744
10.746
10.747
10.749
10.753
10.753
10.753
10.755
10.755
10.758
10.759
10.76
10.762
10.762
10.767
10.768
10.77
10.77
10.778
10.778
10.779
10.786
10.788
10.788
10.788
10.788
10.792
10.796
10.798
10.804
10.81
10.812
10.812
10.814
10.821
10.827
10.829
10.829
10.829
10.83
10.83
10.83
10.832
10.839
10.84
10.845
10.846
10.851
10.852
10.852
10.859
10.86
10.861
10.861
10.868
10.87
10.87
10.875
10.877
10.878
10.881
10.892
10.894
10.895
10.898
10.905
10.906
10.907
10.907
10.908
10.919
10.925
10.928
10.932
10.935
10.935
10.938
10.938
10.938
10.938
10.939
10.939
10.94
10.943
10.943
10.944
10.945
10.949
10.952
10.955
10.957
10.957
10.958
10.961
10.962
10.962
10.967
10.969
10.97
10.97
10.971
10.973
10.975
10.978
10.986
10.986
10.988
10.989
10.995
10.996
11.003
11.004
11.007
11.01
11.011
11.016
11.019
11.021
11.023
11.026
11.029
11.029
11.035
11.036
11.038
11.043
11.049
11.049
11.051
11.053
11.054
11.055
11.063
11.069
11.072
11.076
11.081
11.087
11.089
11.09
11.09
11.091
11.094
11.099
11.1
11.102
11.102
11.108
11.117
11.119
11.122
11.125
11.125
11.129
11.13
11.137
11.137
11.14
11.143
11.145
11.149
11.15
11.15
11.152
11.161
11.161
11.161
11.163
11.168
11.175
11.178
11.181
11.186
11.186
11.188
11.191
11.194
11.202
11.203
11.206
11.213
11.214
11.214
11.215
11.216
11.222
11.226
11.228
11.231
11.233
11.233
11.234
11.234
11.237
11.237
11.237
11.242
11.245
11.246
11.249
11.254
11.256
11.261
11.267
11.269
11.272
11.274
11.279
11.282
11.282
11.283
11.284
11.286
11.288
11.289
11.291
11.3
11.303
11.309
11.32
11.321
11.324
11.331
11.333
11.342
11.344
11.353
11.356
11.357
11.37
11.37
11.373
11.374
11.377
11.383
11.388
11.396
11.399
11.4
11.403
11.404
11.409
11.412
11.418
11.423
11.424
11.424
11.425
11.426
11.43
11.44
11.445
11.447
11.461
11.465
11.47
11.47
11.485
11.49
11.492
11.492
11.494
11.507
11.513
11.521
11.521
11.531
11.548
11.55
11.557
11.56
11.561
11.561
11.568
11.57
11.57
11.577
11.577
11.58
11.583
11.586
11.588
11.59
11.595
11.601
11.605
11.607
11.615
11.624
11.625
11.625
11.629
11.638
11.639
11.641
11.641
11.643
11.648
11.652
11.656
11.657
11.66
11.688
11.693
11.697
11.705
11.705
11.71
11.71
11.711
11.711
11.716
11.716
11.72
11.721
11.723
11.723
11.723
11.726
11.729
11.729
11.732
11.744
11.749
11.75
11.75
11.754
11.758
11.76
11.774
11.776
11.779
11.788
11.791
11.791
11.795
11.796
11.805
11.808
11.818
11.823
11.826
11.827
11.836
11.836
11.838
11.854
11.854
11.854
11.858
11.86
11.862
11.863
11.871
11.875
11.88
11.882
11.883
11.889
11.89
11.891
11.892
11.901
11.903
11.906
11.908
11.909
11.912
11.917
11.917
11.92
11.92
11.923
11.924
11.931
11.933
11.935
11.938
11.947
11.949
11.951
11.961
11.962
11.971
11.975
11.978
11.979
11.98
11.981
11.982
11.99
11.996
11.998
12.003
12.009
12.019
12.019
12.023
12.023
12.027
12.037
12.037
12.037
12.039
12.039
12.04
12.041
12.041
12.041
12.044
12.044
12.046
12.046
12.053
12.057
12.059
12.062
12.065
12.067
12.069
12.07
12.074
12.075
12.076
12.078
12.083
12.085
12.091
12.095
12.096
12.1
12.102
12.105
12.107
12.113
12.113
12.117
12.118
12.127
12.128
12.13
12.137
12.139
12.139
12.142
12.144
12.153
12.157
12.164
12.164
12.166
12.169
12.171
12.175
12.175
12.176
12.176
12.176
12.181
12.182
12.182
12.187
12.188
12.189
12.19
12.197
12.199
12.201
12.203
12.205
12.205
12.214
12.219
12.228
12.229
12.235
12.237
12.242
12.248
12.249
12.254
12.256
12.258
12.258
12.259
12.259
12.261
12.267
12.27
12.271
12.275
12.285
12.291
12.292
12.297
12.302
12.303
12.303
12.305
12.311
12.313
12.317
12.317
12.32
12.33
12.331
12.332
12.334
12.335
12.343
12.344
12.346
12.346
12.35
12.354
12.357
12.362
12.366
12.371
12.374
12.375
12.376
12.378
12.383
12.388
12.39
12.391
12.391
12.393
12.395
12.395
12.396
12.399
12.402
12.412
12.413
12.418
12.424
12.427
12.43
12.431
12.432
12.432
12.434
12.437
12.439
12.442
12.458
12.458
12.464
12.466
12.472
12.474
12.476
12.479
12.482
12.483
12.488
12.497
12.504
12.505
12.506
12.511
12.516
12.518
12.524
12.524
12.529
12.534
12.535
12.537
12.539
12.542
12.542
12.543
12.544
12.548
12.552
12.556
12.558
12.561
12.564
12.566
12.577
12.581
12.582
12.583
12.6
12.601
12.602
12.603
12.605
12.61
12.61
12.618
12.621
12.622
12.623
12.623
12.628
12.636
12.636
12.638
12.639
12.64
12.654
12.66
12.661
12.663
12.668
12.673
12.677
12.679
12.679
12.68
12.68
12.681
12.689
12.69
12.696
12.701
12.708
12.714
12.72
12.724
12.733
12.734
12.734
12.734
12.737
12.742
12.742
12.752
12.757
12.758
12.762
12.77
12.77
12.774
12.775
12.778
12.78
12.785
12.785
12.788
12.79
12.801
12.809
12.809
12.813
12.818
12.832
12.833
12.833
12.84
12.843
12.843
12.844
12.846
12.849
12.851
12.852
12.853
12.855
12.861
12.862
12.867
12.879
12.879
12.881
12.883
12.891
12.893
12.898
12.898
12.9
12.902
12.915
12.918
12.918
12.928
12.931
12.935
12.937
12.942
12.945
12.947
12.949
12.953
12.959
12.96
12.963
12.969
12.972
12.975
12.982
12.984
12.986
12.995
12.996
12.998
13.002
13.007
13.008
13.008
13.01
13.018
13.022
13.022
13.024
13.024
13.026
13.028
13.029
13.031
13.032
13.032
13.042
13.042
13.045
13.045
13.049
13.051
13.052
13.053
13.057
13.067
13.08
13.083
13.085
13.087
13.088
13.091
13.098
13.102
13.104
13.122
13.123
13.123
13.132
13.134
13.143
13.149
13.15
13.158
13.162
13.164
13.166
13.167
13.176
13.178
13.19
13.19
13.193
13.194
13.195
13.2
13.213
13.219
13.219
13.223
13.225
13.23
13.231
13.234
13.234
13.237
13.237
13.239
13.245
13.25
13.251
13.256
13.258
13.271
13.277
13.282
13.291
13.292
13.298
13.299
13.303
13.304
13.304
13.309
13.318
13.32
13.328
13.328
13.329
13.332
13.336
13.349
13.35
13.353
13.353
13.365
13.368
13.37
13.377
13.378
13.386
13.388
13.395
13.396
13.399
13.401
13.403
13.404
13.405
13.409
13.411
13.413
13.414
13.415
13.415
13.416
13.418
13.431
13.433
13.433
13.435
13.445
13.451
13.452
13.454
13.455
13.464
13.466
13.468
13.471
13.477
13.478
13.482
13.485
13.489
13.49
13.492
13.493
13.507
13.514
13.521
13.521
13.526
13.528
13.531
13.537
13.546
13.557
13.561
13.564
13.569
13.582
13.584
13.588
13.596
13.597
13.606
13.606
13.606
13.607
13.612
13.612
13.614
13.619
13.627
13.642
13.653
13.653
13.655
13.659
13.66
13.668
13.675
13.686
13.689
13.692
13.7
13.704
13.713
13.718
13.724
13.724
13.738
13.739
13.741
13.742
13.742
13.743
13.756
13.759
13.76
13.767
13.768
13.768
13.788
13.796
13.797
13.83
13.832
13.833
13.843
13.854
13.894
13.92
13.925
13.931
13.938
13.94
13.943
13.947
13.949
13.952
13.954
13.957
13.977
13.989
14.008
14.008
14.012
14.013
14.014
14.017
14.024
14.047
14.049
14.054
14.055
14.057
14.079
14.09
14.103
14.104
14.124
14.125
14.133
14.137
14.139
14.142
14.147
14.158
14.165
14.167
14.184
14.184
14.191
14.194
14.194
14.2
14.218
14.222
14.225
14.227
14.238
14.251
14.257
14.262
14.267
14.299
14.299
14.302
14.305
14.314
14.324
14.333
14.336
14.336
14.337
14.337
14.338
14.341
14.341
14.35
14.351
14.352
14.359
14.37
14.38
14.391
14.392
14.395
14.403
14.409
14.41
14.434
14.436
14.437
14.438
14.439
14.458
14.459
14.459
14.463
14.464
14.476
14.484
14.502
14.51
14.516
14.517
14.521
14.524
14.525
14.527
14.531
14.535
14.543
14.557
14.56
14.568
14.57
14.574
14.575
14.578
14.582
14.602
14.608
14.613
14.615
14.619
14.625
14.626
14.635
14.637
14.637
14.64
14.653
14.678
14.685
14.687
14.691
14.693
14.699
14.7
14.709
14.709
14.711
14.714
14.715
14.721
14.731
14.732
14.732
14.743
14.745
14.746
14.754
14.754
14.755
14.755
14.758
14.76
14.76
14.76
14.766
14.768
14.774
14.777
14.779
14.797
14.799
14.808
14.809
14.815
14.817
14.819
14.832
14.834
14.835
14.843
14.849
14.851
14.853
14.858
14.858
14.858
14.861
14.862
14.863
14.867
14.867
14.869
14.87
14.872
14.875
14.875
14.878
14.88
14.89
14.901
14.902
14.919
14.92
14.92
14.933
14.946
14.961
14.983
14.996
14.997
15.005
15.007
15.015
15.018
15.022
15.033
15.039
15.041
15.042
15.042
15.054
15.055
15.056
15.057
15.063
15.077
15.077
15.083
15.09
15.093
15.094
15.096
15.097
15.116
15.122
15.125
15.13
15.133
15.144
15.149
15.158
15.158
15.169
15.169
15.183
15.185
15.187
15.193
15.199
15.211
15.211
15.214
15.221
15.221
15.222
15.223
15.226
15.226
15.229
15.229
15.232
15.235
15.236
15.255
15.263
15.27
15.271
15.271
15.279
15.29
15.31
15.32
15.322
15.324
15.326
15.331
15.334
15.339
15.343
15.353
15.359
15.364
15.366
15.372
15.373
15.379
15.382
15.396
15.4
15.407
15.424
15.425
15.428
15.433
15.437
15.447
15.451
15.454
15.458
15.458
15.465
15.467
15.467
15.47
15.476
15.478
15.492
15.503
15.518
15.523
15.524
15.534
15.538
15.54
15.548
15.549
15.552
15.553
15.558
15.559
15.561
15.561
15.565
15.568
15.574
15.582
15.583
15.593
15.595
15.595
15.601
15.607
15.619
15.636
15.64
15.641
15.652
15.655
15.656
15.664
15.682
15.684
15.687
15.693
15.702
15.705
15.719
15.724
15.731
15.734
15.748
15.749
15.769
15.782
15.788
15.8
15.8
15.805
15.813
15.82
15.823
15.826
15.828
15.836
15.836
15.852
15.859
15.865
15.87
15.871
15.886
15.891
15.894
15.898
15.899
15.901
15.914
15.926
15.931
15.932
15.934
15.936
15.941
15.944
15.947
15.953
15.959
15.959
15.96
15.966
15.977
15.98
15.989
15.995
15.998
16.005
16.012
16.016
16.046
16.059
16.062
16.066
16.07
16.072
16.079
16.092
16.092
16.1
16.107
16.113
16.117
16.128
16.132
16.139
16.148
16.16
16.163
16.179
16.18
16.18
16.182
16.191
16.193
16.194
16.196
16.206
16.226
16.23
16.237
16.253
16.265
16.268
16.27
16.281
16.287
16.287
16.304
16.318
16.324
16.325
16.325
16.328
16.34
16.341
16.345
16.372
16.385
16.387
16.394
16.399
16.408
16.409
16.424
16.425
16.432
16.449
16.449
16.455
16.461
16.469
16.491
16.491
16.495
16.504
16.506
16.515
16.525
16.525
16.526
16.536
16.538
16.538
16.54
16.562
16.565
16.576
16.579
16.585
16.592
16.607
16.623
16.643
16.662
16.663
16.665
16.674
16.674
16.695
16.698
16.698
16.702
16.72
16.725
16.742
16.748
16.757
16.775
16.777
16.782
16.795
16.803
16.817
16.822
16.825
16.837
16.842
16.844
16.85
16.85
16.853
16.855
16.871
16.872
16.882
16.904
16.915
16.931
16.938
16.945
16.945
16.946
16.946
16.947
16.953
16.96
16.971
16.977
16.977
16.985
16.99
17.018
17.022
17.037
17.044
17.067
17.069
17.094
17.125
17.126
17.128
17.13
17.132
17.133
17.15
17.155
17.161
17.179
17.179
17.181
17.182
17.19
17.196
17.203
17.214
17.223
17.228
17.238
17.279
17.28
17.293
17.294
17.296
17.297
17.298
17.3
17.315
17.321
17.342
17.344
17.356
17.365
17.372
17.374
17.384
17.393
17.398
17.402
17.426
17.429
17.43
17.435
17.436
17.446
17.465
17.485
17.493
17.5
17.508
17.51
17.519
17.523
17.532
17.539
17.542
17.543
17.566
17.574
17.578
17.587
17.615
17.616
17.626
17.677
17.681
17.682
17.683
17.696
17.701
17.717
17.721
17.726
17.726
17.735
17.746
17.747
17.762
17.781
17.795
17.802
17.825
17.83
17.835
17.849
17.858
17.859
17.862
17.87
17.875
17.879
17.887
17.888
17.901
17.907
17.913
17.919
17.934
17.934
17.945
17.953
17.959
17.978
17.988
18
18.008
18.014
18.016
18.02
18.04
18.058
18.069
18.07
18.074
18.084
18.094
18.098
18.101
18.101
18.12
18.121
18.126
18.133
18.137
18.142
18.156
18.158
18.165
18.17
18.173
18.186
18.193
18.2
18.256
18.279
18.296
18.303
18.325
18.333
18.339
18.34
18.357
18.384
18.388
18.404
18.415
18.421
18.448
18.496
18.534
18.551
18.605
18.616
18.619
18.631
18.675
18.676
18.694
18.703
18.707
18.725
18.737
18.745
18.755
18.772
18.773
18.793
18.799
18.828
18.832
18.872
18.882
18.902
18.924
18.938
18.962
18.964
18.979
19.008
19.022
19.026
19.042
19.052
19.055
19.055
19.061
19.063
19.071
19.093
19.096
19.117
19.123
19.131
19.143
19.15
19.155
19.163
19.168
19.172
19.186
19.248
19.264
19.283
19.292
19.294
19.305
19.333
19.334
19.337
19.343
19.361
19.372
19.4
19.408
19.428
19.436
19.461
19.486
19.501
19.522
19.537
19.539
19.546
19.561
19.585
19.589
19.589
19.601
19.656
19.662
19.663
19.68
19.691
19.692
19.698
19.768
19.849
19.858
19.859
19.863
19.87
19.877
19.934
19.939
19.942
19.967
20.017
20.036
20.052
20.058
20.104
20.111
20.119
20.127
20.159
20.17
20.173
20.194
20.197
20.215
20.215
20.219
20.233
20.239
20.255
20.271
20.293
20.309
20.327
20.373
20.391
20.467
20.472
20.519
20.53
20.573
20.614
20.641
20.672
20.678
20.75
20.778
20.83
20.886
20.9
20.92
20.932
20.953
20.965
20.976
20.996
21.026
21.058
21.069
21.1
21.102
21.184
21.188
21.224
21.242
21.262
21.267
21.272
21.276
21.277
21.306
21.326
21.347
21.368
21.44
21.454
21.527
21.558
21.607
21.607
21.619
21.631
21.673
21.751
21.773
21.793
21.832
21.833
21.916
21.93
21.962
22.058
22.085
22.111
22.135
22.195
22.333
22.364
22.369
22.421
22.454
22.474
22.493
22.496
22.536
22.595
22.664
22.666
22.718
22.728
22.748
22.764
22.776
22.792
22.839
22.857
22.904
22.944
23.017
23.068
23.15
23.198
23.248
23.272
23.276
23.283
23.304
23.432
23.452
23.469
23.514
23.52
23.522
23.575
23.7
23.734
23.746
23.749
23.847
23.852
23.865
23.867
23.97
23.987
23.998
24.166
24.203
24.239
24.255
24.362
24.399
24.616
24.619
24.645
24.67
24.671
24.674
24.741
24.793
25.004
25.03
25.08
25.243
25.281
25.311
25.432
25.511
25.524
25.57
25.645
25.665
25.731
25.748
25.758
25.81
26.043
26.186
26.252
26.378
26.414
26.67
26.703
26.8
26.805
26.838
26.875
26.939
27.018
27.177
27.529
27.588
27.696
27.866
27.996
28.02
28.071
28.097
28.649
29.418
29.932
30.376
34.934
36.359
