0.761
4.259
4.337
4.386
4.392
4.394
4.49
4.605
4.606
4.638
4.64
4.648
4.697
4.697
4.704
4.718
4.74
4.751
4.763
4.77
4.784
4.796
4.807
4.809
4.826
4.843
4.844
4.86
4.904
4.928
4.931
4.932
4.945
4.957
4.96
5.004
5.01
5.072
5.072
5.087
5.109
5.147
5.15
5.165
5.167
5.189
5.192
5.193
5.226
5.234
5.265
5.275
5.291
5.296
5.359
5.36
5.368
5.371
5.411
5.423
5.424
5.424
5.43
5.45
5.451
5.471
5.481
5.482
5.496
5.503
5.51
5.51
5.526
5.533
5.535
5.537
5.538
5.539
5.541
5.558
5.559
5.566
5.566
5.568
5.599
5.619
5.658
5.664
5.676
5.69
5.698
5.701
5.702
5.718
5.727
5.74
5.747
5.763
5.766
5.775
5.776
5.804
5.815
5.83
5.833
5.837
5.86
5.862
5.897
5.897
5.907
5.91
5.914
5.916
5.927
5.936
5.948
5.956
5.957
5.962
5.967
5.986
5.992
5.992
6.011
6.046
6.048
6.05
6.058
6.062
6.071
6.076
6.079
6.095
6.107
6.109
6.109
6.121
6.143
6.144
6.15
6.151
6.152
6.165
6.17
6.17
6.176
6.178
6.183
6.19
6.197
6.199
6.209
6.211
6.212
6.216
6.225
6.24
6.25
6.259
6.283
6.296
6.296
6.3
6.303
6.319
6.321
6.323
6.323
6.327
6.331
6.336
6.372
6.378
6.379
6.384
6.387
6.388
6.39
6.391
6.392
6.404
6.412
6.415
6.415
6.421
6.429
6.43
6.43
6.433
6.434
6.435
6.437
6.441
6.443
6.446
6.447
6.452
6.456
6.457
6.459
6.461
6.463
6.47
6.473
6.478
6.478
6.479
6.491
6.496
6.498
6.498
6.501
6.501
6.517
6.518
6.518
6.519
6.52
6.525
6.53
6.537
6.54
6.545
6.546
6.561
6.567
6.571
6.588
6.592
6.593
6.602
6.606
6.609
6.611
6.613
6.616
6.621
6.623
6.645
6.646
6.646
6.648
6.648
6.648
6.649
6.653
6.658
6.658
6.659
6.685
6.693
6.693
6.705
6.714
6.728
6.741
6.742
6.747
6.748
6.75
6.761
6.762
6.765
6.776
6.777
6.779
6.786
6.786
6.787
6.788
6.79
6.791
6.792
6.792
6.793
6.798
6.799
6.807
6.809
6.814
6.828
6.841
6.842
6.843
6.845
6.853
6.858
6.864
6.869
6.871
6.874
6.879
6.881
6.897
6.907
6.914
6.914
6.919
6.921
6.923
6.93
6.93
6.937
6.945
6.948
6.957
6.96
6.96
6.963
6.967
6.968
6.97
6.974
6.976
6.981
6.985
6.992
6.993
7
7.007
7.009
7.01
7.015
7.017
7.026
7.036
7.036
7.04
7.041
7.05
7.059
7.06
7.074
7.079
7.091
7.107
7.11
7.113
7.115
7.128
7.138
7.144
7.145
7.146
7.161
7.163
7.173
7.178
7.178
7.214
7.215
7.219
7.223
7.236
7.241
7.246
7.249
7.255
7.256
7.258
7.263
7.265
7.27
7.272
7.288
7.318
7.34
7.367
7.367
7.403
7.405
7.412
7.413
7.418
7.437
7.443
7.465
7.466
7.482
7.486
7.487
7.496
7.506
7.512
7.52
7.534
7.54
7.544
7.554
7.566
7.571
7.578
7.58
7.588
7.594
7.603
7.611
7.613
7.617
7.618
7.628
7.628
7.634
7.646
7.657
7.663
7.668
7.671
7.673
7.684
7.686
7.689
7.69
7.691
7.695
7.698
7.723
7.726
7.73
7.734
7.773
7.775
7.787
7.791
7.802
7.807
7.811
7.822
7.83
7.844
7.853
7.867
7.867
7.884
7.887
7.896
7.912
7.913
7.915
7.916
7.919
7.924
7.927
7.935
7.95
7.952
7.959
7.967
7.968
7.968
7.973
7.979
7.98
7.988
7.995
8.008
8.016
8.017
8.026
8.036
8.047
8.05
8.052
8.052
8.057
8.069
8.074
8.085
8.089
8.097
8.112
8.123
8.133
8.135
8.142
8.144
8.145
8.165
8.183
8.186
8.197
8.203
8.205
8.216
8.216
8.217
8.223
8.225
8.227
8.238
8.238
8.241
8.246
8.246
8.249
8.254
8.262
8.264
8.269
8.272
8.273
8.274
8.28
8.286
8.292
8.293
8.296
8.302
8.304
8.317
8.317
8.317
8.32
8.324
8.33
8.333
8.34
8.341
8.348
8.36
8.367
8.368
8.377
8.382
8.387
8.39
8.402
8.406
8.408
8.414
8.414
8.416
8.423
8.429
8.432
8.434
8.435
8.439
8.441
8.446
8.447
8.45
8.454
8.455
8.456
8.459
8.463
8.476
8.482
8.486
8.487
8.488
8.491
8.493
8.498
8.515
8.521
8.532
8.543
8.544
8.553
8.554
8.556
8.561
8.562
8.564
8.565
8.568
8.57
8.577
8.577
8.578
8.578
8.58
8.581
8.581
8.586
8.586
8.611
8.619
8.623
8.626
8.631
8.645
8.646
8.646
8.649
8.654
8.657
8.659
8.659
8.662
8.666
8.67
8.679
8.682
8.683
8.683
8.685
8.687
8.69
8.69
8.697
8.7
8.703
8.706
8.707
8.708
8.711
8.716
8.716
8.717
8.717
8.719
8.72
8.722
8.724
8.728
8.728
8.729
8.74
8.741
8.742
8.768
8.769
8.772
8.789
8.79
8.799
8.8
8.802
8.803
8.809
8.809
8.81
8.811
8.811
8.813
8.822
8.823
8.829
8.833
8.834
8.845
8.845
8.851
8.855
8.862
8.866
8.881
8.885
8.886
8.894
8.91
8.911
8.913
8.913
8.92
8.926
8.93
8.93
8.934
8.936
8.936
8.938
8.938
8.943
8.951
8.954
8.954
8.961
8.962
8.964
8.965
8.971
8.972
8.983
8.984
8.985
8.988
8.991
8.998
9.007
9.008
9.014
9.018
9.02
9.022
9.025
9.029
9.031
9.039
9.045
9.046
9.052
9.053
9.06
9.066
9.066
9.075
9.077
9.083
9.084
9.093
9.096
9.101
9.107
9.108
9.119
9.131
9.138
9.149
9.162
9.164
9.168
9.174
9.175
9.185
9.202
9.202
9.203
9.212
9.224
9.234
9.235
9.236
9.246
9.252
9.255
9.274
9.286
9.289
9.296
9.308
9.315
9.323
9.339
9.342
9.349
9.35
9.351
9.361
9.371
9.372
9.377
9.379
9.379
9.381
9.383
9.389
9.398
9.412
9.433
9.434
9.438
9.468
9.47
9.476
9.476
9.477
9.48
9.481
9.483
9.484
9.485
9.487
9.496
9.499
9.504
9.509
9.513
9.518
9.525
9.532
9.546
9.548
9.555
9.556
9.561
9.575
9.586
9.588
9.611
9.617
9.63
9.641
9.655
9.677
9.68
9.69
9.728
9.73
9.75
9.754
9.766
9.788
9.797
9.804
9.809
9.81
9.818
9.819
9.827
9.832
9.838
9.838
9.861
9.868
9.874
9.898
9.902
9.903
9.917
9.926
9.937
9.939
9.946
9.954
9.959
9.965
9.97
9.971
9.973
9.975
9.979
9.985
10.017
10.051
10.055
10.065
10.105
10.105
10.111
10.123
10.135
10.136
10.143
10.145
10.146
10.147
10.149
10.155
10.157
10.159
10.163
10.173
10.175
10.179
10.181
10.191
10.197
10.207
10.215
10.236
10.257
10.268
10.269
10.276
10.293
10.296
10.3
10.303
10.309
10.314
10.315
10.323
10.324
10.331
10.332
10.346
10.346
10.353
10.357
10.372
10.378
10.386
10.388
10.429
10.43
10.443
10.453
10.478
10.492
10.499
10.508
10.529
10.54
10.551
10.557
10.563
10.564
10.571
10.575
10.579
10.585
10.592
10.607
10.625
10.628
10.636
10.643
10.644
10.644
10.671
10.672
10.675
10.675
10.685
10.691
10.707
10.716
10.721
10.724
10.724
10.726
10.751
10.759
10.772
10.784
10.814
10.857
10.884
10.884
10.887
10.906
10.909
10.912
10.932
10.951
10.954
10.996
10.996
11.009
11.021
11.031
11.052
11.062
11.063
11.092
11.099
11.113
11.118
11.16
11.165
11.2
11.216
11.222
11.228
11.23
11.235
11.251
11.298
11.318
11.321
11.321
11.349
11.35
11.353
11.393
11.397
11.399
11.409
11.415
11.428
11.439
11.45
11.455
11.456
11.467
11.478
11.521
11.588
11.62
11.625
11.626
11.628
11.65
11.65
11.682
11.686
11.71
11.721
11.734
11.745
11.764
11.777
11.786
11.795
11.802
11.824
11.829
11.843
11.854
11.886
11.9
11.906
11.924
11.957
11.96
11.96
11.969
12.016
12.023
12.05
12.078
12.08
12.091
12.097
12.116
12.127
12.135
12.192
12.194
12.209
12.222
12.224
12.226
12.236
12.243
12.243
12.25
12.258
12.287
12.292
12.298
12.298
12.299
12.3
12.309
12.327
12.327
12.334
12.366
12.373
12.419
12.43
12.467
12.472
12.479
12.479
12.492
12.502
12.515
12.559
12.567
12.572
12.575
12.577
12.584
12.587
12.588
12.62
12.63
12.636
12.643
12.659
12.669
12.67
12.683
12.7
12.716
12.732
12.747
12.762
12.764
12.808
12.813
12.82
12.837
12.853
12.858
12.863
12.867
12.874
12.881
12.884
12.887
12.936
12.939
12.948
12.948
12.977
12.981
13.027
13.039
13.041
13.085
13.126
13.131
13.139
13.149
13.181
13.183
13.195
13.198
13.226
13.242
13.254
13.272
13.277
13.283
13.284
13.299
13.302
13.347
13.392
13.401
13.479
13.482
13.522
13.565
13.595
13.617
13.646
13.661
13.681
13.687
13.696
13.782
13.784
13.801
13.817
13.827
13.872
13.895
13.901
13.908
13.933
13.947
13.964
13.965
13.978
13.98
13.999
14.066
14.071
14.092
14.123
14.126
14.212
14.241
14.254
14.349
14.482
14.49
14.535
14.564
14.63
14.655
14.679
14.701
14.703
14.766
14.773
14.829
14.877
14.926
14.932
15.006
15.013
15.02
15.11
15.132
15.251
15.261
15.32
15.399
15.623
15.625
15.646
15.646
15.663
15.715
15.747
15.77
16.013
16.024
16.033
16.065
16.127
16.244
16.469
16.517
16.544
16.554
16.56
16.646
16.77
17.087
17.43
17.547
17.764
17.845
17.872
18.106
18.268
18.314
18.51
18.539
18.708
18.789
18.869
18.953
19.039
19.316
19.406
19.649
20.272
20.556
20.585
20.66
21.342
22.514
22.802
22.988
24.317
24.7
26.319
