0.956
3.887
3.964
4.099
4.109
4.16
4.168
4.253
4.295
4.302
4.316
4.316
4.334
4.337
4.354
4.384
4.421
4.446
4.485
4.52
4.525
4.551
4.56
4.577
4.618
4.646
4.662
4.666
4.693
4.705
4.76
4.788
4.799
4.868
4.868
4.881
4.886
4.898
4.907
4.91
4.928
4.957
4.96
4.986
4.989
5.035
5.052
5.066
5.083
5.088
5.088
5.088
5.098
5.106
5.111
5.133
5.142
5.15
5.192
5.196
5.196
5.21
5.213
5.227
5.239
5.253
5.293
5.295
5.306
5.323
5.342
5.349
5.357
5.394
5.398
5.415
5.419
5.425
5.433
5.441
5.448
5.453
5.475
5.484
5.488
5.493
5.496
5.501
5.504
5.513
5.533
5.533
5.539
5.547
5.554
5.558
5.562
5.573
5.578
5.588
5.588
5.593
5.593
5.597
5.601
5.604
5.628
5.637
5.639
5.645
5.65
5.659
5.66
5.678
5.68
5.68
5.683
5.695
5.71
5.721
5.728
5.744
5.746
5.768
5.785
5.8
5.802
5.804
5.804
5.806
5.809
5.832
5.834
5.836
5.851
5.857
5.871
5.887
5.887
5.891
5.906
5.908
5.908
5.913
5.914
5.92
5.923
5.931
5.931
5.936
5.939
5.939
5.94
5.956
5.966
5.966
5.976
5.979
6.001
6.008
6.027
6.032
6.039
6.042
6.05
6.051
6.058
6.062
6.078
6.082
6.09
6.095
6.097
6.097
6.097
6.098
6.098
6.099
6.102
6.11
6.111
6.118
6.123
6.125
6.127
6.128
6.131
6.132
6.133
6.133
6.135
6.138
6.139
6.14
6.143
6.145
6.145
6.149
6.154
6.155
6.158
6.16
6.162
6.162
6.163
6.178
6.183
6.189
6.198
6.2
6.203
6.209
6.213
6.221
6.228
6.231
6.235
6.239
6.24
6.242
6.255
6.261
6.265
6.268
6.273
6.275
6.276
6.284
6.286
6.289
6.289
6.298
6.304
6.309
6.311
6.315
6.329
6.346
6.347
6.349
6.349
6.353
6.355
6.358
6.358
6.359
6.362
6.37
6.391
6.393
6.393
6.4
6.409
6.412
6.414
6.419
6.426
6.43
6.435
6.445
6.445
6.451
6.456
6.465
6.471
6.476
6.492
6.492
6.499
6.505
6.521
6.523
6.527
6.528
6.531
6.538
6.541
6.544
6.559
6.57
6.585
6.587
6.588
6.591
6.595
6.598
6.613
6.617
6.62
6.632
6.637
6.637
6.641
6.645
6.647
6.653
6.689
6.693
6.694
6.697
6.713
6.725
6.726
6.731
6.732
6.738
6.748
6.752
6.76
6.767
6.781
6.799
6.824
6.825
6.828
6.83
6.838
6.841
6.848
6.85
6.863
6.864
6.865
6.882
6.885
6.885
6.902
6.913
6.916
6.916
6.92
6.92
6.922
6.928
6.93
6.931
6.941
6.956
6.966
6.976
6.984
6.984
6.986
6.99
6.992
6.995
6.998
6.999
7.001
7.001
7.015
7.018
7.042
7.053
7.053
7.054
7.055
7.057
7.067
7.071
7.073
7.08
7.08
7.083
7.09
7.106
7.113
7.123
7.124
7.125
7.126
7.135
7.137
7.143
7.148
7.16
7.164
7.166
7.166
7.171
7.171
7.173
7.177
7.182
7.189
7.191
7.199
7.207
7.213
7.216
7.223
7.229
7.235
7.247
7.253
7.255
7.263
7.268
7.277
7.285
7.298
7.299
7.304
7.306
7.322
7.324
7.327
7.328
7.328
7.329
7.33
7.334
7.355
7.355
7.355
7.371
7.372
7.377
7.417
7.418
7.423
7.424
7.427
7.436
7.445
7.447
7.457
7.464
7.491
7.491
7.496
7.499
7.512
7.522
7.532
7.538
7.558
7.562
7.564
7.565
7.578
7.582
7.586
7.587
7.594
7.594
7.596
7.597
7.597
7.613
7.618
7.619
7.625
7.626
7.627
7.63
7.631
7.643
7.654
7.655
7.662
7.663
7.666
7.667
7.668
7.672
7.674
7.675
7.677
7.678
7.68
7.684
7.684
7.688
7.691
7.696
7.696
7.7
7.7
7.706
7.713
7.714
7.717
7.72
7.722
7.722
7.723
7.731
7.734
7.744
7.751
7.754
7.758
7.761
7.767
7.768
7.773
7.775
7.78
7.783
7.785
7.797
7.802
7.803
7.809
7.809
7.81
7.818
7.83
7.832
7.835
7.836
7.838
7.843
7.844
7.847
7.851
7.853
7.856
7.863
7.869
7.877
7.88
7.885
7.886
7.891
7.894
7.898
7.9
7.901
7.908
7.909
7.91
7.911
7.912
7.914
7.915
7.921
7.921
7.927
7.934
7.936
7.94
7.942
7.942
7.944
7.956
7.962
7.963
7.965
7.966
7.971
7.972
7.975
7.975
7.982
7.982
7.987
7.989
7.996
8
8.006
8.007
8.007
8.009
8.009
8.01
8.011
8.012
8.017
8.018
8.023
8.028
8.03
8.03
8.033
8.049
8.054
8.058
8.061
8.064
8.077
8.077
8.079
8.085
8.09
8.094
8.098
8.103
8.104
8.105
8.108
8.117
8.118
8.118
8.126
8.132
8.142
8.142
8.144
8.145
8.146
8.147
8.148
8.152
8.165
8.166
8.167
8.167
8.168
8.168
8.172
8.179
8.183
8.183
8.187
8.191
8.199
8.2
8.204
8.205
8.208
8.209
8.214
8.217
8.217
8.222
8.225
8.239
8.241
8.241
8.245
8.247
8.252
8.263
8.266
8.269
8.286
8.287
8.287
8.291
8.292
8.294
8.297
8.298
8.3
8.309
8.31
8.317
8.321
8.322
8.323
8.325
8.325
8.327
8.328
8.328
8.331
8.331
8.334
8.335
8.335
8.341
8.344
8.353
8.354
8.355
8.359
8.36
8.363
8.365
8.366
8.371
8.38
8.381
8.381
8.383
8.389
8.391
8.392
8.395
8.397
8.398
8.399
8.406
8.413
8.42
8.423
8.432
8.442
8.452
8.458
8.472
8.484
8.488
8.488
8.491
8.492
8.493
8.499
8.516
8.518
8.518
8.519
8.519
8.526
8.531
8.541
8.554
8.559
8.559
8.559
8.56
8.58
8.581
8.588
8.602
8.606
8.607
8.608
8.613
8.613
8.63
8.638
8.642
8.643
8.647
8.651
8.657
8.663
8.664
8.664
8.668
8.668
8.674
8.679
8.684
8.692
8.699
8.702
8.703
8.726
8.727
8.733
8.749
8.765
8.765
8.767
8.78
8.784
8.785
8.789
8.808
8.808
8.813
8.816
8.824
8.827
8.827
8.83
8.832
8.849
8.853
8.857
8.867
8.872
8.874
8.882
8.883
8.901
8.903
8.915
8.936
8.95
8.953
8.954
8.975
8.979
8.984
8.986
8.995
9.007
9.007
9.014
9.028
9.031
9.033
9.05
9.053
9.072
9.072
9.075
9.095
9.096
9.103
9.103
9.106
9.106
9.112
9.116
9.12
9.124
9.139
9.154
9.16
9.167
9.177
9.178
9.181
9.183
9.198
9.203
9.203
9.21
9.215
9.217
9.226
9.236
9.251
9.269
9.286
9.287
9.287
9.287
9.288
9.293
9.31
9.313
9.326
9.334
9.34
9.344
9.349
9.355
9.362
9.386
9.404
9.404
9.408
9.413
9.432
9.438
9.439
9.44
9.441
9.441
9.444
9.452
9.486
9.489
9.493
9.504
9.509
9.512
9.524
9.535
9.539
9.547
9.548
9.56
9.563
9.571
9.579
9.58
9.583
9.588
9.608
9.625
9.639
9.648
9.654
9.654
9.661
9.664
9.669
9.674
9.704
9.722
9.74
9.742
9.751
9.764
9.764
9.773
9.782
9.804
9.815
9.821
9.823
9.828
9.838
9.855
9.865
9.865
9.868
9.872
9.881
9.883
9.887
9.895
9.902
9.924
9.933
9.946
9.976
9.985
9.986
9.99
10.003
10.034
10.045
10.078
10.096
10.114
10.142
10.184
10.198
10.214
10.219
10.228
10.229
10.237
10.243
10.256
10.256
10.263
10.265
10.275
10.275
10.28
10.29
10.29
10.333
10.355
10.429
10.454
10.469
10.483
10.49
10.494
10.495
10.495
10.498
10.524
10.526
10.534
10.534
10.538
10.542
10.55
10.555
10.586
10.589
10.604
10.61
10.621
10.631
10.633
10.636
10.672
10.692
10.695
10.699
10.709
10.717
10.722
10.725
10.725
10.747
10.748
10.751
10.757
10.795
10.797
10.799
10.807
10.807
10.816
10.822
10.824
10.827
10.828
10.834
10.838
10.841
10.841
10.853
10.857
10.868
10.871
10.895
10.897
10.901
10.92
10.941
10.942
10.953
10.976
10.98
10.989
10.991
11.018
11.028
11.032
11.034
11.039
11.051
11.081
11.087
11.118
11.121
11.14
11.141
11.158
11.161
11.175
11.184
11.186
11.212
11.221
11.25
11.253
11.258
11.26
11.266
11.277
11.281
11.291
11.293
11.294
11.313
11.327
11.336
11.35
11.356
11.361
11.362
11.372
11.376
11.381
11.388
11.401
11.407
11.409
11.409
11.418
11.426
11.441
11.445
11.478
11.482
11.51
11.526
11.528
11.531
11.537
11.559
11.563
11.564
11.566
11.574
11.578
11.581
11.596
11.598
11.604
11.636
11.649
11.655
11.675
11.68
11.685
11.717
11.718
11.725
11.731
11.733
11.734
11.746
11.746
11.75
11.788
11.794
11.798
11.81
11.811
11.835
11.857
11.87
11.882
11.891
11.913
11.916
11.93
11.938
11.946
11.976
11.985
11.985
11.993
12.011
12.027
12.03
12.046
12.048
12.052
12.076
12.08
12.086
12.09
12.092
12.097
12.102
12.126
12.135
12.147
12.148
12.153
12.164
12.164
12.177
12.218
12.238
12.241
12.254
12.26
12.26
12.279
12.281
12.326
12.33
12.332
12.391
12.403
12.449
12.466
12.473
12.516
12.52
12.521
12.543
12.557
12.6
12.631
12.647
12.652
12.66
12.667
12.686
12.706
12.736
12.761
12.771
12.811
12.826
12.849
12.859
12.867
12.868
12.875
12.893
12.916
12.921
12.972
12.988
12.994
13.032
13.057
13.079
13.09
13.141
13.242
13.272
13.445
13.759
13.769
13.796
13.83
13.914
13.985
14.035
14.074
14.232
14.266
14.316
14.323
14.448
14.475
14.493
14.777
14.86
15.066
15.128
15.147
15.183
15.24
15.596
15.62
16.075
16.485
16.857
17.029
17.412
17.489
17.739
18.33
18.667
19.049
19.497
19.88
19.979
19.998
20.128
20.962
21.404
21.768
22.742
23.062
32.895
