0.991
6.367
6.704
6.83
7.081
7.351
7.417
7.444
7.49
7.551
7.554
7.594
7.606
7.608
7.621
7.623
7.686
7.732
7.748
7.79
7.798
7.829
7.86
7.876
7.884
7.894
7.905
7.908
7.941
7.966
7.973
7.998
8.042
8.07
8.075
8.081
8.081
8.09
8.096
8.099
8.103
8.111
8.122
8.123
8.154
8.165
8.168
8.179
8.189
8.198
8.209
8.235
8.238
8.239
8.24
8.261
8.285
8.286
8.289
8.29
8.296
8.319
8.325
8.334
8.369
8.37
8.387
8.392
8.396
8.404
8.416
8.424
8.429
8.447
8.451
8.452
8.465
8.479
8.49
8.495
8.498
8.5
8.501
8.504
8.519
8.526
8.535
8.539
8.558
8.566
8.567
8.584
8.585
8.592
8.599
8.61
8.627
8.633
8.634
8.651
8.662
8.668
8.668
8.684
8.697
8.72
8.722
8.731
8.74
8.742
8.744
8.745
8.758
8.761
8.775
8.785
8.793
8.8
8.801
8.804
8.823
8.827
8.828
8.83
8.834
8.842
8.844
8.846
8.848
8.866
8.872
8.875
8.886
8.891
8.896
8.906
8.913
8.916
8.917
8.924
8.927
8.929
8.94
8.941
8.951
8.954
8.96
8.973
8.979
8.982
8.983
8.985
9.001
9.012
9.033
9.034
9.039
9.045
9.049
9.053
9.054
9.056
9.059
9.062
9.069
9.073
9.081
9.081
9.085
9.089
9.092
9.097
9.098
9.099
9.123
9.125
9.126
9.133
9.14
9.144
9.146
9.157
9.159
9.159
9.163
9.165
9.169
9.17
9.172
9.176
9.189
9.192
9.196
9.206
9.215
9.226
9.23
9.247
9.25
9.265
9.278
9.288
9.295
9.316
9.321
9.328
9.331
9.338
9.347
9.348
9.349
9.355
9.356
9.36
9.377
9.377
9.379
9.384
9.397
9.398
9.401
9.405
9.411
9.412
9.413
9.413
9.415
9.415
9.418
9.432
9.434
9.436
9.439
9.444
9.46
9.461
9.465
9.481
9.489
9.49
9.491
9.494
9.501
9.506
9.509
9.511
9.514
9.517
9.52
9.523
9.525
9.529
9.529
9.545
9.546
9.551
9.557
9.56
9.561
9.562
9.57
9.57
9.572
9.574
9.581
9.581
9.586
9.586
9.588
9.592
9.597
9.603
9.604
9.615
9.623
9.626
9.631
9.634
9.641
9.642
9.643
9.648
9.651
9.654
9.665
9.67
9.673
9.675
9.679
9.687
9.692
9.693
9.7
9.71
9.722
9.724
9.725
9.729
9.73
9.731
9.734
9.738
9.745
9.745
9.746
9.747
9.749
9.763
9.764
9.768
9.772
9.779
9.787
9.792
9.793
9.795
9.799
9.799
9.808
9.817
9.821
9.823
9.826
9.829
9.831
9.831
9.832
9.834
9.836
9.836
9.843
9.843
9.843
9.844
9.852
9.862
9.866
9.87
9.878
9.88
9.881
9.881
9.888
9.891
9.894
9.897
9.902
9.906
9.909
9.921
9.923
9.927
9.928
9.931
9.932
9.935
9.942
9.942
9.942
9.946
9.946
9.948
9.948
9.949
9.952
9.955
9.96
9.966
9.972
9.973
9.978
9.983
9.984
9.985
9.987
9.987
9.992
9.994
9.997
9.999
9.999
10.001
10.002
10.003
10.013
10.021
10.022
10.024
10.034
10.039
10.046
10.055
10.059
10.061
10.067
10.071
10.072
10.076
10.077
10.077
10.08
10.081
10.081
10.091
10.092
10.094
10.096
10.096
10.104
10.104
10.11
10.115
10.123
10.125
10.126
10.127
10.127
10.129
10.14
10.143
10.145
10.148
10.148
10.149
10.152
10.154
10.155
10.157
10.163
10.165
10.17
10.171
10.173
10.18
10.186
10.194
10.198
10.205
10.206
10.212
10.215
10.218
10.219
10.225
10.228
10.229
10.229
10.231
10.234
10.238
10.24
10.241
10.245
10.247
10.248
10.249
10.257
10.259
10.262
10.264
10.265
10.271
10.275
10.287
10.289
10.301
10.304
10.306
10.307
10.31
10.311
10.312
10.319
10.319
10.322
10.332
10.334
10.335
10.339
10.34
10.34
10.35
10.353
10.355
10.361
10.361
10.362
10.372
10.373
10.374
10.384
10.385
10.387
10.394
10.4
10.403
10.405
10.405
10.417
10.417
10.424
10.424
10.425
10.425
10.427
10.428
10.439
10.44
10.447
10.453
10.453
10.473
10.475
10.476
10.48
10.481
10.483
10.485
10.485
10.489
10.492
10.493
10.495
10.495
10.499
10.5
10.501
10.502
10.502
10.505
10.507
10.508
10.51
10.515
10.515
10.52
10.521
10.523
10.53
10.533
10.536
10.539
10.541
10.545
10.546
10.547
10.547
10.549
10.55
10.554
10.555
10.563
10.564
10.569
10.57
10.572
10.583
10.586
10.588
10.589
10.591
10.596
10.598
10.599
10.604
10.608
10.609
10.609
10.614
10.614
10.616
10.619
10.619
10.619
10.626
10.628
10.634
10.638
10.639
10.643
10.647
10.65
10.659
10.663
10.664
10.667
10.667
10.669
10.669
10.678
10.678
10.689
10.69
10.692
10.693
10.702
10.705
10.706
10.707
10.708
10.709
10.711
10.714
10.717
10.718
10.722
10.723
10.725
10.732
10.733
10.737
10.738
10.742
10.744
10.745
10.745
10.746
10.751
10.751
10.757
10.758
10.758
10.76
10.761
10.761
10.762
10.771
10.776
10.777
10.779
10.782
10.783
10.789
10.789
10.793
10.797
10.798
10.798
10.799
10.8
10.801
10.802
10.808
10.81
10.811
10.817
10.817
10.822
10.824
10.826
10.827
10.829
10.835
10.836
10.84
10.842
10.843
10.846
10.85
10.85
10.851
10.855
10.855
10.858
10.861
10.863
10.868
10.869
10.871
10.874
10.882
10.885
10.888
10.89
10.892
10.893
10.894
10.896
10.897
10.899
10.901
10.901
10.901
10.902
10.902
10.902
10.902
10.904
10.91
10.919
10.92
10.927
10.93
10.93
10.934
10.936
10.936
10.938
10.939
10.948
10.948
10.95
10.95
10.953
10.954
10.959
10.963
10.964
10.97
10.973
10.973
10.975
10.978
10.984
10.985
10.987
10.991
10.993
10.997
10.999
11.003
11.008
11.009
11.017
11.023
11.03
11.032
11.034
11.034
11.035
11.035
11.036
11.04
11.046
11.058
11.059
11.06
11.06
11.06
11.063
11.065
11.067
11.068
11.069
11.072
11.072
11.074
11.077
11.078
11.08
11.089
11.091
11.092
11.092
11.095
11.096
11.097
11.101
11.102
11.107
11.114
11.124
11.126
11.129
11.132
11.132
11.139
11.15
11.156
11.158
11.163
11.172
11.172
11.181
11.19
11.19
11.193
11.196
11.203
11.209
11.21
11.213
11.215
11.22
11.228
11.233
11.235
11.235
11.236
11.237
11.237
11.238
11.238
11.241
11.241
11.243
11.244
11.244
11.251
11.251
11.251
11.252
11.253
11.256
11.257
11.259
11.263
11.265
11.267
11.269
11.273
11.274
11.279
11.28
11.28
11.284
11.285
11.285
11.29
11.292
11.292
11.297
11.297
11.299
11.303
11.304
11.305
11.311
11.314
11.329
11.33
11.33
11.332
11.336
11.337
11.337
11.338
11.342
11.347
11.347
11.352
11.354
11.355
11.363
11.368
11.371
11.373
11.374
11.382
11.383
11.393
11.393
11.403
11.404
11.407
11.407
11.408
11.408
11.415
11.419
11.432
11.441
11.444
11.448
11.452
11.453
11.46
11.462
11.463
11.464
11.467
11.468
11.473
11.475
11.479
11.485
11.494
11.495
11.495
11.495
11.498
11.503
11.504
11.505
11.507
11.508
11.509
11.51
11.511
11.516
11.518
11.521
11.525
11.527
11.53
11.531
11.532
11.535
11.538
11.541
11.547
11.558
11.56
11.56
11.561
11.565
11.566
11.567
11.569
11.573
11.575
11.575
11.578
11.582
11.584
11.584
11.587
11.59
11.591
11.595
11.598
11.602
11.604
11.606
11.608
11.61
11.61
11.611
11.624
11.631
11.636
11.638
11.64
11.64
11.645
11.648
11.651
11.664
11.664
11.664
11.668
11.669
11.672
11.674
11.682
11.682
11.683
11.688
11.689
11.689
11.689
11.69
11.691
11.691
11.693
11.695
11.698
11.7
11.703
11.704
11.707
11.708
11.718
11.721
11.723
11.725
11.729
11.732
11.741
11.741
11.742
11.748
11.752
11.752
11.756
11.756
11.758
11.759
11.767
11.769
11.772
11.776
11.778
11.779
11.786
11.786
11.791
11.794
11.801
11.807
11.812
11.82
11.82
11.824
11.831
11.836
11.837
11.841
11.843
11.845
11.848
11.848
11.851
11.852
11.855
11.856
11.861
11.866
11.869
11.869
11.874
11.884
11.884
11.893
11.901
11.907
11.911
11.913
11.915
11.92
11.921
11.921
11.924
11.927
11.931
11.933
11.934
11.953
11.956
11.963
11.966
11.966
11.967
11.969
11.973
11.974
11.978
11.981
11.981
11.985
11.987
11.993
11.995
12
12.004
12.007
12.011
12.015
12.016
12.02
12.023
12.024
12.024
12.027
12.038
12.038
12.039
12.039
12.042
12.042
12.042
12.045
12.055
12.062
12.072
12.075
12.075
12.076
12.076
12.082
12.085
12.087
12.089
12.091
12.092
12.093
12.097
12.1
12.103
12.115
12.116
12.118
12.126
12.132
12.132
12.132
12.141
12.146
12.146
12.149
12.152
12.156
12.158
12.162
12.165
12.18
12.186
12.19
12.192
12.196
12.201
12.206
12.207
12.209
12.222
12.222
12.223
12.227
12.227
12.232
12.233
12.233
12.234
12.235
12.243
12.243
12.249
12.25
12.252
12.254
12.258
12.26
12.265
12.266
12.266
12.266
12.269
12.272
12.273
12.277
12.278
12.281
12.284
12.288
12.291
12.293
12.295
12.297
12.298
12.315
12.32
12.323
12.325
12.33
12.33
12.333
12.334
12.336
12.337
12.339
12.343
12.351
12.356
12.359
12.362
12.362
12.366
12.367
12.368
12.374
12.374
12.379
12.384
12.386
12.391
12.391
12.392
12.394
12.397
12.402
12.402
12.404
12.405
12.407
12.412
12.415
12.416
12.42
12.429
12.431
12.432
12.437
12.44
12.441
12.442
12.442
12.449
12.449
12.459
12.461
12.463
12.473
12.473
12.475
12.477
12.481
12.487
12.493
12.495
12.501
12.507
12.511
12.513
12.517
12.517
12.522
12.523
12.524
12.524
12.525
12.53
12.533
12.533
12.535
12.537
12.538
12.541
12.545
12.553
12.554
12.561
12.563
12.573
12.574
12.579
12.58
12.588
12.588
12.59
12.592
12.598
12.601
12.602
12.604
12.606
12.607
12.608
12.609
12.61
12.611
12.614
12.615
12.617
12.618
12.622
12.631
12.631
12.636
12.639
12.64
12.646
12.654
12.659
12.661
12.663
12.664
12.664
12.674
12.68
12.682
12.685
12.697
12.701
12.702
12.707
12.71
12.714
12.721
12.728
12.733
12.74
12.74
12.757
12.76
12.765
12.769
12.77
12.774
12.782
12.782
12.784
12.786
12.788
12.792
12.796
12.797
12.799
12.8
12.804
12.806
12.806
12.811
12.811
12.816
12.822
12.822
12.822
12.83
12.834
12.836
12.853
12.858
12.86
12.865
12.865
12.866
12.868
12.869
12.869
12.869
12.87
12.871
12.877
12.886
12.889
12.89
12.892
12.892
12.894
12.9
12.901
12.903
12.908
12.91
12.911
12.913
12.916
12.916
12.923
12.925
12.927
12.928
12.929
12.939
12.945
12.946
12.949
12.951
12.952
12.961
12.963
12.966
12.97
12.973
12.986
12.987
12.989
12.991
12.992
12.992
12.995
12.998
12.998
13.003
13.01
13.01
13.011
13.015
13.017
13.022
13.023
13.029
13.035
13.036
13.039
13.039
13.04
13.05
13.056
13.065
13.069
13.09
13.093
13.102
13.105
13.105
13.106
13.117
13.125
13.125
13.126
13.128
13.13
13.13
13.13
13.13
13.134
13.135
13.139
13.146
13.146
13.151
13.153
13.154
13.171
13.174
13.174
13.174
13.177
13.178
13.193
13.194
13.194
13.196
13.198
13.198
13.199
13.206
13.211
13.212
13.219
13.222
13.228
13.234
13.241
13.242
13.248
13.249
13.251
13.254
13.257
13.258
13.275
13.277
13.277
13.278
13.282
13.287
13.29
13.299
13.306
13.307
13.309
13.313
13.316
13.318
13.322
13.328
13.335
13.352
13.354
13.357
13.357
13.358
13.363
13.369
13.377
13.379
13.385
13.39
13.396
13.398
13.403
13.412
13.422
13.425
13.425
13.429
13.43
13.438
13.442
13.45
13.454
13.458
13.465
13.47
13.471
13.484
13.505
13.507
13.508
13.51
13.515
13.531
13.533
13.539
13.542
13.545
13.551
13.551
13.553
13.558
13.564
13.57
13.587
13.589
13.592
13.597
13.6
13.602
13.607
13.61
13.611
13.625
13.626
13.627
13.63
13.631
13.634
13.639
13.639
13.642
13.643
13.643
13.648
13.649
13.651
13.654
13.658
13.659
13.66
13.662
13.664
13.669
13.676
13.677
13.68
13.686
13.7
13.704
13.712
13.713
13.722
13.728
13.73
13.73
13.732
13.734
13.735
13.737
13.74
13.742
13.746
13.751
13.762
13.768
13.773
13.775
13.78
13.783
13.809
13.816
13.818
13.823
13.827
13.83
13.84
13.845
13.845
13.848
13.853
13.853
13.854
13.856
13.86
13.86
13.861
13.902
13.903
13.907
13.907
13.908
13.909
13.915
13.916
13.926
13.933
13.935
13.937
13.945
13.954
13.957
13.957
13.963
13.967
13.978
13.98
13.991
13.996
14.013
14.013
14.017
14.029
14.03
14.035
14.07
14.076
14.079
14.09
14.098
14.101
14.104
14.106
14.107
14.11
14.112
14.12
14.125
14.153
14.155
14.161
14.162
14.166
14.173
14.182
14.199
14.2
14.204
14.207
14.21
14.228
14.229
14.235
14.242
14.247
14.249
14.253
14.263
14.265
14.267
14.268
14.272
14.273
14.275
14.278
14.279
14.291
14.297
14.315
14.324
14.327
14.346
14.347
14.348
14.35
14.356
14.359
14.359
14.363
14.381
14.382
14.393
14.401
14.412
14.415
14.424
14.431
14.437
14.44
14.45
14.468
14.47
14.476
14.476
14.478
14.481
14.488
14.491
14.491
14.493
14.509
14.515
14.519
14.529
14.529
14.54
14.543
14.549
14.549
14.56
14.565
14.571
14.58
14.582
14.586
14.59
14.591
14.592
14.593
14.596
14.603
14.605
14.622
14.633
14.645
14.65
14.654
14.659
14.662
14.668
14.669
14.669
14.674
14.676
14.683
14.686
14.691
14.692
14.701
14.71
14.714
14.716
14.722
14.729
14.729
14.731
14.743
14.746
14.749
14.758
14.76
14.774
14.775
14.775
14.777
14.783
14.787
14.787
14.788
14.793
14.8
14.818
14.821
14.823
14.828
14.83
14.833
14.845
14.863
14.879
14.881
14.882
14.889
14.898
14.904
14.912
14.913
14.919
14.919
14.92
14.933
14.934
14.941
14.943
14.946
14.948
14.951
14.965
14.967
14.98
14.981
14.981
14.982
14.986
14.991
15
15.009
15.01
15.012
15.017
15.022
15.023
15.026
15.029
15.034
15.042
15.043
15.054
15.058
15.059
15.068
15.071
15.072
15.084
15.093
15.116
15.116
15.116
15.118
15.123
15.132
15.139
15.141
15.151
15.153
15.161
15.161
15.162
15.173
15.174
15.196
15.198
15.2
15.202
15.22
15.221
15.234
15.243
15.245
15.249
15.249
15.25
15.26
15.268
15.278
15.28
15.283
15.288
15.298
15.304
15.313
15.32
15.324
15.328
15.334
15.34
15.341
15.341
15.344
15.352
15.354
15.355
15.363
15.375
15.375
15.385
15.393
15.396
15.409
15.412
15.418
15.425
15.43
15.433
15.436
15.453
15.461
15.465
15.476
15.478
15.479
15.494
15.496
15.499
15.5
15.503
15.507
15.508
15.512
15.515
15.529
15.536
15.543
15.561
15.568
15.573
15.579
15.579
15.58
15.581
15.584
15.585
15.586
15.586
15.597
15.597
15.614
15.615
15.639
15.652
15.66
15.664
15.667
15.677
15.697
15.709
15.727
15.732
15.733
15.738
15.742
15.749
15.749
15.754
15.762
15.765
15.771
15.774
15.775
15.781
15.782
15.786
15.79
15.806
15.807
15.81
15.823
15.834
15.838
15.846
15.847
15.85
15.851
15.854
15.868
15.877
15.892
15.895
15.9
15.904
15.906
15.915
15.916
15.921
15.933
15.937
15.94
15.94
15.945
15.945
15.949
15.956
15.963
15.966
15.978
15.982
15.983
15.994
15.994
16.005
16.012
16.013
16.015
16.034
16.037
16.04
16.043
16.046
16.049
16.049
16.068
16.069
16.072
16.073
16.076
16.085
16.093
16.125
16.125
16.131
16.134
16.146
16.148
16.151
16.154
16.157
16.171
16.19
16.192
16.202
16.205
16.205
16.212
16.22
16.23
16.232
16.233
16.245
16.247
16.256
16.265
16.269
16.271
16.273
16.276
16.305
16.308
16.316
16.317
16.32
16.324
16.33
16.34
16.349
16.35
16.358
16.362
16.365
16.366
16.372
16.375
16.378
16.379
16.381
16.388
16.397
16.405
16.405
16.409
16.413
16.415
16.415
16.418
16.429
16.435
16.448
16.46
16.465
16.472
16.479
16.481
16.483
16.508
16.509
16.531
16.534
16.536
16.542
16.549
16.55
16.553
16.56
16.561
16.563
16.564
16.577
16.577
16.592
16.595
16.596
16.599
16.603
16.607
16.621
16.626
16.64
16.64
16.661
16.671
16.671
16.68
16.681
16.681
16.692
16.692
16.696
16.697
16.713
16.714
16.72
16.723
16.725
16.729
16.749
16.752
16.754
16.758
16.767
16.78
16.783
16.784
16.787
16.793
16.796
16.797
16.798
16.8
16.802
16.806
16.808
16.809
16.811
16.815
16.823
16.824
16.826
16.834
16.837
16.84
16.854
16.858
16.883
16.885
16.891
16.894
16.903
16.904
16.908
16.928
16.933
16.936
16.94
16.945
16.952
16.953
16.961
16.966
16.978
16.989
16.995
17.001
17.01
17.015
17.018
17.019
17.032
17.035
17.063
17.11
17.115
17.117
17.125
17.15
17.159
17.164
17.165
17.177
17.179
17.183
17.185
17.203
17.205
17.224
17.239
17.246
17.247
17.258
17.272
17.292
17.305
17.324
17.327
17.346
17.35
17.368
17.371
17.379
17.38
17.393
17.401
17.402
17.42
17.423
17.433
17.492
17.507
17.526
17.536
17.548
17.549
17.55
17.559
17.579
17.588
17.589
17.59
17.614
17.615
17.629
17.629
17.649
17.662
17.687
17.69
17.7
17.722
17.723
17.739
17.774
17.776
17.781
17.804
17.808
17.809
17.81
17.812
17.822
17.829
17.833
17.834
17.84
17.845
17.863
17.867
17.874
17.886
17.899
17.902
17.903
17.912
17.915
17.925
17.926
17.945
17.951
17.956
17.971
17.984
18.004
18.004
18.009
18.016
18.036
18.042
18.053
18.054
18.055
18.057
18.068
18.07
18.07
18.078
18.091
18.125
18.131
18.137
18.154
18.155
18.162
18.173
18.175
18.213
18.216
18.226
18.229
18.24
18.251
18.289
18.297
18.298
18.358
18.381
18.383
18.388
18.389
18.426
18.462
18.477
18.48
18.485
18.513
18.52
18.52
18.551
18.58
18.586
18.599
18.609
18.615
18.618
18.626
18.633
18.654
18.668
18.668
18.717
18.726
18.742
18.794
18.803
18.857
18.861
18.866
18.867
18.886
18.889
18.893
18.896
18.943
18.96
18.98
19.004
19.047
19.054
19.079
19.102
19.107
19.123
19.141
19.167
19.175
19.177
19.184
19.188
19.198
19.21
19.231
19.249
19.257
19.302
19.31
19.338
19.38
19.381
19.411
19.416
19.424
19.437
19.438
19.445
19.456
19.504
19.505
19.521
19.525
19.554
19.645
19.681
19.701
19.71
19.738
19.741
19.746
19.763
19.772
19.781
19.794
19.795
19.795
19.827
19.844
19.85
19.861
19.871
19.909
19.919
19.956
20.003
20.018
20.037
20.092
20.162
20.184
20.186
20.195
20.246
20.271
20.289
20.302
20.362
20.389
20.416
20.457
20.481
20.561
20.612
20.625
20.628
20.629
20.634
20.692
20.752
20.752
20.771
20.798
20.818
20.836
20.838
20.912
20.98
21.015
21.032
21.054
21.133
21.138
21.158
21.172
21.175
21.202
21.227
21.252
21.256
21.285
21.299
21.32
21.361
21.391
21.404
21.431
21.444
21.473
21.481
21.487
21.544
21.555
21.564
21.653
21.707
21.755
21.757
21.784
21.806
21.87
21.951
21.957
21.969
22.004
22.007
22.06
22.08
22.089
22.169
22.17
22.171
22.177
22.185
22.23
22.243
22.253
22.29
22.334
22.344
22.352
22.373
22.391
22.398
22.414
22.523
22.548
22.551
22.563
22.609
22.613
22.621
22.623
22.735
22.773
22.809
22.869
22.87
22.876
22.901
22.917
22.968
23.016
23.049
23.122
23.311
23.315
23.36
23.375
23.421
23.447
23.458
23.475
23.575
23.581
23.651
23.656
23.685
23.865
24.123
24.141
24.172
24.182
24.194
24.225
24.259
24.286
24.405
24.421
24.432
24.464
24.469
24.515
24.533
24.771
24.773
24.905
25.158
25.459
25.634
25.685
26.097
26.099
27.061
27.181
27.779
27.811
28.01
28.116
28.426
29.745
29.759
30.154
30.218
30.594
32.85
