1.425
6.534
6.63
6.666
6.681
6.76
6.776
6.786
7.09
7.135
7.164
7.166
7.238
7.258
7.401
7.405
7.441
7.448
7.451
7.476
7.483
7.489
7.509
7.524
7.55
7.615
7.633
7.677
7.699
7.705
7.73
7.747
7.758
7.781
7.785
7.791
7.798
7.808
7.817
7.822
7.866
7.943
7.955
7.967
8.009
8.034
8.037
8.037
8.073
8.089
8.09
8.112
8.126
8.131
8.148
8.151
8.158
8.171
8.182
8.235
8.258
8.26
8.261
8.282
8.289
8.303
8.303
8.305
8.308
8.334
8.337
8.349
8.362
8.37
8.372
8.373
8.377
8.382
8.397
8.397
8.398
8.4
8.4
8.406
8.41
8.424
8.425
8.426
8.429
8.435
8.45
8.492
8.497
8.503
8.517
8.518
8.524
8.54
8.54
8.558
8.572
8.572
8.573
8.599
8.6
8.623
8.625
8.626
8.639
8.649
8.652
8.652
8.653
8.66
8.667
8.67
8.691
8.695
8.696
8.697
8.698
8.701
8.716
8.729
8.729
8.729
8.746
8.756
8.763
8.765
8.768
8.77
8.774
8.786
8.801
8.803
8.812
8.817
8.829
8.836
8.839
8.85
8.858
8.859
8.865
8.875
8.884
8.885
8.895
8.913
8.913
8.917
8.919
8.922
8.926
8.929
8.933
8.938
8.946
8.967
8.972
8.974
8.977
8.977
8.978
8.982
8.983
8.99
9
9.001
9.014
9.029
9.039
9.046
9.051
9.053
9.055
9.057
9.062
9.064
9.064
9.073
9.075
9.082
9.082
9.093
9.096
9.1
9.108
9.115
9.129
9.132
9.142
9.149
9.171
9.184
9.194
9.196
9.201
9.203
9.213
9.213
9.213
9.224
9.227
9.238
9.24
9.244
9.25
9.251
9.257
9.26
9.269
9.273
9.274
9.284
9.284
9.292
9.293
9.301
9.305
9.316
9.319
9.326
9.327
9.336
9.337
9.337
9.352
9.366
9.368
9.368
9.374
9.415
9.416
9.419
9.429
9.43
9.44
9.448
9.457
9.457
9.478
9.481
9.486
9.486
9.487
9.489
9.49
9.49
9.5
9.504
9.511
9.513
9.531
9.532
9.533
9.534
9.548
9.553
9.571
9.584
9.598
9.599
9.609
9.614
9.614
9.615
9.616
9.616
9.623
9.628
9.628
9.634
9.636
9.645
9.645
9.647
9.66
9.662
9.673
9.674
9.679
9.679
9.681
9.684
9.687
9.687
9.699
9.702
9.703
9.707
9.716
9.718
9.72
9.722
9.728
9.729
9.74
9.741
9.743
9.744
9.745
9.747
9.748
9.753
9.755
9.762
9.765
9.784
9.785
9.787
9.788
9.795
9.796
9.797
9.801
9.807
9.813
9.816
9.827
9.832
9.834
9.836
9.838
9.838
9.85
9.854
9.856
9.861
9.862
9.866
9.867
9.867
9.869
9.871
9.873
9.878
9.88
9.882
9.887
9.89
9.892
9.892
9.897
9.903
9.904
9.909
9.91
9.911
9.917
9.917
9.922
9.925
9.925
9.927
9.928
9.93
9.931
9.932
9.934
9.934
9.941
9.941
9.945
9.952
9.953
9.953
9.954
9.959
9.962
9.971
9.971
9.973
9.978
9.98
9.984
9.986
9.987
9.99
9.991
10.009
10.01
10.012
10.013
10.016
10.029
10.03
10.031
10.033
10.036
10.039
10.04
10.041
10.041
10.044
10.051
10.068
10.069
10.07
10.073
10.074
10.076
10.081
10.081
10.083
10.084
10.085
10.086
10.086
10.088
10.089
10.094
10.094
10.099
10.1
10.102
10.105
10.112
10.113
10.113
10.119
10.123
10.123
10.124
10.124
10.125
10.125
10.127
10.13
10.132
10.132
10.132
10.133
10.135
10.136
10.143
10.144
10.145
10.159
10.162
10.163
10.165
10.168
10.173
10.187
10.189
10.191
10.192
10.192
10.195
10.197
10.2
10.201
10.211
10.217
10.224
10.228
10.229
10.23
10.231
10.234
10.236
10.24
10.242
10.254
10.255
10.263
10.274
10.28
10.281
10.282
10.282
10.289
10.292
10.295
10.295
10.298
10.3
10.304
10.306
10.307
10.31
10.311
10.321
10.323
10.329
10.329
10.334
10.336
10.338
10.344
10.344
10.346
10.348
10.357
10.359
10.361
10.365
10.366
10.369
10.379
10.38
10.38
10.38
10.388
10.395
10.399
10.399
10.407
10.414
10.416
10.416
10.417
10.422
10.427
10.428
10.432
10.435
10.437
10.446
10.454
10.456
10.459
10.463
10.471
10.472
10.473
10.478
10.486
10.487
10.489
10.494
10.494
10.498
10.499
10.5
10.504
10.511
10.511
10.515
10.53
10.53
10.531
10.533
10.538
10.541
10.544
10.547
10.547
10.547
10.547
10.548
10.555
10.556
10.561
10.564
10.568
10.572
10.573
10.578
10.581
10.586
10.586
10.586
10.59
10.59
10.593
10.6
10.607
10.609
10.61
10.61
10.612
10.615
10.617
10.618
10.62
10.621
10.622
10.624
10.625
10.628
10.631
10.632
10.632
10.634
10.635
10.637
10.647
10.648
10.65
10.653
10.654
10.657
10.661
10.662
10.666
10.667
10.668
10.669
10.672
10.676
10.677
10.689
10.71
10.713
10.714
10.724
10.725
10.727
10.727
10.732
10.737
10.738
10.742
10.745
10.748
10.749
10.75
10.76
10.763
10.765
10.766
10.769
10.77
10.771
10.786
10.787
10.788
10.79
10.795
10.798
10.799
10.8
10.803
10.803
10.806
10.812
10.813
10.813
10.814
10.817
10.819
10.819
10.819
10.821
10.832
10.832
10.833
10.837
10.839
10.841
10.841
10.844
10.845
10.846
10.848
10.856
10.856
10.858
10.86
10.861
10.862
10.869
10.871
10.878
10.88
10.884
10.891
10.892
10.894
10.899
10.908
10.916
10.917
10.918
10.919
10.926
10.929
10.936
10.936
10.936
10.936
10.937
10.945
10.945
10.946
10.947
10.948
10.948
10.949
10.949
10.953
10.955
10.958
10.959
10.96
10.963
10.965
10.965
10.968
10.97
10.972
10.974
10.977
10.977
10.978
10.98
10.981
10.983
10.984
10.985
10.994
10.994
10.998
11
11.005
11.005
11.007
11.01
11.014
11.015
11.015
11.017
11.02
11.021
11.024
11.025
11.028
11.032
11.032
11.037
11.05
11.051
11.052
11.057
11.063
11.065
11.068
11.082
11.082
11.083
11.086
11.087
11.088
11.088
11.091
11.092
11.098
11.099
11.1
11.103
11.11
11.11
11.115
11.116
11.116
11.119
11.122
11.13
11.13
11.131
11.135
11.135
11.136
11.136
11.147
11.152
11.153
11.153
11.154
11.156
11.171
11.174
11.175
11.177
11.182
11.184
11.186
11.189
11.191
11.191
11.191
11.194
11.197
11.2
11.203
11.204
11.21
11.217
11.217
11.22
11.224
11.226
11.226
11.23
11.233
11.237
11.238
11.238
11.239
11.239
11.244
11.245
11.248
11.248
11.249
11.25
11.252
11.254
11.254
11.259
11.259
11.26
11.268
11.276
11.278
11.281
11.281
11.283
11.284
11.288
11.291
11.291
11.293
11.298
11.301
11.304
11.304
11.306
11.31
11.313
11.315
11.315
11.323
11.327
11.329
11.338
11.344
11.345
11.349
11.349
11.35
11.356
11.356
11.357
11.359
11.362
11.366
11.368
11.369
11.37
11.372
11.384
11.386
11.387
11.387
11.391
11.397
11.398
11.402
11.404
11.404
11.417
11.422
11.438
11.446
11.451
11.451
11.464
11.465
11.469
11.47
11.482
11.483
11.485
11.495
11.501
11.504
11.506
11.515
11.516
11.519
11.525
11.531
11.538
11.539
11.544
11.553
11.565
11.577
11.582
11.585
11.588
11.591
11.594
11.598
11.599
11.607
11.612
11.612
11.618
11.618
11.62
11.622
11.63
11.63
11.631
11.633
11.634
11.635
11.636
11.639
11.64
11.641
11.642
11.647
11.651
11.652
11.652
11.654
11.654
11.66
11.667
11.667
11.672
11.673
11.673
11.68
11.684
11.685
11.691
11.702
11.705
11.709
11.711
11.713
11.713
11.718
11.72
11.726
11.731
11.732
11.733
11.74
11.74
11.743
11.744
11.753
11.753
11.754
11.758
11.759
11.769
11.77
11.771
11.771
11.775
11.776
11.777
11.78
11.781
11.789
11.798
11.8
11.804
11.805
11.807
11.81
11.813
11.827
11.833
11.841
11.849
11.851
11.852
11.854
11.856
11.857
11.862
11.872
11.874
11.875
11.876
11.879
11.884
11.891
11.894
11.895
11.902
11.909
11.912
11.918
11.919
11.919
11.922
11.924
11.928
11.93
11.93
11.935
11.942
11.944
11.949
11.951
11.96
11.96
11.962
11.964
11.966
11.968
11.976
11.979
11.979
11.981
11.981
11.982
11.983
11.984
11.984
11.984
11.985
11.992
11.994
11.997
12.001
12.004
12.013
12.015
12.024
12.029
12.035
12.042
12.044
12.044
12.052
12.054
12.056
12.058
12.065
12.066
12.067
12.072
12.084
12.088
12.094
12.094
12.094
12.096
12.104
12.111
12.115
12.115
12.117
12.117
12.117
12.12
12.121
12.121
12.124
12.127
12.129
12.13
12.132
12.133
12.133
12.137
12.137
12.139
12.14
12.146
12.148
12.15
12.155
12.156
12.156
12.162
12.163
12.165
12.167
12.176
12.182
12.183
12.198
12.204
12.204
12.207
12.21
12.212
12.214
12.216
12.22
12.222
12.226
12.229
12.23
12.232
12.234
12.243
12.248
12.248
12.252
12.253
12.255
12.258
12.258
12.268
12.281
12.282
12.283
12.283
12.29
12.293
12.3
12.303
12.305
12.324
12.324
12.327
12.33
12.333
12.334
12.336
12.342
12.342
12.347
12.351
12.353
12.353
12.36
12.366
12.37
12.371
12.374
12.375
12.377
12.384
12.39
12.395
12.396
12.396
12.398
12.405
12.409
12.411
12.412
12.412
12.413
12.414
12.425
12.425
12.428
12.433
12.434
12.439
12.439
12.439
12.443
12.443
12.445
12.445
12.448
12.449
12.449
12.452
12.456
12.458
12.458
12.469
12.473
12.476
12.477
12.485
12.485
12.491
12.498
12.501
12.501
12.502
12.504
12.509
12.512
12.514
12.52
12.523
12.526
12.528
12.53
12.541
12.542
12.544
12.546
12.556
12.565
12.566
12.573
12.576
12.576
12.577
12.577
12.579
12.58
12.58
12.588
12.592
12.593
12.593
12.603
12.605
12.605
12.614
12.615
12.615
12.618
12.627
12.63
12.631
12.639
12.639
12.643
12.651
12.654
12.664
12.666
12.668
12.673
12.676
12.678
12.687
12.692
12.699
12.702
12.713
12.714
12.716
12.717
12.718
12.723
12.724
12.727
12.729
12.738
12.738
12.739
12.746
12.747
12.756
12.764
12.768
12.775
12.776
12.78
12.781
12.782
12.786
12.788
12.791
12.802
12.803
12.803
12.804
12.804
12.809
12.81
12.812
12.818
12.819
12.819
12.821
12.831
12.835
12.842
12.843
12.846
12.849
12.853
12.854
12.855
12.856
12.857
12.862
12.867
12.875
12.876
12.886
12.892
12.892
12.895
12.896
12.899
12.908
12.91
12.911
12.916
12.919
12.92
12.922
12.926
12.93
12.93
12.931
12.931
12.933
12.935
12.935
12.937
12.938
12.942
12.946
12.951
12.954
12.955
12.96
12.966
12.969
12.972
12.974
12.976
12.981
12.987
12.991
12.993
12.995
12.996
13
13
13.003
13.004
13.009
13.009
13.021
13.022
13.026
13.033
13.034
13.036
13.036
13.05
13.051
13.053
13.057
13.058
13.061
13.061
13.063
13.065
13.067
13.07
13.08
13.084
13.094
13.096
13.106
13.107
13.107
13.11
13.118
13.12
13.125
13.127
13.127
13.128
13.13
13.134
13.134
13.137
13.138
13.139
13.14
13.141
13.146
13.151
13.158
13.159
13.16
13.162
13.173
13.177
13.185
13.186
13.188
13.191
13.193
13.194
13.195
13.198
13.202
13.212
13.228
13.229
13.236
13.236
13.243
13.249
13.255
13.256
13.262
13.27
13.272
13.275
13.276
13.282
13.285
13.291
13.3
13.302
13.305
13.306
13.311
13.313
13.321
13.321
13.324
13.333
13.334
13.342
13.343
13.344
13.346
13.354
13.36
13.361
13.365
13.375
13.376
13.38
13.38
13.384
13.384
13.39
13.397
13.398
13.402
13.411
13.419
13.429
13.435
13.437
13.439
13.445
13.447
13.451
13.453
13.469
13.473
13.474
13.476
13.476
13.477
13.488
13.49
13.491
13.494
13.508
13.508
13.527
13.542
13.549
13.549
13.56
13.56
13.561
13.565
13.566
13.585
13.586
13.59
13.61
13.618
13.618
13.62
13.624
13.626
13.636
13.636
13.637
13.641
13.652
13.654
13.654
13.655
13.659
13.669
13.672
13.681
13.686
13.693
13.694
13.695
13.698
13.7
13.708
13.714
13.714
13.721
13.725
13.734
13.737
13.739
13.74
13.742
13.749
13.753
13.754
13.757
13.765
13.766
13.781
13.785
13.786
13.795
13.798
13.807
13.813
13.825
13.832
13.836
13.852
13.854
13.86
13.86
13.861
13.874
13.88
13.888
13.892
13.894
13.918
13.921
13.927
13.927
13.927
13.946
13.947
13.947
13.948
13.948
13.953
13.954
13.956
13.959
13.97
13.979
13.983
13.983
13.986
14
14.003
14.013
14.022
14.025
14.026
14.03
14.037
14.045
14.05
14.051
14.058
14.061
14.066
14.066
14.07
14.096
14.099
14.1
14.1
14.101
14.107
14.108
14.111
14.136
14.139
14.157
14.16
14.164
14.167
14.167
14.168
14.175
14.176
14.178
14.182
14.183
14.185
14.189
14.195
14.196
14.21
14.219
14.228
14.232
14.24
14.253
14.257
14.258
14.262
14.264
14.27
14.273
14.275
14.278
14.281
14.292
14.295
14.297
14.297
14.304
14.305
14.308
14.314
14.316
14.318
14.327
14.328
14.337
14.339
14.346
14.349
14.35
14.353
14.358
14.368
14.372
14.373
14.39
14.394
14.395
14.41
14.414
14.416
14.418
14.419
14.424
14.428
14.43
14.43
14.43
14.438
14.439
14.447
14.452
14.454
14.462
14.474
14.475
14.477
14.479
14.479
14.48
14.482
14.482
14.483
14.489
14.494
14.498
14.502
14.504
14.506
14.511
14.514
14.515
14.517
14.52
14.526
14.527
14.536
14.538
14.54
14.54
14.54
14.541
14.544
14.55
14.556
14.556
14.566
14.567
14.577
14.605
14.605
14.611
14.614
14.617
14.618
14.626
14.627
14.637
14.638
14.642
14.644
14.644
14.646
14.652
14.681
14.685
14.686
14.691
14.704
14.705
14.717
14.719
14.729
14.739
14.74
14.751
14.755
14.758
14.759
14.769
14.774
14.775
14.782
14.795
14.797
14.798
14.801
14.801
14.817
14.82
14.82
14.823
14.827
14.834
14.837
14.841
14.848
14.85
14.853
14.859
14.87
14.871
14.873
14.885
14.887
14.899
14.899
14.901
14.907
14.912
14.924
14.926
14.935
14.938
14.945
14.947
14.947
14.948
14.951
14.957
14.965
14.966
14.981
14.982
14.998
15.003
15.004
15.014
15.021
15.021
15.023
15.028
15.034
15.036
15.041
15.044
15.046
15.047
15.054
15.057
15.064
15.072
15.072
15.082
15.082
15.086
15.09
15.107
15.109
15.123
15.127
15.136
15.147
15.154
15.162
15.168
15.181
15.181
15.182
15.183
15.2
15.209
15.212
15.218
15.223
15.226
15.23
15.231
15.235
15.236
15.242
15.246
15.249
15.253
15.253
15.259
15.268
15.271
15.292
15.296
15.302
15.308
15.309
15.312
15.313
15.314
15.325
15.328
15.34
15.343
15.366
15.371
15.375
15.383
15.387
15.388
15.403
15.405
15.406
15.408
15.413
15.416
15.423
15.426
15.428
15.428
15.43
15.434
15.438
15.439
15.445
15.45
15.456
15.457
15.458
15.459
15.462
15.466
15.468
15.478
15.478
15.484
15.494
15.497
15.504
15.512
15.513
15.516
15.52
15.52
15.522
15.526
15.528
15.53
15.533
15.54
15.542
15.546
15.554
15.555
15.562
15.565
15.566
15.574
15.58
15.585
15.585
15.589
15.597
15.599
15.6
15.601
15.603
15.617
15.619
15.637
15.638
15.642
15.649
15.659
15.682
15.683
15.684
15.687
15.688
15.693
15.699
15.702
15.708
15.711
15.717
15.722
15.727
15.731
15.738
15.739
15.741
15.758
15.765
15.773
15.776
15.781
15.785
15.787
15.79
15.799
15.815
15.822
15.823
15.829
15.83
15.841
15.842
15.85
15.853
15.855
15.857
15.857
15.861
15.862
15.865
15.868
15.884
15.891
15.903
15.904
15.904
15.912
15.913
15.914
15.925
15.934
15.936
15.95
15.97
15.975
15.988
15.992
15.995
15.995
16.008
16.016
16.018
16.026
16.037
16.044
16.06
16.082
16.09
16.1
16.127
16.127
16.138
16.138
16.145
16.157
16.159
16.161
16.169
16.174
16.175
16.178
16.182
16.183
16.189
16.219
16.222
16.227
16.235
16.246
16.264
16.266
16.271
16.277
16.277
16.284
16.285
16.289
16.299
16.301
16.301
16.305
16.306
16.311
16.314
16.337
16.338
16.344
16.347
16.356
16.364
16.368
16.392
16.394
16.404
16.409
16.409
16.432
16.433
16.435
16.438
16.439
16.457
16.479
16.481
16.498
16.501
16.526
16.531
16.538
16.544
16.544
16.552
16.552
16.574
16.578
16.584
16.596
16.599
16.602
16.615
16.628
16.629
16.633
16.637
16.639
16.639
16.651
16.655
16.657
16.675
16.686
16.692
16.698
16.698
16.702
16.712
16.717
16.717
16.724
16.73
16.736
16.738
16.744
16.75
16.754
16.762
16.774
16.782
16.804
16.83
16.84
16.84
16.866
16.869
16.869
16.877
16.881
16.881
16.912
16.913
16.913
16.917
16.918
16.918
16.926
16.929
16.943
16.947
16.95
16.963
16.981
17.004
17.018
17.041
17.064
17.067
17.094
17.095
17.102
17.12
17.125
17.127
17.132
17.141
17.151
17.17
17.182
17.197
17.215
17.248
17.258
17.264
17.286
17.293
17.299
17.303
17.31
17.322
17.333
17.337
17.343
17.345
17.351
17.354
17.356
17.361
17.366
17.385
17.389
17.393
17.398
17.401
17.401
17.405
17.422
17.426
17.437
17.439
17.444
17.449
17.449
17.449
17.451
17.461
17.474
17.476
17.485
17.491
17.492
17.501
17.516
17.532
17.532
17.563
17.565
17.572
17.573
17.574
17.588
17.596
17.596
17.606
17.607
17.609
17.624
17.631
17.648
17.654
17.656
17.657
17.661
17.684
17.695
17.7
17.724
17.728
17.737
17.765
17.775
17.776
17.78
17.785
17.804
17.813
17.84
17.848
17.898
17.913
17.914
17.918
17.943
17.958
17.959
17.961
17.99
17.993
18.017
18.018
18.018
18.028
18.038
18.046
18.049
18.054
18.084
18.084
18.099
18.105
18.111
18.119
18.124
18.125
18.131
18.168
18.203
18.209
18.23
18.237
18.247
18.299
18.306
18.308
18.325
18.343
18.346
18.384
18.393
18.405
18.413
18.436
18.437
18.466
18.466
18.474
18.478
18.479
18.499
18.501
18.535
18.535
18.542
18.547
18.548
18.557
18.568
18.573
18.577
18.58
18.59
18.59
18.603
18.631
18.639
18.676
18.682
18.683
18.691
18.72
18.721
18.722
18.726
18.73
18.737
18.738
18.754
18.758
18.763
18.768
18.778
18.78
18.785
18.785
18.829
18.838
18.843
18.845
18.847
18.848
18.855
18.855
18.861
18.905
18.929
18.929
18.932
18.933
18.937
18.959
18.97
18.973
18.984
19.01
19.017
19.059
19.085
19.091
19.107
19.115
19.171
19.185
19.219
19.221
19.221
19.228
19.231
19.251
19.307
19.357
19.365
19.366
19.368
19.39
19.394
19.407
19.407
19.412
19.419
19.42
19.43
19.488
19.493
19.528
19.537
19.544
19.567
19.583
19.642
19.661
19.672
19.673
19.692
19.714
19.749
19.761
19.768
19.792
19.832
19.858
19.923
19.932
19.936
19.941
20
20.034
20.057
20.07
20.083
20.101
20.109
20.122
20.127
20.13
20.137
20.153
20.176
20.223
20.272
20.326
20.327
20.329
20.342
20.375
20.391
20.439
20.462
20.495
20.509
20.514
20.53
20.555
20.594
20.652
20.652
20.652
20.664
20.688
20.69
20.696
20.707
20.715
20.813
20.884
20.918
20.919
20.967
21.057
21.065
21.071
21.083
21.126
21.154
21.211
21.232
21.345
21.387
21.405
21.502
21.554
21.592
21.602
21.626
21.631
21.692
21.721
21.732
21.74
21.748
21.761
21.772
21.835
21.854
21.859
21.865
21.869
21.92
21.992
22.016
22.078
22.118
22.233
22.261
22.279
22.288
22.29
22.298
22.304
22.426
22.442
22.491
22.511
22.528
22.603
22.626
22.63
22.633
22.734
22.804
22.833
22.861
23.108
23.135
23.148
23.174
23.185
23.191
23.22
23.36
23.363
23.483
23.538
23.675
23.864
24.258
24.275
24.358
24.383
24.441
24.454
24.513
24.567
24.569
24.588
24.605
24.806
24.892
24.922
24.98
25.076
25.092
25.209
25.377
25.537
25.547
25.564
25.581
25.79
26.379
26.421
26.445
26.451
26.491
26.532
26.726
26.755
27.333
27.617
28.442
28.463
29.009
29.723
29.938
30.909
31.341
31.345
31.603
31.782
31.863
