0.688
4.18
4.232
4.249
4.298
4.344
4.359
4.363
4.373
4.376
4.384
4.413
4.431
4.443
4.453
4.465
4.481
4.531
4.532
4.566
4.591
4.607
4.613
4.667
4.683
4.693
4.695
4.699
4.707
4.726
4.73
4.73
4.749
4.755
4.76
4.819
4.832
4.846
4.884
4.886
4.899
4.901
4.929
4.974
5.03
5.062
5.137
5.15
5.195
5.197
5.211
5.216
5.22
5.231
5.241
5.243
5.252
5.256
5.268
5.284
5.296
5.299
5.302
5.306
5.309
5.332
5.34
5.345
5.354
5.382
5.382
5.391
5.398
5.402
5.426
5.43
5.44
5.441
5.442
5.462
5.469
5.498
5.508
5.513
5.526
5.544
5.545
5.549
5.567
5.568
5.582
5.605
5.619
5.647
5.652
5.669
5.671
5.672
5.674
5.687
5.689
5.691
5.703
5.716
5.723
5.725
5.726
5.727
5.729
5.733
5.734
5.736
5.738
5.743
5.757
5.761
5.774
5.78
5.798
5.799
5.808
5.843
5.846
5.86
5.867
5.878
5.881
5.892
5.895
5.898
5.9
5.921
5.925
5.928
5.929
5.934
5.935
5.935
5.935
5.965
5.97
5.979
5.983
5.984
5.984
5.998
5.999
6.02
6.034
6.042
6.046
6.05
6.059
6.06
6.063
6.066
6.078
6.082
6.087
6.093
6.093
6.101
6.108
6.113
6.121
6.126
6.142
6.159
6.171
6.178
6.193
6.198
6.198
6.199
6.2
6.205
6.208
6.209
6.211
6.222
6.222
6.226
6.23
6.233
6.235
6.24
6.244
6.244
6.248
6.248
6.254
6.257
6.26
6.269
6.27
6.273
6.278
6.29
6.296
6.311
6.315
6.328
6.329
6.334
6.334
6.343
6.35
6.351
6.354
6.358
6.363
6.365
6.367
6.375
6.377
6.379
6.388
6.389
6.407
6.412
6.417
6.419
6.424
6.427
6.438
6.444
6.445
6.445
6.449
6.468
6.469
6.471
6.478
6.481
6.483
6.484
6.485
6.489
6.491
6.491
6.496
6.498
6.506
6.519
6.525
6.53
6.539
6.54
6.543
6.546
6.546
6.547
6.558
6.561
6.565
6.57
6.571
6.58
6.581
6.582
6.585
6.592
6.593
6.593
6.596
6.597
6.601
6.603
6.608
6.611
6.616
6.618
6.62
6.649
6.65
6.658
6.662
6.663
6.668
6.676
6.685
6.686
6.687
6.692
6.694
6.694
6.695
6.699
6.704
6.708
6.716
6.728
6.738
6.74
6.743
6.745
6.746
6.746
6.747
6.749
6.752
6.752
6.754
6.755
6.755
6.756
6.757
6.77
6.773
6.789
6.802
6.808
6.813
6.813
6.817
6.819
6.819
6.822
6.846
6.848
6.854
6.856
6.872
6.879
6.887
6.895
6.905
6.906
6.909
6.91
6.921
6.922
6.922
6.924
6.937
6.946
6.952
6.954
6.958
6.962
6.964
6.969
6.972
6.987
7
7.023
7.025
7.029
7.031
7.036
7.037
7.041
7.042
7.046
7.05
7.051
7.053
7.054
7.055
7.056
7.057
7.073
7.077
7.079
7.111
7.122
7.123
7.128
7.13
7.133
7.141
7.142
7.143
7.148
7.15
7.16
7.164
7.168
7.171
7.183
7.192
7.197
7.22
7.223
7.229
7.238
7.24
7.244
7.251
7.251
7.255
7.257
7.275
7.292
7.293
7.294
7.298
7.3
7.313
7.314
7.315
7.315
7.323
7.33
7.33
7.33
7.334
7.336
7.346
7.355
7.355
7.357
7.36
7.361
7.378
7.38
7.385
7.386
7.393
7.404
7.404
7.404
7.408
7.415
7.417
7.418
7.427
7.439
7.445
7.463
7.469
7.488
7.491
7.495
7.499
7.511
7.512
7.523
7.523
7.526
7.554
7.561
7.577
7.58
7.589
7.591
7.592
7.601
7.601
7.602
7.603
7.62
7.626
7.638
7.638
7.641
7.642
7.643
7.646
7.67
7.68
7.692
7.692
7.693
7.702
7.706
7.715
7.732
7.733
7.738
7.744
7.745
7.75
7.75
7.752
7.76
7.769
7.8
7.807
7.818
7.822
7.826
7.826
7.827
7.834
7.836
7.856
7.871
7.872
7.874
7.887
7.916
7.93
7.932
7.937
7.941
7.943
7.95
7.952
7.952
7.958
7.96
7.967
7.969
7.972
7.974
7.978
7.982
7.993
8.002
8.004
8.021
8.024
8.035
8.044
8.052
8.053
8.056
8.058
8.058
8.089
8.09
8.094
8.094
8.097
8.1
8.102
8.108
8.114
8.114
8.114
8.115
8.126
8.128
8.134
8.142
8.143
8.143
8.148
8.149
8.151
8.153
8.157
8.159
8.16
8.163
8.165
8.168
8.174
8.176
8.177
8.177
8.185
8.19
8.193
8.198
8.201
8.201
8.204
8.208
8.21
8.214
8.215
8.216
8.219
8.227
8.228
8.231
8.231
8.234
8.235
8.235
8.238
8.251
8.251
8.256
8.259
8.262
8.264
8.264
8.273
8.276
8.277
8.286
8.287
8.29
8.293
8.298
8.303
8.303
8.313
8.315
8.315
8.331
8.332
8.333
8.337
8.34
8.341
8.346
8.346
8.346
8.347
8.353
8.359
8.363
8.365
8.369
8.371
8.372
8.374
8.375
8.376
8.376
8.378
8.38
8.383
8.384
8.388
8.389
8.391
8.392
8.394
8.396
8.403
8.403
8.408
8.415
8.415
8.416
8.422
8.428
8.431
8.436
8.44
8.455
8.464
8.466
8.471
8.472
8.482
8.485
8.506
8.511
8.512
8.517
8.524
8.525
8.526
8.526
8.529
8.532
8.533
8.535
8.539
8.544
8.544
8.548
8.551
8.553
8.556
8.558
8.56
8.564
8.567
8.567
8.568
8.574
8.581
8.584
8.585
8.586
8.591
8.596
8.597
8.603
8.605
8.611
8.612
8.613
8.618
8.625
8.625
8.628
8.631
8.631
8.637
8.643
8.648
8.65
8.65
8.656
8.659
8.663
8.665
8.669
8.676
8.678
8.68
8.68
8.684
8.684
8.685
8.685
8.692
8.693
8.694
8.697
8.704
8.709
8.711
8.716
8.717
8.717
8.719
8.72
8.721
8.732
8.743
8.748
8.752
8.765
8.766
8.766
8.774
8.776
8.777
8.781
8.783
8.787
8.787
8.788
8.796
8.797
8.813
8.819
8.828
8.831
8.831
8.833
8.834
8.834
8.84
8.842
8.844
8.846
8.849
8.869
8.87
8.871
8.874
8.876
8.885
8.897
8.902
8.908
8.912
8.912
8.913
8.914
8.914
8.918
8.922
8.922
8.927
8.929
8.936
8.936
8.937
8.938
8.944
8.944
8.947
8.967
8.967
8.979
8.987
8.988
8.99
8.991
8.998
9
9.006
9.007
9.01
9.016
9.02
9.021
9.023
9.024
9.024
9.04
9.041
9.046
9.046
9.047
9.049
9.051
9.067
9.076
9.077
9.083
9.095
9.104
9.105
9.108
9.111
9.115
9.124
9.126
9.129
9.129
9.131
9.136
9.136
9.141
9.146
9.157
9.17
9.171
9.179
9.18
9.18
9.183
9.187
9.205
9.21
9.223
9.226
9.226
9.228
9.229
9.235
9.237
9.237
9.24
9.246
9.251
9.252
9.253
9.257
9.258
9.27
9.29
9.291
9.294
9.304
9.304
9.319
9.336
9.34
9.34
9.343
9.344
9.353
9.358
9.36
9.368
9.388
9.4
9.403
9.404
9.406
9.414
9.419
9.421
9.427
9.428
9.429
9.435
9.447
9.448
9.454
9.467
9.467
9.471
9.474
9.475
9.476
9.482
9.482
9.487
9.493
9.495
9.496
9.502
9.51
9.511
9.524
9.529
9.529
9.535
9.541
9.544
9.548
9.572
9.584
9.593
9.597
9.603
9.606
9.608
9.611
9.639
9.651
9.66
9.664
9.666
9.674
9.68
9.688
9.694
9.696
9.698
9.7
9.706
9.708
9.738
9.74
9.741
9.745
9.749
9.758
9.774
9.777
9.78
9.796
9.832
9.837
9.842
9.848
9.849
9.849
9.891
9.891
9.911
9.945
9.953
9.972
9.981
9.997
10
10.016
10.028
10.031
10.032
10.039
10.039
10.047
10.054
10.093
10.137
10.143
10.144
10.151
10.155
10.16
10.173
10.187
10.199
10.219
10.228
10.23
10.246
10.283
10.296
10.304
10.312
10.312
10.316
10.328
10.335
10.344
10.346
10.347
10.347
10.35
10.388
10.396
10.412
10.422
10.425
10.433
10.437
10.456
10.469
10.472
10.475
10.489
10.494
10.528
10.535
10.541
10.554
10.559
10.562
10.575
10.578
10.584
10.584
10.59
10.593
10.595
10.6
10.605
10.615
10.636
10.641
10.644
10.683
10.689
10.691
10.721
10.745
10.752
10.764
10.765
10.77
10.785
10.822
10.824
10.825
10.828
10.84
10.865
10.867
10.881
10.885
10.894
10.894
10.902
10.911
10.925
10.928
10.939
10.964
10.981
10.996
11.003
11.008
11.016
11.075
11.086
11.088
11.134
11.157
11.163
11.172
11.177
11.183
11.187
11.224
11.265
11.266
11.273
11.274
11.279
11.295
11.3
11.311
11.327
11.336
11.338
11.354
11.361
11.363
11.368
11.375
11.376
11.383
11.423
11.438
11.441
11.473
11.529
11.538
11.546
11.551
11.552
11.563
11.569
11.582
11.587
11.603
11.634
11.645
11.65
11.675
11.682
11.706
11.722
11.725
11.745
11.757
11.776
11.782
11.783
11.784
11.788
11.788
11.811
11.817
11.85
11.873
11.876
11.882
11.898
11.902
11.931
11.933
11.941
11.942
11.95
11.951
11.953
11.965
11.985
12.024
12.028
12.055
12.056
12.073
12.079
12.086
12.091
12.095
12.124
12.126
12.148
12.178
12.179
12.208
12.25
12.251
12.263
12.267
12.291
12.299
12.31
12.323
12.337
12.341
12.353
12.389
12.398
12.409
12.416
12.421
12.422
12.431
12.433
12.451
12.489
12.491
12.52
12.543
12.581
12.641
12.654
12.654
12.661
12.674
12.703
12.711
12.72
12.767
12.773
12.778
12.781
12.791
12.85
12.851
12.9
12.966
12.974
13.049
13.133
13.136
13.281
13.361
13.42
13.426
13.491
13.528
13.594
13.63
13.658
13.747
13.764
13.793
13.894
14
14.019
14.147
14.354
14.43
14.487
14.525
14.586
14.701
14.749
14.794
15.211
15.353
15.51
16.03
16.321
16.448
16.657
16.776
17.094
17.55
17.596
17.774
17.834
20.09
20.504
20.896
25.103
