0.846
4.144
4.194
4.251
4.366
4.373
4.397
4.398
4.427
4.463
4.467
4.469
4.52
4.522
4.54
4.561
4.576
4.585
4.611
4.627
4.664
4.667
4.679
4.684
4.737
4.787
4.796
4.803
4.845
4.852
4.853
4.895
4.898
4.915
4.929
4.949
4.958
4.974
4.975
4.984
5.001
5.023
5.038
5.057
5.063
5.069
5.077
5.095
5.123
5.132
5.138
5.139
5.151
5.159
5.166
5.169
5.173
5.189
5.19
5.243
5.266
5.269
5.289
5.295
5.337
5.345
5.349
5.357
5.362
5.371
5.383
5.4
5.408
5.415
5.416
5.42
5.422
5.433
5.454
5.455
5.462
5.468
5.475
5.486
5.495
5.496
5.501
5.519
5.538
5.542
5.571
5.594
5.604
5.611
5.625
5.627
5.644
5.652
5.692
5.699
5.702
5.703
5.705
5.708
5.745
5.75
5.767
5.799
5.813
5.875
5.876
5.88
5.891
5.903
5.907
5.916
5.938
5.943
5.945
5.948
5.949
5.952
5.961
5.97
5.972
5.976
5.988
5.996
5.998
6.003
6.03
6.045
6.046
6.05
6.052
6.057
6.068
6.089
6.115
6.121
6.138
6.142
6.146
6.147
6.147
6.149
6.15
6.152
6.155
6.167
6.172
6.176
6.177
6.181
6.186
6.187
6.192
6.195
6.218
6.222
6.226
6.227
6.231
6.256
6.267
6.269
6.271
6.271
6.272
6.279
6.281
6.284
6.285
6.29
6.301
6.305
6.313
6.319
6.332
6.344
6.352
6.366
6.366
6.367
6.368
6.377
6.382
6.39
6.39
6.39
6.402
6.403
6.413
6.418
6.419
6.42
6.423
6.432
6.435
6.437
6.438
6.438
6.439
6.439
6.439
6.449
6.453
6.454
6.464
6.465
6.467
6.472
6.478
6.48
6.487
6.491
6.509
6.51
6.512
6.513
6.522
6.523
6.533
6.534
6.54
6.541
6.545
6.551
6.552
6.561
6.563
6.57
6.571
6.576
6.576
6.583
6.597
6.604
6.611
6.611
6.615
6.616
6.634
6.639
6.641
6.641
6.647
6.658
6.666
6.667
6.669
6.669
6.674
6.692
6.706
6.709
6.713
6.72
6.72
6.731
6.758
6.76
6.767
6.768
6.771
6.773
6.776
6.782
6.783
6.817
6.83
6.835
6.835
6.836
6.838
6.842
6.845
6.848
6.851
6.852
6.857
6.857
6.861
6.862
6.863
6.866
6.882
6.883
6.895
6.898
6.899
6.901
6.902
6.903
6.904
6.916
6.918
6.954
6.955
6.958
6.963
6.966
6.967
6.969
6.983
6.99
7.006
7.014
7.017
7.026
7.028
7.031
7.032
7.037
7.042
7.049
7.055
7.058
7.061
7.061
7.062
7.071
7.072
7.074
7.076
7.077
7.081
7.082
7.108
7.119
7.125
7.134
7.135
7.137
7.145
7.162
7.168
7.17
7.175
7.178
7.18
7.19
7.195
7.197
7.202
7.203
7.204
7.218
7.219
7.223
7.234
7.238
7.244
7.244
7.246
7.254
7.262
7.271
7.277
7.281
7.295
7.315
7.316
7.319
7.322
7.329
7.33
7.333
7.338
7.34
7.349
7.349
7.355
7.367
7.368
7.369
7.378
7.379
7.381
7.388
7.395
7.397
7.402
7.402
7.404
7.407
7.419
7.427
7.428
7.435
7.437
7.448
7.453
7.457
7.463
7.465
7.478
7.48
7.481
7.502
7.503
7.512
7.52
7.521
7.524
7.529
7.531
7.531
7.533
7.545
7.549
7.559
7.562
7.564
7.566
7.574
7.585
7.601
7.603
7.612
7.656
7.66
7.663
7.667
7.669
7.671
7.677
7.679
7.679
7.684
7.693
7.696
7.701
7.708
7.711
7.723
7.749
7.75
7.763
7.767
7.771
7.772
7.792
7.796
7.803
7.805
7.83
7.845
7.855
7.856
7.86
7.861
7.863
7.867
7.879
7.89
7.891
7.893
7.897
7.908
7.926
7.938
7.966
7.974
7.975
7.976
7.977
7.994
7.995
7.996
8.002
8.007
8.008
8.009
8.013
8.021
8.022
8.025
8.042
8.053
8.063
8.063
8.068
8.074
8.087
8.098
8.099
8.099
8.104
8.105
8.107
8.129
8.13
8.133
8.138
8.146
8.152
8.156
8.159
8.16
8.167
8.168
8.177
8.177
8.178
8.195
8.196
8.21
8.213
8.221
8.226
8.229
8.238
8.239
8.241
8.246
8.247
8.25
8.253
8.253
8.253
8.255
8.266
8.269
8.272
8.276
8.285
8.285
8.288
8.292
8.297
8.299
8.302
8.308
8.312
8.319
8.323
8.324
8.325
8.339
8.342
8.349
8.353
8.363
8.363
8.364
8.373
8.374
8.379
8.38
8.381
8.396
8.396
8.397
8.408
8.415
8.431
8.432
8.434
8.434
8.436
8.441
8.447
8.449
8.453
8.455
8.458
8.464
8.467
8.47
8.478
8.482
8.492
8.502
8.512
8.512
8.516
8.517
8.523
8.529
8.536
8.543
8.544
8.547
8.55
8.55
8.572
8.574
8.579
8.579
8.583
8.588
8.592
8.599
8.604
8.609
8.617
8.621
8.624
8.636
8.641
8.649
8.651
8.655
8.667
8.667
8.674
8.677
8.678
8.678
8.68
8.683
8.684
8.686
8.686
8.687
8.698
8.702
8.705
8.711
8.716
8.717
8.719
8.725
8.73
8.735
8.737
8.743
8.748
8.753
8.754
8.758
8.766
8.772
8.772
8.78
8.784
8.788
8.79
8.798
8.803
8.805
8.812
8.817
8.822
8.832
8.834
8.836
8.841
8.842
8.847
8.852
8.852
8.853
8.853
8.857
8.858
8.87
8.879
8.88
8.88
8.881
8.881
8.884
8.887
8.887
8.888
8.896
8.911
8.915
8.916
8.934
8.941
8.943
8.945
8.947
8.956
8.959
8.964
8.969
8.976
8.979
8.983
9
9.001
9.007
9.01
9.011
9.015
9.022
9.029
9.044
9.051
9.057
9.065
9.067
9.071
9.087
9.089
9.116
9.121
9.128
9.129
9.131
9.137
9.148
9.152
9.152
9.153
9.163
9.163
9.164
9.167
9.17
9.172
9.175
9.184
9.186
9.188
9.192
9.193
9.199
9.211
9.211
9.212
9.215
9.22
9.22
9.221
9.223
9.225
9.235
9.238
9.249
9.249
9.261
9.27
9.282
9.286
9.296
9.302
9.318
9.33
9.337
9.359
9.369
9.375
9.383
9.384
9.389
9.39
9.397
9.4
9.403
9.403
9.412
9.422
9.423
9.426
9.465
9.471
9.483
9.49
9.5
9.514
9.515
9.544
9.558
9.558
9.559
9.568
9.57
9.576
9.581
9.582
9.584
9.586
9.592
9.594
9.597
9.601
9.615
9.618
9.64
9.645
9.651
9.652
9.655
9.656
9.683
9.706
9.724
9.724
9.735
9.74
9.748
9.752
9.759
9.759
9.782
9.788
9.793
9.796
9.806
9.86
9.861
9.863
9.873
9.879
9.89
9.916
9.918
9.923
9.933
9.94
9.941
9.948
9.951
9.951
9.952
9.954
9.97
9.98
10.002
10.01
10.012
10.014
10.035
10.038
10.043
10.047
10.06
10.062
10.078
10.084
10.128
10.132
10.158
10.165
10.166
10.167
10.174
10.177
10.179
10.193
10.196
10.207
10.214
10.22
10.266
10.271
10.274
10.275
10.318
10.337
10.349
10.356
10.36
10.367
10.391
10.397
10.406
10.412
10.421
10.429
10.444
10.452
10.467
10.492
10.518
10.533
10.541
10.546
10.547
10.575
10.584
10.616
10.623
10.625
10.626
10.635
10.64
10.641
10.661
10.679
10.685
10.696
10.707
10.714
10.727
10.75
10.776
10.844
10.849
10.854
10.859
10.873
10.881
10.893
10.922
10.928
10.931
10.941
10.949
10.96
10.994
10.995
11.022
11.026
11.028
11.041
11.059
11.063
11.079
11.089
11.113
11.113
11.143
11.144
11.146
11.15
11.165
11.189
11.192
11.209
11.234
11.245
11.247
11.253
11.268
11.281
11.294
11.295
11.3
11.309
11.311
11.32
11.33
11.336
11.343
11.35
11.387
11.394
11.394
11.409
11.424
11.427
11.452
11.454
11.469
11.482
11.483
11.485
11.497
11.531
11.563
11.568
11.57
11.576
11.591
11.598
11.612
11.631
11.646
11.663
11.675
11.676
11.676
11.677
11.684
11.686
11.689
11.708
11.709
11.723
11.732
11.739
11.74
11.787
11.788
11.788
11.789
11.835
11.836
11.846
11.853
11.858
11.869
11.871
11.872
11.885
11.887
11.905
11.905
11.916
11.916
11.919
11.921
11.932
11.944
11.952
11.953
11.963
11.981
11.985
11.986
11.99
11.99
12
12.019
12.026
12.033
12.047
12.06
12.065
12.067
12.088
12.099
12.124
12.128
12.129
12.145
12.149
12.166
12.169
12.189
12.2
12.205
12.212
12.224
12.235
12.239
12.25
12.253
12.266
12.267
12.293
12.307
12.327
12.331
12.35
12.359
12.366
12.378
12.38
12.407
12.443
12.447
12.451
12.463
12.464
12.484
12.508
12.519
12.537
12.539
12.593
12.598
12.607
12.615
12.619
12.642
12.644
12.662
12.682
12.686
12.687
12.695
12.702
12.706
12.708
12.717
12.734
12.735
12.766
12.766
12.769
12.782
12.791
12.808
12.828
12.836
12.841
12.867
12.872
12.879
12.882
12.9
12.916
12.92
12.934
12.949
12.973
12.993
12.994
13.013
13.02
13.033
13.035
13.037
13.041
13.067
13.096
13.101
13.115
13.125
13.133
13.142
13.149
13.169
13.176
13.183
13.188
13.219
13.223
13.238
13.262
13.279
13.281
13.282
13.297
13.34
13.344
13.36
13.384
13.412
13.422
13.468
13.506
13.521
13.522
13.524
13.534
13.564
13.57
13.602
13.637
13.682
13.688
13.705
13.715
13.741
13.758
13.761
13.785
13.836
13.911
13.92
13.983
14.012
14.029
14.04
14.044
14.06
14.08
14.133
14.146
14.174
14.255
14.261
14.262
14.335
14.36
14.449
14.472
14.477
14.542
14.553
14.564
14.597
14.688
14.689
14.694
15.061
15.078
15.104
15.197
15.308
15.566
15.606
15.637
15.669
15.673
15.704
15.768
15.81
15.867
15.943
15.95
16.157
16.334
16.49
16.588
16.637
16.77
16.893
16.969
17.339
17.346
17.354
17.357
17.783
17.936
18.032
18.259
18.683
18.701
18.703
19.308
20.17
20.319
20.415
21.145
21.663
22.914
23.402
23.493
23.752
25.414
