0.722
4.17
4.21
4.227
4.276
4.3
4.341
4.354
4.356
4.407
4.471
4.48
4.486
4.498
4.527
4.527
4.551
4.553
4.561
4.569
4.584
4.593
4.61
4.61
4.624
4.633
4.637
4.641
4.656
4.696
4.699
4.718
4.722
4.731
4.733
4.762
4.793
4.806
4.809
4.818
4.851
4.866
4.894
4.908
4.93
4.931
4.941
4.946
4.949
4.956
4.958
4.962
4.962
4.988
4.992
4.993
4.996
5
5.001
5.003
5.029
5.042
5.069
5.074
5.081
5.083
5.105
5.11
5.13
5.139
5.141
5.141
5.144
5.161
5.167
5.17
5.172
5.181
5.182
5.185
5.185
5.2
5.22
5.22
5.243
5.246
5.269
5.273
5.284
5.302
5.307
5.314
5.32
5.322
5.349
5.363
5.387
5.388
5.389
5.394
5.401
5.412
5.433
5.481
5.482
5.485
5.507
5.524
5.533
5.534
5.543
5.543
5.559
5.565
5.568
5.57
5.587
5.6
5.605
5.607
5.628
5.639
5.669
5.701
5.702
5.709
5.712
5.724
5.736
5.744
5.762
5.798
5.799
5.801
5.811
5.819
5.836
5.838
5.84
5.84
5.852
5.856
5.858
5.87
5.874
5.874
5.882
5.884
5.885
5.894
5.896
5.906
5.912
5.919
5.924
5.931
5.937
5.937
5.941
5.942
5.949
5.951
5.966
5.978
5.993
6.005
6.012
6.016
6.016
6.023
6.028
6.034
6.035
6.04
6.042
6.049
6.05
6.055
6.06
6.064
6.066
6.067
6.08
6.081
6.082
6.09
6.092
6.097
6.1
6.101
6.102
6.102
6.109
6.11
6.115
6.128
6.131
6.132
6.133
6.135
6.139
6.139
6.144
6.145
6.152
6.154
6.157
6.158
6.16
6.163
6.165
6.165
6.186
6.187
6.189
6.19
6.192
6.195
6.196
6.198
6.199
6.202
6.202
6.206
6.217
6.224
6.224
6.227
6.232
6.233
6.242
6.246
6.252
6.253
6.259
6.265
6.272
6.273
6.277
6.289
6.294
6.297
6.299
6.305
6.307
6.316
6.317
6.318
6.321
6.327
6.329
6.331
6.341
6.344
6.358
6.367
6.371
6.379
6.383
6.384
6.384
6.386
6.413
6.413
6.418
6.418
6.422
6.424
6.431
6.442
6.443
6.444
6.452
6.455
6.457
6.458
6.464
6.465
6.47
6.473
6.475
6.482
6.488
6.489
6.493
6.494
6.496
6.497
6.506
6.511
6.526
6.528
6.531
6.535
6.538
6.54
6.553
6.567
6.573
6.577
6.585
6.586
6.588
6.59
6.591
6.591
6.592
6.592
6.594
6.597
6.597
6.6
6.609
6.612
6.612
6.616
6.623
6.624
6.632
6.645
6.649
6.657
6.659
6.662
6.668
6.668
6.686
6.697
6.699
6.707
6.71
6.715
6.721
6.723
6.724
6.729
6.729
6.73
6.732
6.733
6.754
6.757
6.761
6.772
6.776
6.777
6.788
6.794
6.807
6.813
6.813
6.819
6.824
6.825
6.829
6.843
6.85
6.863
6.864
6.873
6.874
6.88
6.884
6.885
6.887
6.891
6.892
6.9
6.901
6.907
6.911
6.934
6.937
6.939
6.942
6.943
6.949
6.954
6.954
6.962
6.981
6.986
6.987
6.993
6.997
7.002
7.01
7.01
7.011
7.018
7.023
7.032
7.035
7.039
7.047
7.048
7.05
7.063
7.068
7.072
7.081
7.081
7.083
7.083
7.089
7.108
7.109
7.112
7.118
7.121
7.132
7.135
7.143
7.144
7.149
7.159
7.164
7.165
7.189
7.189
7.197
7.201
7.202
7.202
7.214
7.217
7.217
7.229
7.23
7.233
7.236
7.246
7.247
7.247
7.256
7.266
7.266
7.267
7.273
7.275
7.276
7.279
7.284
7.285
7.288
7.29
7.301
7.303
7.308
7.325
7.336
7.342
7.343
7.35
7.358
7.363
7.374
7.377
7.383
7.395
7.407
7.409
7.411
7.42
7.429
7.429
7.435
7.439
7.446
7.447
7.453
7.466
7.473
7.488
7.499
7.502
7.503
7.506
7.525
7.533
7.541
7.542
7.543
7.55
7.551
7.557
7.559
7.564
7.57
7.575
7.58
7.583
7.584
7.585
7.6
7.602
7.606
7.619
7.632
7.639
7.642
7.646
7.648
7.65
7.655
7.655
7.657
7.664
7.665
7.671
7.672
7.681
7.689
7.691
7.696
7.715
7.721
7.728
7.728
7.731
7.738
7.739
7.741
7.741
7.748
7.758
7.76
7.764
7.764
7.77
7.781
7.799
7.806
7.829
7.832
7.834
7.834
7.851
7.852
7.854
7.86
7.86
7.862
7.863
7.87
7.872
7.875
7.876
7.877
7.889
7.89
7.895
7.895
7.897
7.9
7.901
7.926
7.928
7.932
7.938
7.948
7.949
7.952
7.956
7.957
7.961
7.964
7.965
7.972
7.979
7.981
7.981
7.982
7.987
7.998
7.998
8
8.009
8.012
8.014
8.015
8.019
8.019
8.025
8.025
8.025
8.03
8.031
8.034
8.038
8.042
8.044
8.045
8.051
8.052
8.052
8.053
8.058
8.064
8.065
8.068
8.068
8.072
8.076
8.078
8.08
8.081
8.085
8.089
8.09
8.094
8.097
8.102
8.12
8.123
8.123
8.126
8.127
8.14
8.142
8.142
8.143
8.143
8.158
8.163
8.165
8.166
8.168
8.168
8.169
8.173
8.175
8.179
8.182
8.187
8.192
8.21
8.212
8.213
8.213
8.218
8.221
8.222
8.227
8.247
8.249
8.249
8.251
8.254
8.259
8.268
8.275
8.284
8.287
8.29
8.296
8.303
8.305
8.307
8.309
8.31
8.311
8.322
8.326
8.338
8.341
8.354
8.354
8.359
8.362
8.363
8.365
8.366
8.366
8.366
8.368
8.372
8.372
8.372
8.381
8.384
8.39
8.394
8.394
8.395
8.398
8.403
8.416
8.42
8.42
8.421
8.423
8.426
8.431
8.431
8.435
8.436
8.456
8.458
8.465
8.468
8.469
8.474
8.479
8.483
8.483
8.485
8.486
8.486
8.491
8.491
8.496
8.497
8.498
8.499
8.499
8.504
8.507
8.514
8.515
8.522
8.523
8.524
8.525
8.538
8.544
8.545
8.557
8.562
8.568
8.573
8.574
8.58
8.582
8.584
8.589
8.591
8.599
8.6
8.602
8.611
8.612
8.615
8.624
8.629
8.631
8.635
8.656
8.661
8.676
8.681
8.682
8.686
8.701
8.716
8.727
8.728
8.736
8.741
8.741
8.744
8.751
8.756
8.76
8.761
8.774
8.774
8.786
8.786
8.793
8.795
8.797
8.804
8.804
8.828
8.83
8.84
8.845
8.846
8.848
8.85
8.855
8.859
8.866
8.876
8.878
8.906
8.913
8.918
8.922
8.927
8.938
8.938
8.956
8.96
8.974
8.976
8.986
8.992
8.992
8.997
9.001
9.001
9.008
9.025
9.028
9.037
9.044
9.049
9.06
9.062
9.075
9.076
9.088
9.091
9.106
9.109
9.119
9.123
9.123
9.129
9.134
9.14
9.146
9.157
9.169
9.17
9.173
9.18
9.188
9.206
9.206
9.21
9.243
9.248
9.251
9.279
9.283
9.284
9.304
9.306
9.311
9.323
9.345
9.362
9.394
9.398
9.402
9.403
9.417
9.447
9.454
9.456
9.467
9.479
9.481
9.487
9.495
9.497
9.506
9.507
9.51
9.512
9.53
9.531
9.549
9.558
9.56
9.564
9.579
9.586
9.586
9.595
9.625
9.628
9.636
9.637
9.667
9.669
9.708
9.715
9.723
9.729
9.731
9.737
9.76
9.77
9.819
9.838
9.849
9.855
9.876
9.899
9.921
9.929
9.964
9.983
9.992
10.006
10.016
10.019
10.02
10.032
10.038
10.044
10.047
10.051
10.064
10.066
10.081
10.093
10.1
10.11
10.117
10.126
10.161
10.167
10.186
10.187
10.196
10.206
10.207
10.207
10.209
10.21
10.218
10.238
10.244
10.26
10.276
10.33
10.342
10.344
10.362
10.363
10.413
10.416
10.479
10.5
10.502
10.516
10.529
10.545
10.545
10.554
10.555
10.557
10.568
10.588
10.59
10.602
10.608
10.614
10.621
10.623
10.631
10.634
10.638
10.64
10.65
10.654
10.655
10.66
10.665
10.67
10.672
10.675
10.676
10.709
10.715
10.736
10.738
10.744
10.745
10.752
10.753
10.759
10.772
10.779
10.793
10.805
10.831
10.833
10.839
10.846
10.862
10.877
10.89
10.929
10.943
10.95
10.96
10.969
10.982
10.983
10.994
11.009
11.011
11.022
11.034
11.042
11.066
11.083
11.085
11.091
11.097
11.109
11.116
11.119
11.12
11.172
11.204
11.216
11.221
11.226
11.234
11.245
11.249
11.253
11.254
11.256
11.256
11.265
11.267
11.267
11.27
11.28
11.283
11.302
11.308
11.312
11.318
11.32
11.328
11.33
11.335
11.354
11.358
11.363
11.363
11.396
11.405
11.413
11.421
11.441
11.447
11.451
11.453
11.453
11.467
11.475
11.477
11.48
11.491
11.503
11.525
11.531
11.533
11.535
11.538
11.557
11.558
11.599
11.602
11.603
11.65
11.651
11.658
11.66
11.674
11.68
11.682
11.684
11.699
11.744
11.744
11.767
11.784
11.791
11.805
11.806
11.83
11.831
11.841
11.864
11.878
11.892
11.892
11.898
11.904
11.911
11.944
11.949
11.951
11.958
11.963
11.979
11.983
11.986
12.004
12.01
12.01
12.012
12.012
12.018
12.023
12.023
12.06
12.065
12.068
12.073
12.077
12.082
12.112
12.132
12.141
12.144
12.147
12.149
12.177
12.198
12.216
12.236
12.239
12.288
12.308
12.312
12.334
12.341
12.385
12.394
12.396
12.45
12.456
12.468
12.491
12.507
12.507
12.519
12.57
12.637
12.644
12.645
12.656
12.656
12.691
12.706
12.754
12.756
12.793
12.818
12.849
12.861
12.885
12.898
12.902
13.03
13.044
13.046
13.109
13.115
13.153
13.168
13.204
13.27
13.284
13.391
13.45
13.461
13.527
13.602
13.737
13.965
13.971
14.14
14.232
14.25
14.324
14.435
14.519
14.583
14.604
14.729
14.979
15.006
15.081
15.108
16.163
16.195
16.249
16.301
16.676
16.712
16.949
16.975
16.981
17.2
17.306
17.343
17.649
17.705
17.753
18.025
18.042
18.185
18.232
18.849
18.869
19.059
19.104
19.176
19.454
20.625
21.008
21.238
23.933
25.327
26.974
30.169
