0.969
6.406
6.507
6.548
6.565
6.706
6.72
6.774
6.85
6.922
6.972
7.107
7.128
7.311
7.419
7.445
7.484
7.491
7.538
7.587
7.6
7.669
7.732
7.785
7.809
7.848
7.866
7.875
7.875
7.882
7.903
7.956
7.994
8.003
8.016
8.024
8.045
8.049
8.058
8.116
8.125
8.13
8.137
8.147
8.183
8.187
8.238
8.25
8.253
8.259
8.261
8.265
8.269
8.272
8.28
8.283
8.286
8.287
8.289
8.291
8.299
8.309
8.323
8.326
8.326
8.328
8.34
8.35
8.358
8.363
8.369
8.372
8.383
8.385
8.386
8.408
8.409
8.429
8.436
8.449
8.456
8.474
8.479
8.489
8.496
8.512
8.518
8.528
8.529
8.53
8.53
8.535
8.54
8.542
8.554
8.584
8.589
8.591
8.599
8.615
8.623
8.623
8.624
8.625
8.637
8.658
8.66
8.665
8.68
8.691
8.704
8.71
8.725
8.728
8.733
8.736
8.739
8.749
8.753
8.755
8.757
8.768
8.778
8.786
8.787
8.792
8.796
8.796
8.796
8.8
8.801
8.815
8.85
8.857
8.861
8.862
8.869
8.881
8.885
8.887
8.909
8.92
8.922
8.928
8.93
8.931
8.94
8.942
8.943
8.946
8.958
8.963
8.979
8.993
8.996
9.006
9.008
9.008
9.011
9.011
9.014
9.017
9.031
9.031
9.043
9.044
9.045
9.05
9.05
9.052
9.058
9.059
9.062
9.062
9.064
9.07
9.078
9.082
9.099
9.105
9.113
9.114
9.118
9.121
9.122
9.131
9.139
9.16
9.191
9.196
9.204
9.215
9.229
9.234
9.243
9.243
9.25
9.253
9.253
9.261
9.262
9.269
9.275
9.275
9.283
9.286
9.287
9.291
9.294
9.298
9.299
9.301
9.304
9.304
9.309
9.321
9.331
9.332
9.334
9.339
9.34
9.341
9.359
9.377
9.387
9.388
9.389
9.39
9.394
9.397
9.401
9.413
9.415
9.425
9.427
9.427
9.436
9.446
9.459
9.461
9.461
9.463
9.466
9.475
9.482
9.483
9.484
9.497
9.498
9.501
9.512
9.512
9.522
9.528
9.537
9.538
9.54
9.545
9.55
9.558
9.56
9.56
9.562
9.564
9.567
9.577
9.577
9.59
9.591
9.592
9.598
9.598
9.605
9.608
9.609
9.612
9.621
9.623
9.63
9.632
9.641
9.644
9.65
9.65
9.653
9.661
9.663
9.668
9.669
9.671
9.673
9.684
9.686
9.69
9.699
9.7
9.701
9.701
9.706
9.715
9.721
9.729
9.731
9.737
9.742
9.748
9.749
9.751
9.757
9.758
9.76
9.761
9.764
9.769
9.77
9.774
9.777
9.778
9.78
9.782
9.782
9.794
9.804
9.805
9.806
9.815
9.821
9.827
9.83
9.833
9.834
9.834
9.835
9.836
9.837
9.853
9.859
9.86
9.869
9.87
9.873
9.876
9.882
9.89
9.892
9.898
9.904
9.904
9.905
9.906
9.906
9.907
9.907
9.915
9.918
9.921
9.931
9.934
9.934
9.939
9.943
9.944
9.949
9.954
9.958
9.959
9.964
9.966
9.968
9.971
9.976
9.977
9.98
9.986
9.988
9.99
9.99
9.993
9.995
9.996
10.003
10.005
10.009
10.011
10.012
10.017
10.017
10.017
10.019
10.032
10.033
10.036
10.039
10.042
10.042
10.043
10.043
10.044
10.047
10.05
10.052
10.053
10.053
10.058
10.065
10.065
10.065
10.068
10.07
10.077
10.089
10.091
10.095
10.098
10.103
10.105
10.108
10.11
10.123
10.124
10.129
10.131
10.135
10.136
10.137
10.147
10.155
10.158
10.162
10.17
10.174
10.179
10.188
10.189
10.189
10.19
10.199
10.2
10.202
10.21
10.216
10.216
10.221
10.224
10.229
10.232
10.235
10.241
10.241
10.242
10.243
10.248
10.249
10.253
10.258
10.261
10.267
10.267
10.274
10.277
10.277
10.281
10.285
10.294
10.306
10.307
10.312
10.315
10.319
10.32
10.32
10.321
10.325
10.327
10.333
10.337
10.338
10.339
10.348
10.348
10.352
10.355
10.359
10.362
10.362
10.366
10.368
10.373
10.373
10.377
10.387
10.388
10.391
10.395
10.396
10.396
10.398
10.401
10.404
10.405
10.418
10.418
10.419
10.424
10.424
10.429
10.432
10.434
10.435
10.441
10.443
10.443
10.444
10.447
10.457
10.457
10.467
10.471
10.474
10.477
10.479
10.482
10.488
10.494
10.498
10.503
10.504
10.505
10.507
10.509
10.523
10.526
10.532
10.533
10.536
10.537
10.538
10.538
10.542
10.542
10.543
10.544
10.547
10.547
10.547
10.554
10.555
10.561
10.561
10.561
10.562
10.578
10.588
10.589
10.594
10.596
10.598
10.601
10.602
10.604
10.608
10.609
10.614
10.614
10.618
10.618
10.619
10.624
10.625
10.627
10.633
10.634
10.635
10.639
10.64
10.645
10.645
10.647
10.653
10.653
10.657
10.658
10.658
10.664
10.671
10.676
10.68
10.683
10.699
10.699
10.702
10.709
10.711
10.712
10.713
10.715
10.717
10.727
10.738
10.74
10.74
10.741
10.749
10.749
10.752
10.754
10.756
10.758
10.762
10.765
10.776
10.778
10.781
10.784
10.787
10.79
10.794
10.798
10.816
10.816
10.817
10.822
10.829
10.833
10.834
10.834
10.837
10.841
10.844
10.845
10.846
10.853
10.856
10.864
10.865
10.87
10.871
10.874
10.878
10.88
10.881
10.888
10.891
10.892
10.893
10.893
10.895
10.898
10.899
10.901
10.909
10.915
10.918
10.92
10.926
10.926
10.93
10.931
10.931
10.932
10.938
10.938
10.945
10.951
10.959
10.961
10.965
10.966
10.967
10.967
10.97
10.975
10.976
10.985
10.987
10.987
10.988
10.989
10.991
10.997
10.999
11.002
11.012
11.012
11.013
11.013
11.017
11.019
11.022
11.024
11.025
11.026
11.03
11.031
11.034
11.035
11.037
11.047
11.048
11.05
11.058
11.061
11.062
11.063
11.067
11.067
11.069
11.072
11.079
11.08
11.081
11.083
11.084
11.088
11.094
11.098
11.101
11.101
11.104
11.105
11.106
11.107
11.108
11.112
11.114
11.117
11.118
11.118
11.119
11.121
11.122
11.126
11.127
11.134
11.136
11.137
11.143
11.144
11.148
11.157
11.161
11.164
11.181
11.183
11.183
11.184
11.185
11.193
11.193
11.201
11.201
11.202
11.202
11.211
11.218
11.22
11.221
11.221
11.221
11.224
11.231
11.233
11.236
11.237
11.242
11.246
11.247
11.248
11.25
11.257
11.26
11.264
11.266
11.271
11.271
11.271
11.275
11.275
11.277
11.288
11.288
11.289
11.293
11.293
11.303
11.306
11.316
11.33
11.332
11.332
11.34
11.341
11.346
11.347
11.351
11.352
11.358
11.36
11.36
11.36
11.361
11.362
11.366
11.368
11.37
11.376
11.378
11.38
11.38
11.381
11.382
11.39
11.393
11.397
11.403
11.407
11.416
11.419
11.421
11.423
11.424
11.424
11.428
11.434
11.435
11.439
11.446
11.449
11.455
11.46
11.46
11.462
11.465
11.468
11.475
11.476
11.477
11.479
11.481
11.481
11.483
11.483
11.486
11.488
11.492
11.492
11.502
11.503
11.506
11.506
11.516
11.523
11.525
11.527
11.537
11.539
11.541
11.548
11.549
11.552
11.553
11.553
11.556
11.559
11.566
11.567
11.568
11.579
11.579
11.581
11.584
11.585
11.587
11.587
11.59
11.59
11.591
11.597
11.603
11.606
11.606
11.61
11.62
11.643
11.644
11.645
11.645
11.653
11.653
11.654
11.658
11.658
11.672
11.674
11.679
11.683
11.687
11.688
11.7
11.701
11.702
11.705
11.711
11.721
11.728
11.728
11.729
11.73
11.733
11.738
11.743
11.743
11.748
11.753
11.756
11.762
11.771
11.771
11.772
11.773
11.777
11.78
11.783
11.786
11.793
11.793
11.794
11.797
11.801
11.803
11.811
11.824
11.825
11.828
11.831
11.837
11.844
11.846
11.848
11.851
11.851
11.851
11.864
11.871
11.873
11.873
11.873
11.877
11.883
11.895
11.899
11.902
11.905
11.907
11.909
11.913
11.915
11.917
11.924
11.934
11.936
11.938
11.939
11.94
11.964
11.966
11.97
11.971
11.974
11.987
11.989
11.99
11.991
11.991
11.996
11.997
12.001
12.003
12.003
12.008
12.012
12.013
12.015
12.017
12.018
12.019
12.02
12.021
12.022
12.022
12.025
12.038
12.04
12.041
12.047
12.054
12.059
12.061
12.063
12.066
12.067
12.068
12.069
12.07
12.078
12.085
12.086
12.09
12.094
12.099
12.099
12.099
12.1
12.101
12.104
12.105
12.105
12.107
12.113
12.114
12.116
12.116
12.117
12.119
12.123
12.133
12.135
12.135
12.14
12.145
12.145
12.146
12.147
12.147
12.148
12.154
12.154
12.155
12.159
12.162
12.164
12.165
12.167
12.167
12.17
12.171
12.171
12.173
12.175
12.175
12.176
12.178
12.186
12.186
12.194
12.194
12.196
12.204
12.209
12.214
12.215
12.225
12.226
12.231
12.231
12.234
12.234
12.234
12.238
12.238
12.244
12.245
12.246
12.251
12.256
12.26
12.261
12.262
12.263
12.265
12.265
12.266
12.267
12.277
12.279
12.28
12.281
12.291
12.294
12.295
12.295
12.302
12.307
12.308
12.309
12.312
12.328
12.333
12.34
12.341
12.361
12.362
12.364
12.366
12.369
12.371
12.374
12.375
12.382
12.383
12.387
12.391
12.394
12.394
12.396
12.404
12.406
12.409
12.416
12.42
12.42
12.439
12.44
12.444
12.444
12.444
12.444
12.445
12.449
12.452
12.453
12.453
12.454
12.465
12.468
12.47
12.478
12.481
12.485
12.487
12.49
12.491
12.495
12.498
12.515
12.515
12.516
12.519
12.521
12.525
12.53
12.536
12.538
12.546
12.547
12.551
12.556
12.563
12.563
12.569
12.571
12.571
12.573
12.574
12.574
12.575
12.576
12.576
12.577
12.577
12.578
12.583
12.586
12.586
12.597
12.6
12.602
12.602
12.603
12.604
12.607
12.607
12.608
12.61
12.611
12.614
12.614
12.621
12.627
12.633
12.635
12.639
12.643
12.651
12.652
12.653
12.653
12.654
12.655
12.657
12.662
12.663
12.666
12.667
12.669
12.678
12.679
12.683
12.695
12.695
12.697
12.702
12.703
12.704
12.708
12.708
12.709
12.712
12.716
12.718
12.723
12.723
12.728
12.729
12.731
12.734
12.737
12.737
12.739
12.74
12.745
12.753
12.754
12.755
12.756
12.762
12.769
12.777
12.779
12.781
12.788
12.79
12.79
12.79
12.79
12.793
12.8
12.801
12.805
12.807
12.809
12.811
12.82
12.822
12.828
12.834
12.855
12.856
12.861
12.864
12.865
12.866
12.866
12.868
12.869
12.872
12.872
12.873
12.875
12.877
12.877
12.884
12.886
12.887
12.893
12.894
12.902
12.911
12.911
12.912
12.919
12.919
12.922
12.929
12.93
12.93
12.932
12.938
12.943
12.943
12.946
12.951
12.953
12.959
12.964
12.966
12.968
12.976
12.979
12.979
12.981
12.982
12.989
12.992
12.994
12.995
12.996
12.996
13
13.006
13.007
13.012
13.012
13.013
13.015
13.015
13.019
13.02
13.023
13.026
13.028
13.028
13.029
13.04
13.042
13.045
13.063
13.071
13.073
13.075
13.082
13.084
13.086
13.086
13.091
13.091
13.094
13.097
13.108
13.118
13.12
13.121
13.124
13.126
13.151
13.151
13.154
13.159
13.167
13.175
13.175
13.178
13.184
13.187
13.187
13.189
13.19
13.198
13.201
13.204
13.206
13.207
13.212
13.228
13.256
13.258
13.259
13.26
13.273
13.285
13.285
13.293
13.297
13.305
13.311
13.312
13.315
13.327
13.336
13.337
13.343
13.349
13.362
13.365
13.366
13.368
13.376
13.385
13.386
13.391
13.393
13.401
13.404
13.409
13.413
13.428
13.433
13.433
13.444
13.445
13.455
13.46
13.473
13.473
13.479
13.489
13.49
13.49
13.507
13.52
13.527
13.533
13.535
13.538
13.541
13.547
13.56
13.576
13.577
13.579
13.58
13.583
13.588
13.589
13.59
13.592
13.6
13.603
13.611
13.615
13.619
13.619
13.622
13.627
13.63
13.631
13.631
13.636
13.647
13.648
13.655
13.656
13.66
13.661
13.663
13.664
13.671
13.674
13.675
13.676
13.681
13.689
13.692
13.699
13.708
13.711
13.715
13.72
13.724
13.727
13.749
13.752
13.755
13.769
13.772
13.777
13.779
13.78
13.78
13.787
13.788
13.79
13.791
13.791
13.793
13.794
13.809
13.81
13.811
13.813
13.819
13.83
13.835
13.837
13.839
13.842
13.845
13.846
13.851
13.855
13.857
13.857
13.861
13.866
13.874
13.877
13.881
13.881
13.886
13.889
13.896
13.897
13.897
13.91
13.91
13.912
13.927
13.928
13.931
13.931
13.932
13.932
13.933
13.938
13.944
13.958
13.962
13.964
13.981
13.993
13.995
13.998
13.999
14.001
14.003
14.005
14.014
14.019
14.028
14.028
14.028
14.033
14.035
14.043
14.054
14.054
14.057
14.057
14.059
14.068
14.075
14.078
14.081
14.082
14.09
14.105
14.106
14.109
14.114
14.123
14.126
14.13
14.132
14.132
14.136
14.136
14.139
14.145
14.15
14.153
14.154
14.158
14.163
14.165
14.167
14.168
14.179
14.182
14.185
14.187
14.189
14.199
14.208
14.208
14.214
14.218
14.221
14.232
14.235
14.24
14.251
14.28
14.281
14.282
14.285
14.286
14.293
14.294
14.298
14.302
14.304
14.304
14.306
14.306
14.307
14.315
14.324
14.325
14.328
14.333
14.336
14.344
14.344
14.347
14.348
14.351
14.353
14.359
14.362
14.363
14.379
14.382
14.386
14.389
14.398
14.398
14.4
14.404
14.411
14.413
14.414
14.423
14.423
14.425
14.425
14.425
14.427
14.432
14.432
14.444
14.452
14.457
14.457
14.459
14.463
14.465
14.472
14.475
14.48
14.488
14.495
14.504
14.509
14.512
14.513
14.515
14.518
14.521
14.521
14.521
14.525
14.537
14.538
14.547
14.558
14.559
14.573
14.574
14.58
14.599
14.605
14.606
14.606
14.609
14.611
14.611
14.618
14.619
14.625
14.628
14.629
14.63
14.632
14.643
14.663
14.665
14.667
14.667
14.668
14.678
14.68
14.683
14.69
14.693
14.697
14.701
14.702
14.708
14.712
14.721
14.728
14.739
14.744
14.748
14.753
14.76
14.766
14.772
14.777
14.779
14.781
14.788
14.798
14.804
14.806
14.81
14.812
14.813
14.817
14.819
14.82
14.827
14.829
14.837
14.838
14.842
14.843
14.843
14.849
14.85
14.851
14.855
14.866
14.874
14.88
14.881
14.886
14.911
14.914
14.922
14.926
14.926
14.928
14.932
14.939
14.94
14.943
14.945
14.946
14.958
14.966
14.967
14.978
14.987
14.988
15.002
15.006
15.009
15.014
15.016
15.017
15.023
15.032
15.035
15.035
15.039
15.041
15.054
15.059
15.062
15.071
15.075
15.077
15.078
15.082
15.084
15.085
15.092
15.095
15.098
15.102
15.106
15.112
15.113
15.121
15.124
15.124
15.125
15.137
15.137
15.139
15.141
15.141
15.152
15.155
15.158
15.169
15.171
15.172
15.183
15.192
15.204
15.206
15.209
15.214
15.216
15.226
15.229
15.233
15.238
15.239
15.253
15.256
15.256
15.257
15.258
15.261
15.265
15.272
15.277
15.282
15.291
15.293
15.298
15.307
15.318
15.324
15.338
15.341
15.351
15.353
15.373
15.375
15.375
15.401
15.404
15.409
15.414
15.419
15.425
15.426
15.429
15.442
15.446
15.45
15.458
15.463
15.475
15.483
15.487
15.49
15.491
15.492
15.499
15.503
15.503
15.515
15.518
15.529
15.529
15.55
15.558
15.56
15.561
15.571
15.573
15.576
15.579
15.583
15.588
15.593
15.603
15.607
15.609
15.612
15.621
15.626
15.627
15.633
15.636
15.642
15.645
15.652
15.655
15.659
15.661
15.662
15.673
15.687
15.692
15.697
15.704
15.71
15.733
15.733
15.738
15.739
15.742
15.747
15.767
15.778
15.779
15.785
15.787
15.789
15.815
15.822
15.832
15.843
15.852
15.87
15.877
15.884
15.884
15.886
15.9
15.914
15.953
15.975
15.981
15.986
15.995
16
16.002
16.007
16.01
16.012
16.018
16.024
16.026
16.043
16.052
16.052
16.066
16.075
16.087
16.092
16.097
16.098
16.103
16.112
16.113
16.126
16.138
16.151
16.153
16.172
16.176
16.182
16.187
16.193
16.194
16.206
16.209
16.209
16.217
16.225
16.226
16.239
16.241
16.249
16.265
16.265
16.281
16.285
16.295
16.297
16.298
16.326
16.33
16.335
16.343
16.347
16.352
16.365
16.373
16.409
16.438
16.454
16.457
16.457
16.459
16.463
16.472
16.475
16.477
16.477
16.494
16.499
16.501
16.504
16.512
16.517
16.518
16.522
16.522
16.54
16.545
16.55
16.566
16.579
16.582
16.588
16.589
16.595
16.597
16.603
16.61
16.622
16.622
16.63
16.639
16.642
16.645
16.657
16.674
16.689
16.696
16.7
16.701
16.717
16.719
16.721
16.737
16.738
16.742
16.746
16.746
16.748
16.765
16.797
16.798
16.804
16.819
16.835
16.842
16.856
16.86
16.864
16.865
16.869
16.876
16.88
16.881
16.884
16.891
16.896
16.905
16.909
16.942
16.943
16.944
16.945
16.95
16.955
16.962
16.968
16.972
16.985
16.995
16.996
17.004
17.028
17.059
17.062
17.066
17.071
17.077
17.114
17.132
17.136
17.137
17.143
17.144
17.146
17.148
17.158
17.171
17.174
17.188
17.191
17.201
17.206
17.209
17.221
17.226
17.261
17.282
17.286
17.299
17.3
17.303
17.305
17.325
17.328
17.345
17.347
17.351
17.36
17.375
17.378
17.379
17.381
17.4
17.409
17.432
17.449
17.453
17.453
17.458
17.462
17.462
17.463
17.464
17.474
17.474
17.477
17.497
17.501
17.501
17.504
17.512
17.521
17.525
17.557
17.561
17.573
17.589
17.59
17.59
17.607
17.625
17.642
17.67
17.672
17.677
17.679
17.705
17.708
17.725
17.737
17.74
17.742
17.743
17.748
17.775
17.783
17.79
17.798
17.803
17.803
17.814
17.825
17.838
17.84
17.863
17.899
17.9
17.902
17.908
17.914
17.966
17.967
17.976
17.981
17.99
18.002
18.026
18.039
18.043
18.044
18.058
18.061
18.063
18.071
18.072
18.076
18.079
18.083
18.088
18.112
18.113
18.129
18.13
18.136
18.149
18.152
18.163
18.169
18.176
18.19
18.195
18.195
18.21
18.216
18.239
18.252
18.258
18.278
18.289
18.314
18.327
18.336
18.341
18.356
18.364
18.376
18.381
18.392
18.412
18.428
18.445
18.447
18.448
18.453
18.471
18.473
18.49
18.529
18.535
18.566
18.602
18.611
18.641
18.671
18.691
18.698
18.725
18.725
18.735
18.756
18.761
18.795
18.804
18.807
18.82
18.84
18.841
18.849
18.851
18.865
18.872
18.907
18.909
18.928
18.945
18.947
18.966
18.969
18.976
18.987
19
19.007
19.06
19.095
19.096
19.097
19.126
19.176
19.178
19.179
19.192
19.223
19.252
19.299
19.312
19.347
19.352
19.36
19.384
19.403
19.41
19.451
19.476
19.486
19.499
19.504
19.521
19.531
19.535
19.539
19.553
19.557
19.565
19.584
19.591
19.652
19.656
19.665
19.667
19.691
19.698
19.702
19.704
19.705
19.733
19.74
19.741
19.742
19.748
19.769
19.779
19.782
19.817
19.846
19.847
19.852
19.912
19.931
19.934
19.941
19.942
19.972
19.976
19.979
19.988
19.995
19.998
20.026
20.046
20.075
20.089
20.101
20.107
20.137
20.165
20.18
20.24
20.243
20.273
20.292
20.333
20.411
20.43
20.449
20.459
20.461
20.49
20.522
20.528
20.534
20.537
20.539
20.54
20.548
20.564
20.577
20.61
20.622
20.624
20.635
20.645
20.696
20.736
20.736
20.737
20.747
20.751
20.753
20.766
20.793
20.794
20.8
20.817
20.876
20.897
20.909
20.985
20.986
20.988
20.992
21.001
21.036
21.049
21.077
21.079
21.143
21.152
21.168
21.182
21.199
21.237
21.238
21.255
21.268
21.294
21.329
21.36
21.38
21.387
21.406
21.41
21.412
21.418
21.441
21.464
21.514
21.642
21.708
21.757
21.77
21.786
21.815
21.821
21.837
21.874
21.882
21.92
21.931
21.944
21.999
22.089
22.104
22.119
22.149
22.533
22.554
22.565
22.673
22.694
22.702
22.726
22.749
22.781
22.818
22.894
23.052
23.095
23.103
23.166
23.272
23.289
23.337
23.337
23.353
23.49
23.602
23.614
23.659
23.733
23.807
23.831
23.994
24.045
24.062
24.355
24.461
24.652
24.674
24.779
24.842
24.876
24.9
24.906
24.936
24.972
25.028
25.042
25.218
25.351
25.377
25.571
25.644
25.684
25.728
25.851
25.867
25.979
26.051
26.083
26.106
26.306
26.344
26.407
26.54
26.618
26.995
27.289
27.584
27.74
27.747
27.988
28.113
28.133
28.318
28.392
28.45
28.455
28.489
28.668
28.966
29.376
29.873
30.163
30.623
30.995
32.942
37.789
