0.694
4.158
4.242
4.284
4.287
4.315
4.342
4.352
4.361
4.428
4.437
4.44
4.447
4.449
4.482
4.487
4.509
4.525
4.527
4.53
4.537
4.541
4.559
4.568
4.612
4.618
4.653
4.661
4.676
4.677
4.704
4.707
4.733
4.786
4.792
4.866
4.899
4.899
4.908
4.922
4.936
4.944
4.991
4.996
5.001
5.007
5.026
5.038
5.047
5.06
5.103
5.144
5.146
5.148
5.149
5.158
5.169
5.178
5.18
5.192
5.219
5.243
5.256
5.306
5.307
5.319
5.32
5.323
5.324
5.325
5.326
5.332
5.334
5.344
5.345
5.347
5.358
5.359
5.362
5.368
5.395
5.397
5.426
5.431
5.445
5.446
5.449
5.456
5.459
5.468
5.471
5.476
5.479
5.483
5.502
5.511
5.543
5.544
5.545
5.559
5.562
5.571
5.571
5.578
5.58
5.616
5.62
5.621
5.629
5.635
5.639
5.659
5.659
5.661
5.663
5.665
5.677
5.703
5.716
5.726
5.726
5.731
5.736
5.739
5.751
5.756
5.761
5.764
5.792
5.803
5.813
5.814
5.82
5.846
5.861
5.869
5.895
5.906
5.908
5.919
5.922
5.928
5.932
5.955
5.956
5.963
5.964
5.968
5.978
5.983
6.009
6.01
6.011
6.035
6.037
6.043
6.046
6.054
6.062
6.07
6.071
6.073
6.075
6.076
6.078
6.081
6.086
6.096
6.105
6.105
6.105
6.107
6.113
6.113
6.127
6.135
6.135
6.136
6.137
6.138
6.153
6.164
6.168
6.17
6.172
6.172
6.175
6.179
6.183
6.184
6.192
6.195
6.196
6.197
6.197
6.202
6.202
6.208
6.211
6.211
6.217
6.221
6.223
6.225
6.233
6.234
6.24
6.247
6.247
6.248
6.25
6.25
6.26
6.262
6.264
6.266
6.267
6.269
6.271
6.277
6.277
6.282
6.284
6.284
6.284
6.285
6.288
6.291
6.291
6.292
6.294
6.294
6.303
6.303
6.305
6.312
6.313
6.319
6.32
6.324
6.324
6.324
6.332
6.337
6.339
6.34
6.341
6.342
6.343
6.343
6.349
6.351
6.354
6.355
6.357
6.357
6.367
6.367
6.37
6.372
6.372
6.374
6.375
6.377
6.377
6.382
6.382
6.384
6.389
6.393
6.394
6.396
6.398
6.403
6.405
6.41
6.414
6.42
6.425
6.428
6.429
6.431
6.432
6.433
6.443
6.444
6.447
6.449
6.453
6.458
6.461
6.469
6.476
6.481
6.5
6.505
6.512
6.516
6.521
6.522
6.522
6.523
6.524
6.527
6.536
6.539
6.539
6.54
6.54
6.543
6.552
6.552
6.557
6.558
6.559
6.571
6.573
6.578
6.588
6.591
6.596
6.6
6.603
6.614
6.616
6.621
6.623
6.626
6.627
6.628
6.636
6.64
6.647
6.648
6.649
6.657
6.664
6.668
6.671
6.676
6.686
6.687
6.688
6.691
6.694
6.696
6.706
6.713
6.715
6.715
6.716
6.72
6.721
6.724
6.726
6.727
6.728
6.729
6.729
6.732
6.734
6.738
6.749
6.758
6.766
6.778
6.781
6.783
6.786
6.786
6.799
6.799
6.803
6.833
6.834
6.841
6.851
6.854
6.855
6.856
6.86
6.865
6.873
6.874
6.894
6.898
6.902
6.915
6.916
6.924
6.928
6.933
6.939
6.939
6.948
6.949
6.951
6.963
6.988
6.991
6.996
7.001
7.002
7.009
7.014
7.015
7.018
7.025
7.027
7.037
7.04
7.041
7.045
7.047
7.056
7.067
7.075
7.083
7.089
7.092
7.117
7.118
7.122
7.129
7.136
7.139
7.152
7.152
7.154
7.155
7.158
7.163
7.18
7.192
7.207
7.214
7.22
7.227
7.23
7.232
7.236
7.238
7.251
7.265
7.266
7.268
7.286
7.3
7.3
7.301
7.305
7.31
7.316
7.322
7.333
7.335
7.346
7.356
7.357
7.359
7.364
7.365
7.37
7.372
7.379
7.384
7.392
7.393
7.403
7.434
7.446
7.462
7.476
7.484
7.49
7.503
7.504
7.516
7.523
7.525
7.529
7.534
7.545
7.546
7.559
7.566
7.57
7.587
7.592
7.605
7.611
7.629
7.645
7.654
7.658
7.69
7.691
7.692
7.705
7.706
7.72
7.721
7.726
7.729
7.731
7.732
7.741
7.75
7.757
7.763
7.764
7.77
7.772
7.775
7.782
7.787
7.787
7.811
7.813
7.814
7.816
7.831
7.843
7.847
7.85
7.86
7.877
7.881
7.882
7.885
7.889
7.895
7.897
7.897
7.904
7.904
7.916
7.919
7.921
7.922
7.925
7.931
7.94
7.943
7.944
7.946
7.951
7.956
7.965
7.971
7.976
8.002
8.012
8.016
8.016
8.022
8.041
8.043
8.047
8.057
8.059
8.067
8.072
8.075
8.078
8.089
8.093
8.1
8.107
8.111
8.126
8.13
8.139
8.142
8.146
8.149
8.156
8.168
8.168
8.172
8.175
8.184
8.185
8.188
8.193
8.198
8.213
8.217
8.219
8.22
8.229
8.233
8.234
8.239
8.241
8.247
8.252
8.257
8.258
8.258
8.259
8.259
8.26
8.261
8.266
8.267
8.269
8.278
8.282
8.294
8.301
8.309
8.31
8.311
8.321
8.333
8.337
8.344
8.346
8.347
8.354
8.361
8.362
8.366
8.366
8.373
8.376
8.381
8.384
8.385
8.386
8.395
8.399
8.406
8.41
8.417
8.418
8.422
8.426
8.426
8.427
8.427
8.433
8.437
8.446
8.452
8.455
8.457
8.459
8.46
8.461
8.473
8.476
8.481
8.481
8.49
8.495
8.497
8.497
8.497
8.507
8.507
8.508
8.513
8.521
8.523
8.542
8.542
8.542
8.544
8.547
8.55
8.551
8.558
8.56
8.575
8.581
8.584
8.587
8.593
8.597
8.598
8.6
8.601
8.606
8.617
8.627
8.63
8.631
8.637
8.637
8.642
8.643
8.649
8.654
8.654
8.654
8.662
8.663
8.664
8.677
8.681
8.688
8.691
8.692
8.694
8.7
8.71
8.71
8.716
8.719
8.728
8.73
8.736
8.755
8.759
8.759
8.762
8.762
8.763
8.766
8.772
8.782
8.787
8.789
8.792
8.793
8.796
8.8
8.803
8.806
8.807
8.825
8.827
8.829
8.851
8.852
8.853
8.853
8.854
8.86
8.86
8.862
8.862
8.867
8.879
8.88
8.888
8.891
8.904
8.91
8.915
8.915
8.916
8.916
8.925
8.939
8.939
8.947
8.95
8.954
8.96
8.962
8.972
8.973
8.975
8.975
8.983
8.988
8.999
9
9.015
9.025
9.032
9.033
9.034
9.043
9.057
9.059
9.062
9.084
9.087
9.087
9.092
9.095
9.097
9.099
9.101
9.116
9.12
9.12
9.121
9.127
9.128
9.131
9.137
9.143
9.143
9.16
9.161
9.201
9.214
9.214
9.229
9.23
9.261
9.266
9.268
9.268
9.27
9.278
9.286
9.288
9.295
9.316
9.327
9.339
9.362
9.377
9.383
9.386
9.388
9.391
9.418
9.428
9.436
9.45
9.48
9.481
9.488
9.493
9.502
9.507
9.511
9.524
9.546
9.568
9.568
9.581
9.588
9.596
9.601
9.61
9.615
9.629
9.646
9.648
9.677
9.681
9.698
9.709
9.71
9.731
9.732
9.741
9.748
9.75
9.752
9.756
9.757
9.761
9.796
9.816
9.818
9.829
9.835
9.836
9.838
9.841
9.856
9.916
9.933
9.955
9.966
9.972
9.972
9.987
9.988
9.992
10.012
10.015
10.026
10.034
10.043
10.05
10.064
10.078
10.079
10.085
10.088
10.099
10.102
10.104
10.111
10.12
10.137
10.141
10.146
10.154
10.163
10.186
10.215
10.229
10.26
10.297
10.299
10.3
10.329
10.334
10.351
10.354
10.367
10.367
10.37
10.378
10.392
10.441
10.453
10.457
10.465
10.479
10.485
10.497
10.501
10.546
10.572
10.575
10.594
10.601
10.603
10.604
10.617
10.618
10.619
10.631
10.633
10.638
10.658
10.669
10.671
10.679
10.694
10.718
10.721
10.722
10.723
10.728
10.751
10.755
10.762
10.769
10.783
10.783
10.792
10.796
10.816
10.823
10.838
10.849
10.863
10.866
10.867
10.885
10.899
10.905
10.917
10.923
10.96
10.986
10.987
10.996
10.997
11.004
11.012
11.013
11.021
11.024
11.047
11.057
11.071
11.099
11.141
11.142
11.161
11.163
11.181
11.184
11.202
11.223
11.243
11.243
11.245
11.264
11.269
11.271
11.272
11.274
11.29
11.313
11.326
11.345
11.383
11.383
11.388
11.403
11.412
11.427
11.427
11.445
11.452
11.456
11.462
11.471
11.476
11.492
11.493
11.501
11.504
11.527
11.538
11.564
11.566
11.569
11.571
11.58
11.583
11.583
11.59
11.613
11.615
11.615
11.636
11.64
11.666
11.668
11.702
11.713
11.715
11.722
11.724
11.725
11.726
11.756
11.772
11.773
11.774
11.78
11.785
11.793
11.803
11.805
11.816
11.82
11.864
11.902
11.909
11.917
11.917
11.934
11.934
11.94
11.98
11.992
11.994
11.998
12
12.005
12.008
12.019
12.029
12.046
12.063
12.069
12.081
12.087
12.093
12.103
12.115
12.12
12.12
12.127
12.155
12.156
12.156
12.165
12.166
12.167
12.173
12.183
12.206
12.214
12.222
12.222
12.232
12.238
12.287
12.292
12.302
12.303
12.303
12.305
12.327
12.329
12.355
12.365
12.374
12.382
12.409
12.418
12.426
12.437
12.446
12.466
12.476
12.486
12.535
12.553
12.563
12.565
12.586
12.593
12.593
12.608
12.627
12.663
12.683
12.698
12.698
12.772
12.782
12.804
12.851
12.855
12.91
12.911
12.925
12.943
12.994
13.003
13.019
13.029
13.031
13.054
13.127
13.156
13.22
13.267
13.3
13.301
13.308
13.309
13.329
13.362
13.371
13.445
13.457
13.481
13.497
13.508
13.541
13.547
13.554
13.59
13.634
13.654
13.844
13.895
13.918
13.926
13.932
13.937
13.956
14.005
14.011
14.032
14.063
14.071
14.086
14.239
14.271
14.353
14.364
14.47
14.701
14.739
14.746
14.776
14.927
15.09
15.328
15.361
15.436
15.48
15.52
15.664
16.05
16.094
16.316
16.361
16.576
16.945
17.14
17.193
17.372
17.585
17.6
18.004
18.089
18.374
18.584
18.728
19.167
19.276
19.436
20.718
21.023
21.356
21.411
21.646
