1.022
6.654
6.992
7
7.044
7.208
7.301
7.351
7.475
7.475
7.479
7.49
7.493
7.511
7.53
7.622
7.679
7.725
7.742
7.748
7.763
7.763
7.765
7.779
7.784
7.792
7.793
7.798
7.804
7.815
7.817
7.832
7.845
7.867
7.87
7.891
7.898
7.898
7.903
7.925
7.953
7.957
7.964
7.977
8.001
8.015
8.019
8.02
8.026
8.033
8.036
8.052
8.053
8.064
8.079
8.085
8.092
8.1
8.13
8.132
8.141
8.151
8.169
8.18
8.184
8.218
8.241
8.246
8.254
8.261
8.263
8.265
8.274
8.283
8.286
8.305
8.312
8.335
8.346
8.346
8.35
8.352
8.354
8.361
8.375
8.381
8.407
8.411
8.412
8.439
8.442
8.471
8.482
8.492
8.504
8.509
8.514
8.515
8.516
8.518
8.518
8.53
8.532
8.532
8.558
8.568
8.568
8.574
8.578
8.578
8.579
8.607
8.613
8.619
8.632
8.637
8.647
8.65
8.656
8.662
8.662
8.664
8.665
8.673
8.679
8.688
8.69
8.7
8.701
8.713
8.72
8.721
8.744
8.75
8.752
8.754
8.76
8.765
8.766
8.771
8.779
8.788
8.793
8.8
8.802
8.81
8.811
8.813
8.818
8.839
8.841
8.844
8.845
8.854
8.861
8.869
8.872
8.877
8.891
8.909
8.911
8.918
8.93
8.931
8.931
8.932
8.934
8.936
8.943
8.947
8.962
8.972
8.977
8.98
8.983
8.984
8.999
9.014
9.022
9.032
9.039
9.039
9.049
9.054
9.065
9.075
9.079
9.086
9.088
9.089
9.091
9.099
9.104
9.111
9.119
9.119
9.131
9.139
9.142
9.143
9.144
9.155
9.159
9.161
9.173
9.181
9.183
9.185
9.186
9.189
9.198
9.214
9.224
9.226
9.242
9.246
9.247
9.248
9.249
9.264
9.264
9.272
9.288
9.291
9.299
9.3
9.3
9.308
9.308
9.311
9.314
9.321
9.323
9.329
9.338
9.359
9.36
9.364
9.365
9.367
9.375
9.38
9.381
9.385
9.388
9.393
9.395
9.397
9.405
9.407
9.416
9.421
9.428
9.429
9.429
9.429
9.429
9.433
9.435
9.441
9.451
9.456
9.467
9.472
9.479
9.49
9.494
9.504
9.51
9.512
9.513
9.514
9.519
9.523
9.524
9.525
9.525
9.528
9.529
9.535
9.537
9.546
9.552
9.556
9.558
9.559
9.561
9.574
9.578
9.585
9.586
9.594
9.599
9.599
9.605
9.61
9.613
9.618
9.633
9.641
9.648
9.655
9.658
9.658
9.67
9.671
9.671
9.675
9.682
9.686
9.689
9.692
9.693
9.697
9.701
9.708
9.708
9.713
9.725
9.726
9.73
9.736
9.74
9.743
9.749
9.759
9.759
9.76
9.768
9.769
9.779
9.78
9.78
9.783
9.784
9.784
9.785
9.786
9.787
9.792
9.802
9.802
9.808
9.81
9.811
9.817
9.818
9.818
9.819
9.821
9.826
9.834
9.837
9.838
9.842
9.849
9.856
9.858
9.865
9.868
9.868
9.87
9.87
9.87
9.884
9.888
9.891
9.895
9.897
9.902
9.907
9.907
9.911
9.914
9.916
9.924
9.924
9.925
9.938
9.94
9.946
9.949
9.949
9.95
9.953
9.953
9.954
9.96
9.963
9.978
9.979
9.982
9.983
9.989
9.992
9.996
9.997
9.999
10.001
10.006
10.009
10.011
10.012
10.017
10.02
10.02
10.024
10.025
10.028
10.029
10.03
10.039
10.041
10.041
10.047
10.048
10.049
10.052
10.053
10.063
10.065
10.066
10.07
10.086
10.088
10.091
10.101
10.101
10.103
10.105
10.109
10.11
10.111
10.113
10.115
10.117
10.117
10.124
10.127
10.128
10.131
10.133
10.133
10.136
10.138
10.147
10.149
10.16
10.161
10.162
10.167
10.171
10.175
10.177
10.18
10.184
10.192
10.195
10.195
10.196
10.2
10.21
10.211
10.214
10.219
10.219
10.222
10.223
10.225
10.229
10.232
10.247
10.25
10.252
10.254
10.254
10.266
10.277
10.28
10.28
10.289
10.289
10.289
10.29
10.291
10.294
10.3
10.303
10.31
10.313
10.313
10.32
10.325
10.325
10.334
10.337
10.339
10.34
10.344
10.346
10.349
10.349
10.35
10.358
10.364
10.366
10.366
10.366
10.369
10.369
10.377
10.377
10.397
10.397
10.4
10.405
10.416
10.424
10.425
10.426
10.426
10.429
10.432
10.433
10.433
10.443
10.443
10.449
10.45
10.456
10.457
10.459
10.461
10.467
10.47
10.473
10.476
10.477
10.484
10.486
10.487
10.494
10.5
10.5
10.502
10.506
10.508
10.51
10.517
10.521
10.524
10.528
10.529
10.529
10.538
10.539
10.544
10.559
10.56
10.561
10.567
10.567
10.57
10.571
10.572
10.574
10.574
10.575
10.584
10.587
10.6
10.601
10.604
10.605
10.607
10.608
10.611
10.612
10.615
10.621
10.622
10.625
10.629
10.632
10.634
10.642
10.649
10.65
10.654
10.654
10.654
10.656
10.661
10.664
10.665
10.678
10.686
10.688
10.694
10.696
10.696
10.7
10.701
10.703
10.707
10.709
10.715
10.716
10.716
10.717
10.73
10.737
10.741
10.743
10.746
10.75
10.754
10.759
10.762
10.763
10.768
10.772
10.774
10.781
10.781
10.784
10.787
10.788
10.793
10.799
10.8
10.826
10.826
10.826
10.835
10.839
10.839
10.84
10.843
10.848
10.848
10.848
10.849
10.851
10.856
10.863
10.864
10.865
10.867
10.871
10.875
10.887
10.889
10.893
10.897
10.9
10.901
10.901
10.909
10.912
10.914
10.916
10.918
10.921
10.935
10.939
10.94
10.942
10.943
10.946
10.947
10.948
10.956
10.958
10.959
10.959
10.96
10.968
10.974
10.981
10.981
10.982
10.983
10.991
10.996
10.999
11
11.001
11.008
11.009
11.011
11.012
11.02
11.021
11.022
11.025
11.025
11.033
11.035
11.036
11.037
11.039
11.04
11.042
11.042
11.042
11.044
11.046
11.048
11.048
11.049
11.049
11.05
11.051
11.062
11.064
11.066
11.071
11.076
11.082
11.083
11.086
11.087
11.095
11.096
11.098
11.099
11.104
11.11
11.116
11.116
11.121
11.123
11.126
11.128
11.13
11.135
11.144
11.15
11.155
11.157
11.164
11.167
11.178
11.178
11.18
11.18
11.183
11.185
11.186
11.203
11.204
11.206
11.206
11.218
11.223
11.226
11.226
11.226
11.228
11.228
11.235
11.237
11.241
11.243
11.245
11.249
11.255
11.256
11.259
11.261
11.262
11.266
11.266
11.272
11.28
11.28
11.281
11.281
11.282
11.282
11.282
11.291
11.297
11.299
11.301
11.302
11.308
11.318
11.319
11.32
11.321
11.322
11.323
11.324
11.326
11.327
11.328
11.332
11.335
11.341
11.341
11.342
11.343
11.348
11.349
11.36
11.362
11.365
11.37
11.372
11.377
11.391
11.394
11.397
11.404
11.406
11.416
11.422
11.422
11.424
11.431
11.431
11.432
11.434
11.437
11.438
11.438
11.438
11.447
11.449
11.455
11.461
11.463
11.464
11.467
11.468
11.469
11.474
11.479
11.483
11.484
11.485
11.489
11.496
11.497
11.5
11.502
11.503
11.513
11.513
11.517
11.519
11.524
11.524
11.525
11.525
11.531
11.531
11.537
11.537
11.538
11.541
11.546
11.554
11.561
11.566
11.567
11.568
11.568
11.573
11.574
11.574
11.576
11.579
11.579
11.584
11.585
11.587
11.59
11.597
11.599
11.6
11.607
11.608
11.613
11.614
11.621
11.629
11.63
11.634
11.637
11.637
11.639
11.64
11.641
11.644
11.644
11.647
11.657
11.659
11.663
11.667
11.67
11.673
11.681
11.683
11.684
11.687
11.687
11.688
11.689
11.692
11.694
11.694
11.695
11.719
11.719
11.719
11.72
11.723
11.726
11.745
11.761
11.768
11.772
11.78
11.786
11.793
11.797
11.799
11.802
11.806
11.813
11.818
11.82
11.823
11.823
11.823
11.824
11.829
11.83
11.834
11.844
11.848
11.851
11.855
11.861
11.869
11.874
11.882
11.886
11.886
11.896
11.904
11.91
11.912
11.915
11.916
11.927
11.93
11.932
11.935
11.936
11.94
11.943
11.946
11.947
11.948
11.95
11.957
11.958
11.962
11.966
11.968
11.97
11.972
11.974
11.983
11.984
11.988
11.997
11.998
12.002
12.004
12.015
12.016
12.021
12.022
12.023
12.033
12.034
12.035
12.036
12.036
12.038
12.043
12.046
12.051
12.053
12.054
12.055
12.06
12.069
12.071
12.073
12.078
12.079
12.086
12.09
12.09
12.091
12.096
12.101
12.108
12.108
12.108
12.113
12.116
12.118
12.127
12.136
12.14
12.146
12.15
12.157
12.159
12.161
12.162
12.163
12.164
12.165
12.166
12.176
12.181
12.188
12.188
12.19
12.191
12.193
12.2
12.212
12.213
12.213
12.217
12.22
12.224
12.225
12.23
12.232
12.233
12.234
12.235
12.24
12.24
12.244
12.245
12.247
12.251
12.252
12.254
12.257
12.261
12.269
12.269
12.269
12.272
12.275
12.276
12.277
12.279
12.279
12.281
12.29
12.29
12.298
12.299
12.302
12.305
12.316
12.316
12.317
12.317
12.317
12.321
12.334
12.344
12.349
12.364
12.365
12.367
12.371
12.376
12.376
12.377
12.377
12.38
12.386
12.387
12.388
12.395
12.398
12.403
12.404
12.405
12.407
12.41
12.411
12.412
12.413
12.415
12.423
12.429
12.431
12.435
12.436
12.45
12.459
12.46
12.463
12.474
12.475
12.478
12.491
12.492
12.498
12.501
12.51
12.511
12.514
12.522
12.526
12.528
12.529
12.53
12.539
12.547
12.556
12.558
12.566
12.569
12.572
12.575
12.578
12.579
12.596
12.596
12.601
12.602
12.602
12.604
12.605
12.605
12.607
12.615
12.616
12.617
12.621
12.622
12.626
12.627
12.632
12.636
12.637
12.637
12.639
12.644
12.644
12.645
12.647
12.65
12.652
12.656
12.659
12.663
12.675
12.677
12.68
12.688
12.694
12.695
12.695
12.696
12.702
12.712
12.719
12.721
12.722
12.723
12.738
12.738
12.74
12.751
12.757
12.758
12.759
12.759
12.763
12.766
12.772
12.774
12.786
12.792
12.802
12.811
12.812
12.812
12.818
12.819
12.825
12.829
12.83
12.832
12.834
12.836
12.84
12.845
12.85
12.851
12.858
12.859
12.861
12.865
12.869
12.881
12.884
12.885
12.889
12.893
12.896
12.904
12.905
12.909
12.911
12.913
12.914
12.917
12.918
12.918
12.921
12.922
12.927
12.929
12.931
12.937
12.939
12.941
12.948
12.954
12.96
12.965
12.971
12.971
12.979
12.981
12.984
12.988
12.994
12.996
12.996
12.999
12.999
13
13.018
13.02
13.022
13.028
13.029
13.03
13.037
13.041
13.041
13.041
13.043
13.06
13.06
13.07
13.074
13.079
13.082
13.083
13.083
13.084
13.087
13.09
13.1
13.1
13.105
13.112
13.112
13.113
13.115
13.131
13.138
13.138
13.139
13.14
13.144
13.145
13.15
13.152
13.155
13.16
13.165
13.175
13.177
13.177
13.193
13.195
13.196
13.201
13.205
13.205
13.206
13.211
13.217
13.217
13.218
13.221
13.226
13.23
13.231
13.239
13.241
13.244
13.246
13.246
13.246
13.251
13.252
13.259
13.263
13.264
13.265
13.266
13.266
13.269
13.275
13.283
13.285
13.289
13.291
13.297
13.297
13.317
13.321
13.321
13.328
13.336
13.342
13.343
13.346
13.347
13.354
13.359
13.36
13.362
13.362
13.362
13.368
13.373
13.374
13.377
13.392
13.402
13.404
13.404
13.411
13.412
13.414
13.415
13.415
13.417
13.42
13.42
13.427
13.434
13.439
13.451
13.457
13.46
13.466
13.467
13.468
13.469
13.47
13.471
13.474
13.474
13.479
13.489
13.489
13.49
13.493
13.494
13.494
13.496
13.497
13.499
13.501
13.513
13.527
13.537
13.537
13.54
13.541
13.548
13.555
13.557
13.561
13.562
13.562
13.563
13.564
13.565
13.565
13.573
13.575
13.577
13.582
13.586
13.588
13.591
13.598
13.605
13.609
13.609
13.623
13.635
13.639
13.643
13.644
13.644
13.648
13.648
13.653
13.654
13.658
13.663
13.676
13.678
13.68
13.683
13.686
13.686
13.687
13.689
13.69
13.692
13.696
13.699
13.7
13.707
13.71
13.715
13.715
13.72
13.721
13.722
13.737
13.745
13.751
13.758
13.761
13.765
13.768
13.772
13.774
13.781
13.789
13.791
13.792
13.794
13.795
13.797
13.8
13.803
13.803
13.808
13.81
13.812
13.813
13.817
13.818
13.823
13.827
13.829
13.84
13.844
13.844
13.847
13.854
13.865
13.866
13.873
13.874
13.885
13.885
13.887
13.893
13.899
13.9
13.906
13.906
13.912
13.913
13.913
13.913
13.914
13.915
13.918
13.932
13.933
13.944
13.948
13.953
13.966
13.969
13.97
13.97
13.983
13.983
13.984
13.987
13.989
13.99
13.991
13.993
14.003
14.009
14.009
14.033
14.038
14.038
14.04
14.04
14.048
14.049
14.049
14.05
14.055
14.066
14.074
14.076
14.079
14.084
14.084
14.099
14.111
14.112
14.114
14.13
14.139
14.154
14.155
14.169
14.17
14.17
14.173
14.176
14.179
14.187
14.188
14.191
14.193
14.193
14.194
14.21
14.214
14.216
14.217
14.226
14.229
14.233
14.236
14.239
14.252
14.254
14.259
14.266
14.27
14.28
14.283
14.283
14.289
14.307
14.319
14.323
14.323
14.327
14.335
14.341
14.344
14.358
14.359
14.361
14.365
14.37
14.371
14.372
14.372
14.377
14.383
14.387
14.401
14.407
14.419
14.429
14.43
14.432
14.434
14.443
14.451
14.451
14.462
14.471
14.472
14.477
14.477
14.48
14.485
14.495
14.499
14.509
14.51
14.511
14.511
14.513
14.516
14.528
14.529
14.532
14.536
14.544
14.546
14.559
14.562
14.563
14.564
14.568
14.572
14.573
14.573
14.576
14.586
14.593
14.593
14.601
14.602
14.603
14.605
14.605
14.609
14.631
14.658
14.661
14.661
14.663
14.664
14.671
14.678
14.682
14.686
14.689
14.691
14.692
14.695
14.696
14.696
14.698
14.7
14.702
14.703
14.712
14.713
14.718
14.722
14.723
14.723
14.725
14.728
14.73
14.731
14.732
14.734
14.738
14.743
14.744
14.748
14.75
14.751
14.754
14.756
14.758
14.759
14.763
14.775
14.78
14.78
14.782
14.782
14.784
14.791
14.799
14.799
14.803
14.803
14.813
14.814
14.816
14.822
14.836
14.841
14.845
14.848
14.848
14.852
14.856
14.861
14.864
14.866
14.874
14.884
14.885
14.885
14.886
14.89
14.891
14.894
14.906
14.915
14.917
14.919
14.92
14.926
14.931
14.931
14.936
14.947
14.95
14.955
14.959
14.961
14.966
14.968
14.984
14.99
14.993
14.996
15.005
15.008
15.04
15.045
15.047
15.052
15.056
15.059
15.059
15.061
15.062
15.078
15.09
15.091
15.091
15.092
15.095
15.097
15.098
15.101
15.107
15.117
15.118
15.12
15.121
15.121
15.124
15.124
15.13
15.169
15.172
15.172
15.178
15.185
15.192
15.197
15.205
15.209
15.223
15.228
15.23
15.232
15.234
15.234
15.246
15.252
15.264
15.271
15.272
15.273
15.275
15.279
15.281
15.284
15.286
15.288
15.289
15.292
15.319
15.322
15.326
15.332
15.333
15.338
15.338
15.341
15.344
15.36
15.363
15.364
15.366
15.367
15.373
15.378
15.381
15.387
15.394
15.394
15.401
15.406
15.408
15.419
15.421
15.426
15.426
15.428
15.435
15.45
15.454
15.455
15.456
15.469
15.471
15.499
15.499
15.504
15.508
15.509
15.513
15.515
15.524
15.525
15.529
15.53
15.539
15.557
15.566
15.566
15.586
15.587
15.607
15.611
15.612
15.617
15.62
15.625
15.63
15.633
15.635
15.635
15.645
15.646
15.651
15.654
15.664
15.665
15.668
15.671
15.677
15.692
15.706
15.707
15.712
15.715
15.727
15.75
15.752
15.754
15.76
15.766
15.768
15.769
15.776
15.778
15.788
15.794
15.817
15.82
15.823
15.862
15.862
15.869
15.871
15.883
15.886
15.886
15.889
15.891
15.895
15.9
15.9
15.931
15.933
15.943
15.945
15.952
15.954
15.957
15.959
15.963
15.97
15.98
16
16.011
16.011
16.012
16.014
16.021
16.023
16.023
16.034
16.036
16.041
16.042
16.052
16.053
16.061
16.062
16.062
16.069
16.084
16.086
16.088
16.103
16.112
16.117
16.125
16.129
16.139
16.15
16.15
16.153
16.153
16.157
16.159
16.173
16.19
16.195
16.21
16.213
16.219
16.221
16.226
16.227
16.232
16.237
16.239
16.244
16.247
16.256
16.262
16.264
16.273
16.275
16.278
16.291
16.305
16.308
16.337
16.34
16.348
16.35
16.354
16.367
16.375
16.379
16.38
16.383
16.387
16.399
16.407
16.413
16.439
16.463
16.463
16.467
16.486
16.498
16.504
16.506
16.508
16.509
16.522
16.523
16.524
16.529
16.529
16.545
16.56
16.56
16.566
16.568
16.578
16.588
16.603
16.608
16.612
16.612
16.621
16.63
16.641
16.642
16.669
16.672
16.683
16.688
16.707
16.715
16.723
16.736
16.737
16.745
16.745
16.764
16.764
16.767
16.77
16.778
16.788
16.788
16.789
16.792
16.793
16.797
16.822
16.842
16.844
16.848
16.85
16.85
16.852
16.852
16.861
16.873
16.883
16.887
16.893
16.91
16.911
16.913
16.913
16.924
16.936
16.938
16.939
16.94
16.94
16.968
16.969
16.978
16.98
16.997
17
17
17.007
17.008
17.021
17.021
17.027
17.028
17.04
17.041
17.043
17.051
17.053
17.067
17.075
17.079
17.082
17.094
17.095
17.112
17.125
17.142
17.178
17.182
17.196
17.22
17.226
17.247
17.268
17.276
17.283
17.286
17.287
17.304
17.327
17.334
17.345
17.347
17.35
17.351
17.361
17.363
17.366
17.373
17.395
17.404
17.404
17.417
17.421
17.427
17.466
17.483
17.487
17.487
17.504
17.519
17.528
17.53
17.535
17.543
17.555
17.558
17.562
17.565
17.585
17.587
17.64
17.648
17.655
17.66
17.662
17.668
17.671
17.713
17.727
17.73
17.735
17.738
17.742
17.778
17.786
17.787
17.795
17.804
17.813
17.819
17.82
17.827
17.876
17.89
17.925
17.926
17.954
17.954
17.955
17.967
17.972
17.976
17.981
18.007
18.008
18.026
18.032
18.054
18.055
18.068
18.071
18.072
18.082
18.093
18.096
18.099
18.106
18.107
18.141
18.165
18.176
18.182
18.186
18.192
18.206
18.221
18.231
18.251
18.265
18.287
18.294
18.297
18.311
18.313
18.321
18.333
18.343
18.351
18.358
18.387
18.389
18.391
18.4
18.405
18.409
18.415
18.419
18.426
18.434
18.444
18.462
18.5
18.505
18.509
18.519
18.544
18.55
18.571
18.577
18.585
18.592
18.593
18.599
18.603
18.606
18.607
18.613
18.618
18.637
18.639
18.671
18.677
18.682
18.688
18.692
18.693
18.697
18.699
18.705
18.707
18.712
18.718
18.719
18.726
18.747
18.748
18.769
18.799
18.808
18.815
18.823
18.832
18.843
18.843
18.844
18.851
18.859
18.861
18.864
18.899
18.926
18.94
18.953
18.969
18.97
18.97
18.976
18.978
18.98
18.983
18.985
19.01
19.015
19.029
19.04
19.054
19.092
19.092
19.093
19.098
19.135
19.138
19.138
19.178
19.187
19.195
19.201
19.206
19.209
19.259
19.274
19.31
19.323
19.327
19.358
19.363
19.366
19.367
19.378
19.38
19.385
19.397
19.406
19.436
19.438
19.453
19.463
19.494
19.5
19.501
19.537
19.538
19.555
19.592
19.598
19.666
19.68
19.708
19.721
19.741
19.743
19.753
19.756
19.756
19.783
19.809
19.81
19.81
19.828
19.833
19.885
19.891
19.915
19.945
19.972
19.988
19.991
20.001
20.016
20.066
20.091
20.107
20.114
20.132
20.14
20.148
20.161
20.213
20.216
20.224
20.259
20.266
20.283
20.306
20.325
20.359
20.381
20.392
20.393
20.395
20.415
20.421
20.458
20.466
20.474
20.476
20.488
20.494
20.511
20.512
20.535
20.582
20.59
20.6
20.603
20.668
20.706
20.713
20.72
20.742
20.742
20.802
20.803
20.859
20.862
20.863
20.906
20.991
21.015
21.055
21.07
21.071
21.079
21.081
21.084
21.105
21.236
21.243
21.246
21.398
21.414
21.503
21.567
21.631
21.668
21.68
21.685
21.723
21.728
21.756
21.792
21.945
22.011
22.084
22.097
22.122
22.139
22.169
22.447
22.45
22.477
22.486
22.499
22.523
22.528
22.587
22.68
22.688
22.753
22.846
22.862
23.063
23.359
23.371
23.399
23.408
23.408
23.435
23.514
23.523
23.609
23.637
23.745
23.747
23.851
24.062
24.162
24.237
24.291
24.365
24.482
24.521
24.798
24.912
24.947
24.963
24.976
25.167
25.184
25.328
25.793
25.821
25.856
26.218
26.638
26.68
26.71
27.181
27.621
27.71
27.775
28.368
28.614
29.428
30.072
30.738
31.795
31.852
32.601
32.806
33.208
