0.786
3.998
4.165
4.246
4.258
4.264
4.345
4.365
4.476
4.487
4.501
4.508
4.519
4.535
4.539
4.552
4.603
4.607
4.651
4.663
4.68
4.688
4.691
4.695
4.701
4.716
4.718
4.74
4.748
4.779
4.792
4.841
4.87
4.884
4.904
4.93
4.947
4.979
4.986
4.986
5.003
5.008
5.066
5.073
5.078
5.108
5.126
5.131
5.141
5.143
5.145
5.146
5.149
5.153
5.155
5.171
5.175
5.176
5.187
5.188
5.19
5.191
5.198
5.203
5.209
5.213
5.265
5.266
5.28
5.323
5.327
5.334
5.338
5.354
5.357
5.362
5.376
5.38
5.38
5.395
5.4
5.436
5.439
5.444
5.449
5.449
5.451
5.469
5.478
5.484
5.51
5.519
5.529
5.531
5.531
5.532
5.533
5.538
5.567
5.572
5.578
5.583
5.592
5.595
5.599
5.604
5.644
5.652
5.66
5.666
5.668
5.672
5.673
5.683
5.705
5.71
5.713
5.715
5.722
5.742
5.748
5.764
5.777
5.783
5.785
5.791
5.806
5.807
5.807
5.82
5.823
5.833
5.846
5.849
5.861
5.864
5.881
5.885
5.888
5.89
5.906
5.907
5.907
5.922
5.929
5.945
5.949
5.953
5.966
5.969
5.97
5.98
5.984
5.987
5.995
5.998
6.015
6.026
6.029
6.029
6.036
6.036
6.055
6.071
6.072
6.078
6.08
6.089
6.091
6.101
6.112
6.121
6.128
6.133
6.134
6.136
6.137
6.137
6.139
6.139
6.142
6.142
6.143
6.146
6.151
6.152
6.159
6.162
6.164
6.166
6.169
6.171
6.175
6.188
6.19
6.196
6.196
6.197
6.204
6.208
6.209
6.213
6.215
6.218
6.244
6.245
6.245
6.246
6.247
6.252
6.252
6.255
6.255
6.256
6.257
6.258
6.259
6.259
6.261
6.273
6.291
6.297
6.303
6.304
6.305
6.308
6.333
6.357
6.362
6.363
6.364
6.364
6.371
6.374
6.376
6.386
6.392
6.393
6.394
6.395
6.399
6.4
6.402
6.411
6.416
6.417
6.422
6.428
6.433
6.435
6.436
6.439
6.439
6.468
6.469
6.474
6.477
6.481
6.483
6.489
6.493
6.496
6.501
6.503
6.505
6.508
6.508
6.509
6.512
6.516
6.516
6.517
6.518
6.52
6.524
6.533
6.535
6.553
6.557
6.584
6.601
6.602
6.603
6.61
6.614
6.614
6.622
6.623
6.623
6.629
6.635
6.642
6.649
6.652
6.654
6.657
6.661
6.67
6.682
6.685
6.691
6.693
6.701
6.71
6.713
6.717
6.728
6.733
6.733
6.735
6.74
6.741
6.75
6.754
6.76
6.762
6.767
6.768
6.775
6.779
6.78
6.784
6.785
6.791
6.793
6.799
6.802
6.805
6.806
6.818
6.823
6.831
6.836
6.838
6.843
6.847
6.848
6.852
6.853
6.856
6.861
6.867
6.869
6.875
6.877
6.895
6.9
6.903
6.907
6.922
6.923
6.925
6.93
6.932
6.936
6.945
6.962
6.963
6.969
6.973
6.979
6.982
6.994
6.994
6.998
7.004
7.004
7.022
7.033
7.04
7.041
7.042
7.042
7.048
7.052
7.056
7.057
7.069
7.07
7.087
7.087
7.092
7.097
7.097
7.098
7.103
7.105
7.117
7.122
7.137
7.146
7.149
7.155
7.159
7.166
7.167
7.167
7.172
7.18
7.183
7.184
7.194
7.194
7.195
7.2
7.212
7.23
7.234
7.237
7.251
7.257
7.272
7.272
7.275
7.278
7.282
7.286
7.294
7.298
7.309
7.31
7.315
7.318
7.32
7.33
7.354
7.358
7.363
7.38
7.388
7.392
7.396
7.398
7.403
7.406
7.407
7.411
7.415
7.417
7.424
7.455
7.455
7.464
7.48
7.484
7.485
7.492
7.517
7.527
7.529
7.53
7.544
7.546
7.549
7.549
7.563
7.568
7.57
7.571
7.572
7.58
7.587
7.588
7.589
7.597
7.601
7.605
7.609
7.622
7.622
7.629
7.633
7.642
7.649
7.66
7.663
7.664
7.681
7.685
7.686
7.698
7.7
7.703
7.703
7.704
7.727
7.741
7.742
7.749
7.766
7.77
7.772
7.792
7.797
7.799
7.8
7.805
7.831
7.834
7.844
7.86
7.862
7.864
7.866
7.892
7.911
7.914
7.923
7.945
7.953
7.968
7.974
7.978
8.001
8.012
8.016
8.019
8.019
8.03
8.044
8.046
8.046
8.047
8.05
8.052
8.053
8.055
8.057
8.061
8.068
8.076
8.081
8.085
8.093
8.102
8.104
8.112
8.126
8.129
8.135
8.137
8.137
8.139
8.142
8.144
8.148
8.149
8.154
8.158
8.16
8.161
8.166
8.169
8.17
8.17
8.171
8.18
8.18
8.184
8.189
8.199
8.2
8.202
8.206
8.213
8.215
8.216
8.238
8.243
8.245
8.253
8.255
8.259
8.269
8.271
8.273
8.274
8.274
8.274
8.283
8.284
8.284
8.288
8.288
8.291
8.293
8.301
8.301
8.303
8.311
8.314
8.32
8.32
8.324
8.33
8.331
8.338
8.341
8.343
8.348
8.352
8.358
8.359
8.365
8.369
8.374
8.374
8.378
8.383
8.384
8.385
8.387
8.387
8.387
8.392
8.394
8.396
8.403
8.403
8.405
8.406
8.408
8.409
8.412
8.414
8.427
8.434
8.434
8.439
8.44
8.442
8.445
8.445
8.454
8.456
8.456
8.461
8.463
8.464
8.468
8.477
8.489
8.49
8.495
8.509
8.514
8.514
8.517
8.524
8.525
8.525
8.528
8.53
8.536
8.537
8.545
8.546
8.547
8.549
8.55
8.559
8.561
8.566
8.571
8.576
8.59
8.593
8.596
8.598
8.604
8.604
8.604
8.606
8.613
8.617
8.619
8.627
8.634
8.638
8.638
8.639
8.642
8.648
8.652
8.654
8.654
8.656
8.656
8.659
8.66
8.66
8.665
8.671
8.685
8.69
8.693
8.714
8.716
8.716
8.718
8.718
8.725
8.725
8.73
8.735
8.738
8.742
8.746
8.749
8.752
8.759
8.762
8.763
8.765
8.766
8.773
8.778
8.781
8.783
8.784
8.785
8.789
8.794
8.796
8.809
8.816
8.819
8.824
8.827
8.835
8.837
8.838
8.839
8.842
8.842
8.845
8.846
8.847
8.858
8.862
8.865
8.869
8.879
8.889
8.904
8.907
8.914
8.914
8.918
8.922
8.924
8.93
8.931
8.933
8.936
8.942
8.953
8.954
8.976
8.978
8.991
8.992
8.998
8.999
9.004
9.012
9.013
9.024
9.029
9.032
9.045
9.046
9.046
9.047
9.048
9.056
9.06
9.061
9.083
9.084
9.092
9.092
9.093
9.104
9.112
9.128
9.136
9.143
9.146
9.154
9.159
9.164
9.167
9.168
9.173
9.176
9.182
9.202
9.205
9.211
9.214
9.216
9.218
9.22
9.222
9.225
9.227
9.227
9.228
9.25
9.263
9.265
9.266
9.273
9.282
9.295
9.311
9.311
9.311
9.333
9.34
9.342
9.36
9.364
9.375
9.401
9.404
9.407
9.415
9.42
9.43
9.445
9.448
9.458
9.458
9.471
9.472
9.483
9.488
9.492
9.493
9.519
9.521
9.525
9.533
9.537
9.54
9.54
9.563
9.57
9.581
9.6
9.601
9.607
9.613
9.623
9.638
9.641
9.642
9.642
9.648
9.66
9.674
9.678
9.68
9.706
9.707
9.725
9.728
9.731
9.732
9.744
9.754
9.763
9.765
9.766
9.773
9.774
9.798
9.808
9.835
9.852
9.855
9.863
9.868
9.871
9.874
9.874
9.881
9.89
9.897
9.903
9.909
9.933
9.936
9.952
9.957
9.961
9.961
9.968
9.971
9.983
9.984
10.002
10.004
10.007
10.018
10.031
10.036
10.062
10.068
10.069
10.103
10.117
10.137
10.147
10.147
10.156
10.16
10.169
10.192
10.194
10.212
10.215
10.218
10.222
10.225
10.231
10.246
10.247
10.273
10.279
10.286
10.313
10.33
10.337
10.348
10.356
10.379
10.38
10.38
10.387
10.448
10.488
10.493
10.504
10.534
10.544
10.56
10.569
10.57
10.596
10.605
10.616
10.617
10.646
10.688
10.719
10.732
10.743
10.756
10.766
10.769
10.779
10.785
10.793
10.826
10.85
10.852
10.862
10.891
10.897
10.9
10.912
10.928
10.928
10.936
10.948
10.954
10.98
10.986
10.993
11.017
11.038
11.044
11.055
11.078
11.088
11.095
11.105
11.117
11.128
11.132
11.132
11.154
11.157
11.169
11.174
11.187
11.205
11.212
11.218
11.228
11.248
11.262
11.268
11.274
11.293
11.309
11.317
11.322
11.322
11.338
11.372
11.376
11.38
11.384
11.384
11.456
11.48
11.486
11.49
11.495
11.5
11.503
11.533
11.571
11.603
11.612
11.64
11.666
11.671
11.68
11.685
11.686
11.689
11.693
11.704
11.711
11.732
11.749
11.754
11.755
11.769
11.806
11.843
11.853
11.89
11.895
11.899
11.9
11.92
11.942
11.952
12.01
12.024
12.044
12.052
12.069
12.075
12.095
12.111
12.117
12.13
12.134
12.155
12.165
12.178
12.207
12.215
12.216
12.226
12.25
12.272
12.275
12.291
12.295
12.298
12.307
12.347
12.359
12.367
12.369
12.37
12.389
12.429
12.438
12.439
12.459
12.475
12.481
12.498
12.499
12.508
12.523
12.536
12.561
12.563
12.594
12.604
12.623
12.626
12.638
12.644
12.644
12.664
12.67
12.671
12.694
12.695
12.701
12.721
12.722
12.735
12.737
12.739
12.747
12.759
12.766
12.768
12.774
12.784
12.793
12.796
12.81
12.832
12.857
12.895
12.897
12.903
12.91
12.91
12.933
12.937
12.941
12.942
12.986
12.989
13.022
13.028
13.063
13.071
13.093
13.103
13.135
13.139
13.151
13.154
13.175
13.212
13.259
13.36
13.368
13.368
13.387
13.413
13.443
13.469
13.479
13.484
13.552
13.569
13.573
13.586
13.607
13.625
13.65
13.689
13.689
13.712
13.783
13.807
13.845
13.875
13.88
13.913
14.003
14.021
14.102
14.18
14.188
14.25
14.32
14.356
14.4
14.404
14.424
14.542
14.588
14.609
14.801
15.162
15.396
15.478
15.513
15.633
15.678
15.817
15.833
16.408
16.446
16.73
16.745
16.827
17.763
17.785
17.881
18.037
18.08
18.188
18.243
18.498
18.688
18.7
19.309
20.615
20.815
21.091
22.537
