0.957
4.283
4.287
4.301
4.306
4.308
4.367
4.368
4.385
4.385
4.386
4.407
4.477
4.496
4.497
4.51
4.51
4.512
4.516
4.522
4.528
4.533
4.535
4.557
4.642
4.661
4.696
4.698
4.705
4.741
4.746
4.788
4.791
4.822
4.83
4.849
4.857
4.866
4.897
4.898
4.903
4.92
4.93
4.933
4.933
4.94
4.944
4.958
4.993
5.056
5.059
5.075
5.099
5.107
5.116
5.127
5.142
5.153
5.154
5.196
5.202
5.208
5.213
5.24
5.256
5.266
5.295
5.324
5.342
5.346
5.362
5.368
5.38
5.382
5.383
5.394
5.4
5.405
5.411
5.411
5.412
5.415
5.426
5.449
5.463
5.48
5.484
5.485
5.487
5.5
5.509
5.51
5.531
5.536
5.541
5.542
5.563
5.568
5.57
5.581
5.594
5.618
5.62
5.623
5.626
5.63
5.659
5.662
5.678
5.689
5.702
5.71
5.71
5.711
5.713
5.73
5.733
5.735
5.74
5.745
5.758
5.76
5.76
5.768
5.776
5.779
5.79
5.791
5.794
5.794
5.803
5.808
5.812
5.814
5.815
5.816
5.85
5.864
5.867
5.87
5.877
5.89
5.896
5.908
5.91
5.913
5.914
5.916
5.918
5.918
5.924
5.935
5.937
5.942
5.952
5.954
5.968
5.968
5.969
5.971
5.979
5.992
5.999
6
6.002
6.004
6.012
6.015
6.018
6.021
6.032
6.033
6.035
6.046
6.049
6.057
6.073
6.074
6.079
6.091
6.092
6.101
6.102
6.106
6.114
6.114
6.116
6.12
6.128
6.129
6.133
6.135
6.138
6.138
6.139
6.148
6.149
6.154
6.155
6.165
6.166
6.17
6.174
6.175
6.191
6.196
6.202
6.204
6.211
6.22
6.223
6.225
6.23
6.236
6.237
6.24
6.243
6.249
6.256
6.263
6.269
6.271
6.282
6.284
6.285
6.288
6.296
6.297
6.301
6.304
6.312
6.322
6.326
6.327
6.337
6.351
6.363
6.369
6.369
6.373
6.375
6.38
6.382
6.383
6.384
6.389
6.395
6.4
6.401
6.401
6.405
6.408
6.41
6.414
6.426
6.426
6.426
6.426
6.429
6.43
6.43
6.434
6.436
6.444
6.451
6.454
6.455
6.458
6.46
6.464
6.472
6.496
6.499
6.502
6.51
6.519
6.52
6.529
6.536
6.544
6.547
6.559
6.563
6.571
6.571
6.581
6.582
6.585
6.594
6.594
6.6
6.607
6.609
6.61
6.615
6.617
6.631
6.632
6.64
6.64
6.644
6.644
6.655
6.657
6.657
6.657
6.677
6.695
6.698
6.704
6.716
6.716
6.719
6.735
6.741
6.741
6.745
6.752
6.756
6.767
6.771
6.777
6.788
6.791
6.792
6.808
6.808
6.81
6.821
6.829
6.833
6.841
6.842
6.854
6.864
6.877
6.88
6.884
6.89
6.896
6.918
6.92
6.921
6.923
6.931
6.938
6.943
6.946
6.946
6.949
6.949
6.956
6.958
6.96
6.961
6.966
6.969
6.974
6.974
6.975
6.978
6.979
6.979
6.987
6.997
7.002
7.006
7.02
7.024
7.044
7.047
7.051
7.057
7.061
7.066
7.072
7.074
7.076
7.077
7.08
7.083
7.088
7.091
7.103
7.115
7.125
7.126
7.127
7.128
7.128
7.13
7.131
7.136
7.137
7.144
7.148
7.159
7.163
7.164
7.169
7.169
7.177
7.177
7.182
7.194
7.199
7.201
7.215
7.216
7.23
7.231
7.237
7.242
7.246
7.249
7.249
7.25
7.251
7.264
7.265
7.27
7.276
7.278
7.283
7.288
7.298
7.303
7.304
7.312
7.313
7.326
7.345
7.352
7.352
7.353
7.36
7.36
7.371
7.383
7.388
7.389
7.391
7.401
7.403
7.406
7.409
7.427
7.431
7.472
7.484
7.487
7.492
7.495
7.518
7.52
7.527
7.531
7.532
7.54
7.542
7.543
7.543
7.563
7.571
7.575
7.576
7.576
7.577
7.586
7.586
7.588
7.594
7.604
7.606
7.608
7.616
7.619
7.626
7.631
7.633
7.636
7.641
7.642
7.644
7.648
7.663
7.681
7.686
7.692
7.694
7.717
7.718
7.72
7.723
7.726
7.746
7.748
7.753
7.755
7.756
7.784
7.784
7.786
7.787
7.788
7.789
7.79
7.793
7.793
7.796
7.797
7.799
7.801
7.803
7.804
7.806
7.809
7.816
7.817
7.818
7.82
7.824
7.829
7.837
7.841
7.844
7.848
7.848
7.849
7.85
7.853
7.858
7.86
7.864
7.868
7.869
7.872
7.874
7.875
7.877
7.88
7.881
7.882
7.884
7.887
7.894
7.896
7.896
7.906
7.908
7.911
7.911
7.915
7.919
7.921
7.928
7.939
7.941
7.942
7.953
7.962
7.967
7.969
7.97
7.978
7.979
7.984
7.985
7.993
7.997
7.997
8.001
8.002
8.002
8.002
8.004
8.005
8.005
8.021
8.025
8.033
8.046
8.05
8.05
8.059
8.06
8.072
8.072
8.075
8.079
8.086
8.087
8.087
8.094
8.102
8.102
8.102
8.107
8.11
8.116
8.117
8.122
8.124
8.127
8.129
8.132
8.132
8.133
8.134
8.137
8.14
8.141
8.142
8.144
8.145
8.146
8.148
8.149
8.15
8.158
8.161
8.163
8.175
8.176
8.177
8.185
8.195
8.196
8.2
8.201
8.204
8.208
8.208
8.215
8.215
8.219
8.224
8.226
8.227
8.228
8.238
8.239
8.241
8.243
8.25
8.251
8.252
8.256
8.258
8.278
8.284
8.293
8.293
8.306
8.308
8.311
8.312
8.313
8.315
8.316
8.318
8.322
8.324
8.324
8.325
8.335
8.335
8.338
8.343
8.344
8.345
8.348
8.359
8.36
8.362
8.364
8.367
8.368
8.372
8.378
8.38
8.387
8.397
8.403
8.415
8.416
8.418
8.419
8.42
8.422
8.422
8.424
8.432
8.432
8.441
8.443
8.444
8.448
8.452
8.455
8.456
8.458
8.471
8.471
8.475
8.478
8.478
8.485
8.485
8.493
8.503
8.507
8.509
8.509
8.514
8.515
8.521
8.54
8.549
8.552
8.553
8.554
8.557
8.558
8.559
8.568
8.574
8.575
8.579
8.58
8.591
8.594
8.595
8.596
8.611
8.613
8.616
8.618
8.623
8.631
8.638
8.641
8.642
8.649
8.657
8.662
8.668
8.672
8.673
8.675
8.699
8.702
8.702
8.704
8.705
8.71
8.721
8.726
8.74
8.741
8.758
8.759
8.767
8.804
8.82
8.823
8.831
8.832
8.848
8.854
8.854
8.856
8.866
8.876
8.885
8.892
8.893
8.908
8.909
8.918
8.92
8.921
8.921
8.931
8.934
8.935
8.942
8.943
8.944
8.945
8.945
8.949
8.955
8.958
8.959
8.965
8.972
8.973
8.984
8.991
8.994
8.994
8.994
8.997
9.042
9.052
9.067
9.07
9.081
9.081
9.082
9.086
9.099
9.103
9.104
9.109
9.109
9.11
9.124
9.128
9.136
9.152
9.152
9.167
9.169
9.171
9.172
9.179
9.181
9.181
9.185
9.198
9.211
9.211
9.216
9.227
9.236
9.241
9.243
9.245
9.253
9.279
9.281
9.292
9.308
9.314
9.321
9.332
9.357
9.359
9.368
9.379
9.401
9.431
9.432
9.437
9.447
9.449
9.453
9.475
9.481
9.498
9.51
9.512
9.518
9.524
9.532
9.532
9.533
9.537
9.541
9.556
9.56
9.564
9.572
9.583
9.597
9.615
9.637
9.638
9.646
9.646
9.667
9.676
9.686
9.695
9.697
9.697
9.697
9.73
9.73
9.737
9.773
9.776
9.778
9.798
9.809
9.817
9.82
9.833
9.835
9.848
9.85
9.875
9.897
9.91
9.916
9.922
9.954
9.961
9.971
9.977
9.979
9.99
9.995
10.022
10.03
10.036
10.039
10.04
10.042
10.071
10.072
10.078
10.083
10.084
10.084
10.106
10.118
10.122
10.125
10.132
10.143
10.154
10.16
10.161
10.163
10.181
10.187
10.192
10.194
10.204
10.211
10.214
10.244
10.251
10.256
10.265
10.267
10.288
10.299
10.299
10.315
10.337
10.344
10.359
10.374
10.384
10.396
10.4
10.402
10.404
10.413
10.425
10.426
10.429
10.434
10.445
10.445
10.446
10.478
10.485
10.494
10.502
10.527
10.531
10.548
10.553
10.555
10.561
10.567
10.582
10.594
10.595
10.603
10.605
10.613
10.641
10.647
10.656
10.66
10.677
10.683
10.683
10.687
10.701
10.722
10.734
10.748
10.759
10.765
10.769
10.776
10.798
10.809
10.815
10.82
10.828
10.835
10.853
10.855
10.857
10.876
10.888
10.903
10.934
10.944
10.945
10.946
10.974
10.98
10.992
11.002
11.003
11.005
11.014
11.027
11.03
11.044
11.044
11.068
11.08
11.08
11.086
11.09
11.101
11.103
11.108
11.12
11.127
11.134
11.163
11.177
11.177
11.228
11.235
11.236
11.239
11.27
11.272
11.274
11.274
11.281
11.283
11.289
11.301
11.311
11.313
11.333
11.341
11.37
11.397
11.399
11.401
11.404
11.411
11.417
11.436
11.451
11.453
11.472
11.498
11.5
11.507
11.515
11.526
11.544
11.571
11.576
11.576
11.579
11.609
11.629
11.635
11.64
11.654
11.657
11.659
11.67
11.691
11.705
11.711
11.73
11.738
11.742
11.75
11.756
11.766
11.775
11.784
11.794
11.798
11.811
11.816
11.826
11.835
11.849
11.857
11.869
11.883
11.886
11.89
11.894
11.918
11.925
11.93
11.932
11.946
11.953
11.961
11.963
11.968
11.968
11.973
11.976
11.999
12.001
12.017
12.02
12.047
12.055
12.091
12.13
12.156
12.174
12.198
12.207
12.244
12.253
12.26
12.3
12.311
12.323
12.397
12.398
12.404
12.419
12.423
12.435
12.436
12.447
12.449
12.467
12.469
12.486
12.496
12.541
12.57
12.583
12.635
12.661
12.661
12.696
12.764
12.854
12.858
12.863
13.009
13.106
13.124
13.134
13.143
13.324
13.394
13.415
13.478
13.515
13.567
13.574
13.617
13.666
13.699
13.741
13.759
13.804
14.055
14.068
14.279
14.294
14.447
14.466
14.466
14.536
14.541
14.801
15.305
15.395
15.804
16.106
16.152
16.309
16.327
16.696
16.869
17.331
17.376
17.49
17.851
18.049
18.232
18.71
18.918
18.922
19.001
19.329
20.793
21.492
22.893
26.945
