0.862
4.154
4.234
4.247
4.32
4.327
4.339
4.351
4.392
4.392
4.466
4.469
4.471
4.476
4.492
4.495
4.505
4.536
4.538
4.547
4.552
4.584
4.6
4.619
4.661
4.666
4.698
4.718
4.723
4.724
4.734
4.775
4.778
4.79
4.802
4.824
4.825
4.83
4.835
4.842
4.863
4.883
4.924
4.924
4.925
4.942
4.965
4.98
5.044
5.069
5.078
5.081
5.084
5.09
5.091
5.216
5.237
5.242
5.278
5.311
5.317
5.356
5.373
5.375
5.385
5.387
5.394
5.401
5.407
5.408
5.418
5.427
5.443
5.443
5.451
5.461
5.475
5.495
5.501
5.501
5.505
5.509
5.539
5.545
5.55
5.552
5.559
5.563
5.567
5.578
5.587
5.596
5.599
5.6
5.605
5.611
5.614
5.624
5.627
5.627
5.629
5.635
5.642
5.656
5.661
5.661
5.677
5.682
5.689
5.69
5.698
5.707
5.709
5.71
5.72
5.723
5.732
5.733
5.742
5.752
5.754
5.76
5.761
5.785
5.786
5.787
5.789
5.79
5.803
5.807
5.82
5.825
5.827
5.836
5.842
5.845
5.847
5.848
5.849
5.858
5.863
5.867
5.874
5.875
5.876
5.879
5.879
5.883
5.888
5.894
5.901
5.918
5.921
5.93
5.932
5.933
5.951
5.958
5.96
5.962
5.962
5.968
5.969
5.969
5.971
5.99
5.994
5.996
5.997
5.999
6.005
6.009
6.017
6.023
6.023
6.026
6.03
6.031
6.032
6.032
6.036
6.037
6.039
6.043
6.045
6.05
6.055
6.063
6.066
6.067
6.071
6.072
6.082
6.092
6.094
6.095
6.104
6.116
6.116
6.126
6.132
6.144
6.148
6.15
6.153
6.154
6.154
6.154
6.161
6.162
6.166
6.167
6.169
6.17
6.18
6.195
6.204
6.209
6.211
6.232
6.24
6.242
6.25
6.256
6.257
6.258
6.262
6.263
6.267
6.271
6.283
6.286
6.289
6.293
6.294
6.294
6.302
6.303
6.308
6.322
6.348
6.365
6.375
6.386
6.392
6.397
6.403
6.417
6.436
6.457
6.463
6.465
6.482
6.483
6.486
6.504
6.507
6.514
6.519
6.522
6.523
6.524
6.538
6.551
6.559
6.56
6.561
6.568
6.578
6.583
6.593
6.599
6.601
6.606
6.613
6.625
6.629
6.64
6.641
6.642
6.647
6.662
6.667
6.668
6.674
6.678
6.68
6.684
6.698
6.701
6.701
6.703
6.707
6.712
6.713
6.718
6.736
6.737
6.74
6.753
6.756
6.758
6.758
6.783
6.79
6.791
6.791
6.799
6.8
6.801
6.807
6.809
6.821
6.842
6.847
6.848
6.851
6.86
6.902
6.902
6.908
6.909
6.923
6.925
6.927
6.944
6.948
6.952
6.96
6.965
6.981
6.981
6.994
7.014
7.023
7.023
7.035
7.038
7.047
7.052
7.057
7.059
7.065
7.08
7.083
7.09
7.094
7.099
7.102
7.111
7.111
7.115
7.126
7.133
7.134
7.134
7.135
7.135
7.137
7.139
7.14
7.147
7.159
7.162
7.172
7.177
7.178
7.188
7.193
7.201
7.203
7.204
7.211
7.215
7.22
7.221
7.227
7.233
7.237
7.239
7.244
7.251
7.259
7.268
7.275
7.277
7.279
7.282
7.286
7.291
7.3
7.311
7.316
7.339
7.339
7.349
7.37
7.372
7.377
7.379
7.394
7.395
7.403
7.405
7.411
7.421
7.427
7.432
7.451
7.452
7.457
7.463
7.468
7.47
7.471
7.478
7.479
7.48
7.481
7.483
7.485
7.487
7.493
7.495
7.497
7.498
7.517
7.53
7.531
7.535
7.552
7.569
7.575
7.578
7.589
7.59
7.598
7.6
7.612
7.612
7.616
7.629
7.633
7.635
7.645
7.654
7.657
7.659
7.661
7.663
7.671
7.676
7.676
7.68
7.682
7.697
7.697
7.699
7.708
7.719
7.738
7.739
7.749
7.753
7.753
7.757
7.764
7.768
7.774
7.784
7.797
7.798
7.806
7.807
7.81
7.821
7.822
7.823
7.826
7.83
7.83
7.838
7.84
7.845
7.849
7.852
7.853
7.853
7.871
7.875
7.88
7.881
7.888
7.89
7.894
7.896
7.902
7.912
7.912
7.913
7.915
7.916
7.918
7.921
7.924
7.926
7.94
7.941
7.945
7.946
7.947
7.959
7.961
7.961
7.962
7.977
7.978
7.985
7.989
7.996
7.996
7.998
8
8.001
8.004
8.004
8.004
8.005
8.005
8.006
8.009
8.016
8.018
8.02
8.021
8.037
8.037
8.045
8.046
8.046
8.048
8.048
8.051
8.053
8.054
8.065
8.067
8.068
8.069
8.071
8.071
8.073
8.075
8.077
8.078
8.078
8.082
8.082
8.087
8.088
8.093
8.095
8.096
8.096
8.097
8.099
8.1
8.1
8.101
8.101
8.103
8.107
8.111
8.111
8.113
8.124
8.124
8.131
8.137
8.141
8.144
8.148
8.151
8.152
8.158
8.16
8.162
8.173
8.174
8.183
8.187
8.188
8.194
8.199
8.206
8.206
8.212
8.222
8.222
8.223
8.224
8.226
8.227
8.229
8.231
8.237
8.243
8.243
8.246
8.247
8.256
8.257
8.264
8.264
8.264
8.271
8.273
8.274
8.274
8.276
8.276
8.279
8.28
8.281
8.285
8.286
8.287
8.295
8.296
8.299
8.302
8.304
8.306
8.312
8.314
8.316
8.316
8.319
8.328
8.328
8.329
8.332
8.34
8.343
8.344
8.344
8.35
8.351
8.359
8.361
8.361
8.363
8.368
8.369
8.376
8.377
8.386
8.39
8.392
8.394
8.394
8.398
8.398
8.401
8.402
8.404
8.406
8.407
8.41
8.411
8.422
8.425
8.431
8.434
8.435
8.436
8.441
8.443
8.444
8.447
8.452
8.458
8.463
8.465
8.47
8.476
8.488
8.49
8.507
8.516
8.519
8.523
8.534
8.541
8.542
8.546
8.55
8.55
8.551
8.551
8.554
8.559
8.567
8.567
8.572
8.58
8.589
8.595
8.604
8.605
8.605
8.614
8.614
8.618
8.625
8.628
8.641
8.643
8.646
8.65
8.659
8.663
8.683
8.687
8.69
8.695
8.701
8.708
8.712
8.716
8.72
8.724
8.724
8.726
8.727
8.729
8.73
8.735
8.738
8.747
8.752
8.758
8.76
8.771
8.777
8.778
8.795
8.801
8.804
8.81
8.814
8.819
8.824
8.827
8.835
8.836
8.839
8.839
8.854
8.854
8.872
8.874
8.883
8.883
8.887
8.891
8.901
8.907
8.907
8.909
8.914
8.919
8.924
8.935
8.952
8.954
8.959
8.965
8.973
8.996
8.999
9
9.008
9.009
9.013
9.018
9.021
9.026
9.026
9.037
9.043
9.06
9.073
9.075
9.078
9.079
9.092
9.118
9.134
9.135
9.138
9.141
9.142
9.146
9.159
9.179
9.195
9.196
9.202
9.208
9.21
9.212
9.217
9.221
9.242
9.243
9.245
9.248
9.253
9.255
9.267
9.269
9.274
9.313
9.317
9.322
9.324
9.328
9.33
9.33
9.338
9.347
9.353
9.367
9.368
9.372
9.373
9.38
9.399
9.4
9.416
9.447
9.45
9.453
9.459
9.461
9.462
9.474
9.488
9.503
9.505
9.515
9.515
9.527
9.528
9.531
9.541
9.554
9.558
9.57
9.584
9.588
9.589
9.589
9.595
9.611
9.611
9.617
9.619
9.621
9.632
9.632
9.637
9.668
9.671
9.677
9.686
9.693
9.705
9.713
9.731
9.745
9.757
9.769
9.771
9.772
9.774
9.801
9.821
9.851
9.855
9.858
9.875
9.886
9.905
9.941
9.978
9.98
9.994
10.005
10.031
10.045
10.096
10.101
10.105
10.14
10.157
10.167
10.178
10.181
10.2
10.219
10.227
10.242
10.243
10.249
10.253
10.264
10.266
10.27
10.285
10.289
10.303
10.316
10.318
10.33
10.335
10.335
10.34
10.343
10.346
10.372
10.399
10.401
10.413
10.425
10.435
10.435
10.444
10.451
10.462
10.464
10.465
10.472
10.474
10.476
10.482
10.491
10.492
10.495
10.515
10.517
10.544
10.546
10.572
10.581
10.589
10.593
10.593
10.614
10.621
10.645
10.646
10.649
10.662
10.666
10.669
10.671
10.678
10.689
10.691
10.705
10.706
10.712
10.721
10.731
10.743
10.754
10.757
10.777
10.804
10.832
10.837
10.854
10.856
10.866
10.88
10.885
10.902
10.906
10.911
10.912
10.922
10.932
10.935
10.939
10.944
10.955
10.959
10.989
11.005
11.006
11.011
11.028
11.052
11.072
11.1
11.119
11.129
11.136
11.143
11.16
11.167
11.176
11.182
11.183
11.187
11.193
11.197
11.208
11.214
11.216
11.224
11.235
11.267
11.277
11.312
11.325
11.347
11.354
11.354
11.357
11.36
11.375
11.376
11.378
11.387
11.394
11.403
11.409
11.413
11.427
11.447
11.449
11.467
11.47
11.473
11.49
11.495
11.499
11.5
11.507
11.512
11.512
11.512
11.518
11.533
11.539
11.541
11.545
11.561
11.561
11.572
11.572
11.576
11.579
11.581
11.586
11.6
11.6
11.609
11.61
11.613
11.615
11.622
11.623
11.632
11.64
11.641
11.642
11.66
11.684
11.72
11.745
11.778
11.797
11.855
11.856
11.879
11.885
11.885
11.894
11.912
11.927
11.944
11.945
11.946
11.952
11.955
11.964
11.965
11.987
11.995
12.012
12.033
12.035
12.042
12.059
12.085
12.095
12.104
12.107
12.114
12.131
12.134
12.195
12.208
12.208
12.218
12.245
12.258
12.262
12.28
12.299
12.351
12.367
12.375
12.385
12.407
12.409
12.434
12.436
12.441
12.459
12.467
12.482
12.486
12.571
12.572
12.599
12.607
12.622
12.623
12.673
12.712
12.74
12.783
12.791
12.896
12.93
12.931
12.975
12.979
13.058
13.072
13.088
13.115
13.122
13.131
13.138
13.14
13.145
13.151
13.254
13.273
13.312
13.314
13.331
13.344
13.401
13.41
13.425
13.438
13.517
13.53
13.689
13.724
13.844
13.977
14.006
14.15
14.165
14.189
14.205
14.274
14.348
14.368
14.426
14.427
14.489
14.5
14.537
14.547
14.551
14.74
14.926
14.946
15.096
15.298
15.401
15.524
15.814
15.916
16.26
16.322
16.348
16.622
17.181
17.369
17.445
17.631
17.821
17.953
19.059
19.115
19.319
19.338
19.423
20.832
