0.997
6.513
6.669
6.821
6.975
7.078
7.119
7.177
7.39
7.524
7.573
7.621
7.683
7.709
7.743
7.758
7.838
7.852
7.855
7.856
7.857
7.872
7.873
7.884
7.89
7.897
7.906
7.931
7.995
8.013
8.018
8.036
8.05
8.055
8.071
8.081
8.093
8.098
8.1
8.101
8.117
8.128
8.128
8.132
8.146
8.154
8.154
8.163
8.166
8.174
8.188
8.189
8.19
8.216
8.265
8.266
8.266
8.269
8.275
8.296
8.306
8.31
8.312
8.322
8.331
8.343
8.352
8.356
8.364
8.377
8.385
8.389
8.396
8.404
8.412
8.416
8.421
8.424
8.426
8.431
8.434
8.437
8.441
8.443
8.449
8.455
8.457
8.464
8.472
8.485
8.486
8.488
8.493
8.503
8.513
8.515
8.528
8.528
8.532
8.535
8.543
8.545
8.548
8.551
8.554
8.555
8.556
8.561
8.562
8.566
8.582
8.604
8.604
8.614
8.615
8.619
8.632
8.653
8.656
8.663
8.665
8.665
8.666
8.668
8.668
8.669
8.67
8.678
8.683
8.684
8.685
8.69
8.693
8.696
8.699
8.713
8.713
8.714
8.72
8.721
8.725
8.747
8.753
8.757
8.759
8.78
8.796
8.796
8.797
8.818
8.824
8.836
8.843
8.845
8.859
8.883
8.884
8.891
8.893
8.896
8.899
8.903
8.908
8.911
8.916
8.917
8.927
8.929
8.934
8.937
8.948
8.95
8.951
8.957
8.972
8.975
8.983
8.99
8.996
8.998
9.006
9.008
9.013
9.019
9.028
9.028
9.029
9.03
9.032
9.032
9.049
9.049
9.051
9.063
9.064
9.074
9.076
9.082
9.093
9.094
9.094
9.109
9.11
9.115
9.118
9.135
9.137
9.145
9.152
9.155
9.157
9.157
9.163
9.167
9.173
9.173
9.181
9.189
9.197
9.2
9.202
9.203
9.204
9.215
9.221
9.222
9.225
9.236
9.245
9.253
9.254
9.263
9.269
9.278
9.28
9.28
9.283
9.303
9.303
9.311
9.316
9.322
9.328
9.329
9.329
9.333
9.338
9.346
9.355
9.365
9.366
9.368
9.37
9.382
9.384
9.386
9.386
9.398
9.399
9.407
9.409
9.41
9.413
9.414
9.416
9.425
9.427
9.427
9.429
9.429
9.431
9.434
9.434
9.434
9.452
9.453
9.455
9.455
9.456
9.462
9.465
9.465
9.468
9.469
9.47
9.472
9.473
9.478
9.483
9.484
9.485
9.485
9.486
9.496
9.498
9.502
9.505
9.51
9.519
9.521
9.525
9.525
9.525
9.529
9.53
9.538
9.539
9.54
9.54
9.544
9.547
9.55
9.55
9.551
9.555
9.556
9.561
9.561
9.576
9.578
9.579
9.579
9.587
9.592
9.597
9.598
9.603
9.604
9.611
9.612
9.619
9.621
9.624
9.624
9.627
9.637
9.637
9.64
9.642
9.643
9.647
9.65
9.657
9.675
9.689
9.69
9.692
9.695
9.697
9.699
9.702
9.703
9.706
9.708
9.709
9.712
9.714
9.716
9.719
9.721
9.725
9.726
9.73
9.73
9.751
9.753
9.755
9.757
9.759
9.76
9.764
9.769
9.77
9.771
9.772
9.774
9.774
9.775
9.78
9.793
9.795
9.796
9.801
9.803
9.804
9.807
9.809
9.81
9.813
9.824
9.826
9.828
9.829
9.833
9.834
9.839
9.841
9.845
9.858
9.86
9.862
9.863
9.865
9.866
9.875
9.875
9.887
9.889
9.889
9.892
9.894
9.895
9.899
9.901
9.904
9.904
9.913
9.915
9.925
9.927
9.927
9.93
9.937
9.945
9.949
9.957
9.965
9.971
9.983
9.985
9.987
9.988
9.991
9.993
9.995
9.997
9.998
10
10.003
10.005
10.005
10.011
10.012
10.014
10.016
10.022
10.023
10.027
10.028
10.038
10.038
10.046
10.05
10.051
10.053
10.061
10.068
10.073
10.075
10.082
10.085
10.086
10.088
10.088
10.095
10.097
10.101
10.104
10.106
10.112
10.113
10.114
10.117
10.117
10.117
10.118
10.119
10.119
10.122
10.122
10.123
10.132
10.133
10.134
10.136
10.142
10.147
10.148
10.153
10.154
10.155
10.159
10.16
10.167
10.173
10.173
10.178
10.179
10.183
10.19
10.192
10.207
10.208
10.209
10.21
10.211
10.216
10.221
10.222
10.228
10.23
10.23
10.237
10.238
10.239
10.24
10.242
10.248
10.256
10.257
10.265
10.266
10.268
10.268
10.271
10.278
10.288
10.288
10.29
10.291
10.296
10.297
10.297
10.3
10.302
10.303
10.306
10.314
10.316
10.317
10.319
10.32
10.326
10.332
10.338
10.339
10.341
10.343
10.346
10.347
10.355
10.355
10.362
10.372
10.372
10.378
10.385
10.391
10.392
10.398
10.409
10.412
10.415
10.418
10.419
10.42
10.421
10.423
10.424
10.434
10.438
10.439
10.439
10.442
10.443
10.445
10.447
10.451
10.451
10.451
10.451
10.454
10.463
10.465
10.467
10.472
10.472
10.473
10.475
10.476
10.477
10.482
10.484
10.485
10.485
10.487
10.49
10.49
10.496
10.504
10.506
10.507
10.509
10.51
10.514
10.516
10.518
10.519
10.529
10.531
10.544
10.545
10.55
10.557
10.558
10.562
10.563
10.567
10.569
10.569
10.58
10.583
10.585
10.593
10.595
10.597
10.598
10.601
10.602
10.603
10.604
10.606
10.607
10.608
10.61
10.61
10.612
10.616
10.617
10.617
10.619
10.621
10.632
10.632
10.636
10.637
10.638
10.64
10.641
10.644
10.645
10.647
10.647
10.648
10.659
10.659
10.66
10.667
10.667
10.67
10.671
10.676
10.685
10.688
10.689
10.692
10.693
10.693
10.702
10.702
10.705
10.711
10.714
10.719
10.72
10.729
10.73
10.732
10.735
10.738
10.739
10.739
10.741
10.743
10.748
10.75
10.754
10.756
10.758
10.763
10.768
10.769
10.77
10.78
10.782
10.783
10.788
10.79
10.79
10.792
10.794
10.796
10.801
10.802
10.804
10.806
10.807
10.812
10.812
10.821
10.829
10.834
10.837
10.839
10.841
10.847
10.848
10.848
10.854
10.862
10.863
10.865
10.868
10.871
10.873
10.876
10.878
10.879
10.887
10.907
10.909
10.914
10.915
10.915
10.92
10.923
10.923
10.925
10.926
10.926
10.927
10.931
10.935
10.939
10.943
10.947
10.947
10.949
10.951
10.957
10.958
10.958
10.96
10.963
10.984
10.985
10.993
10.994
10.997
10.997
11
11.006
11.007
11.01
11.011
11.013
11.013
11.018
11.019
11.022
11.025
11.027
11.033
11.034
11.039
11.04
11.043
11.045
11.045
11.061
11.062
11.066
11.071
11.075
11.076
11.078
11.087
11.087
11.088
11.101
11.105
11.12
11.122
11.122
11.127
11.13
11.13
11.131
11.136
11.136
11.137
11.14
11.144
11.146
11.164
11.164
11.165
11.168
11.169
11.169
11.176
11.176
11.179
11.183
11.184
11.187
11.188
11.199
11.203
11.209
11.21
11.219
11.224
11.225
11.233
11.235
11.235
11.236
11.238
11.248
11.254
11.255
11.263
11.264
11.265
11.266
11.269
11.281
11.283
11.285
11.287
11.287
11.29
11.296
11.296
11.301
11.301
11.304
11.31
11.313
11.313
11.317
11.317
11.319
11.32
11.321
11.321
11.323
11.324
11.325
11.326
11.327
11.332
11.333
11.334
11.335
11.335
11.338
11.34
11.342
11.342
11.344
11.345
11.346
11.347
11.348
11.348
11.353
11.355
11.358
11.366
11.367
11.369
11.372
11.372
11.375
11.376
11.382
11.386
11.387
11.387
11.391
11.395
11.411
11.411
11.412
11.415
11.416
11.416
11.428
11.429
11.432
11.434
11.436
11.443
11.443
11.443
11.446
11.447
11.462
11.467
11.468
11.469
11.47
11.47
11.473
11.48
11.481
11.491
11.498
11.506
11.51
11.524
11.524
11.537
11.539
11.541
11.542
11.549
11.551
11.552
11.566
11.569
11.572
11.578
11.587
11.587
11.587
11.588
11.59
11.591
11.592
11.594
11.594
11.598
11.601
11.602
11.605
11.61
11.611
11.615
11.618
11.621
11.624
11.626
11.628
11.629
11.629
11.633
11.635
11.636
11.636
11.638
11.639
11.649
11.649
11.649
11.651
11.652
11.657
11.659
11.661
11.662
11.663
11.664
11.674
11.677
11.685
11.693
11.698
11.703
11.705
11.708
11.71
11.712
11.718
11.718
11.727
11.73
11.73
11.735
11.735
11.736
11.739
11.741
11.742
11.743
11.743
11.744
11.746
11.746
11.758
11.761
11.763
11.769
11.772
11.774
11.784
11.786
11.787
11.797
11.799
11.802
11.802
11.804
11.806
11.812
11.816
11.816
11.824
11.826
11.828
11.829
11.836
11.843
11.845
11.854
11.858
11.863
11.865
11.867
11.869
11.871
11.876
11.88
11.885
11.886
11.9
11.904
11.906
11.912
11.912
11.913
11.914
11.92
11.921
11.922
11.929
11.93
11.932
11.935
11.936
11.946
11.947
11.965
11.967
11.97
11.973
11.986
11.989
11.996
12.004
12.005
12.007
12.009
12.021
12.024
12.025
12.025
12.027
12.031
12.032
12.038
12.045
12.047
12.047
12.051
12.052
12.058
12.063
12.064
12.069
12.069
12.07
12.072
12.073
12.082
12.086
12.086
12.088
12.088
12.092
12.096
12.096
12.099
12.103
12.105
12.107
12.107
12.111
12.112
12.117
12.12
12.121
12.123
12.126
12.128
12.13
12.132
12.136
12.136
12.145
12.148
12.153
12.154
12.154
12.155
12.158
12.158
12.159
12.159
12.161
12.164
12.164
12.164
12.165
12.167
12.168
12.178
12.184
12.187
12.19
12.193
12.195
12.2
12.209
12.214
12.214
12.227
12.227
12.227
12.232
12.242
12.245
12.248
12.248
12.251
12.254
12.262
12.264
12.264
12.27
12.271
12.275
12.277
12.28
12.283
12.287
12.288
12.29
12.291
12.3
12.304
12.306
12.308
12.309
12.311
12.318
12.318
12.32
12.328
12.33
12.336
12.337
12.344
12.345
12.347
12.349
12.354
12.361
12.361
12.367
12.37
12.372
12.382
12.386
12.386
12.388
12.395
12.398
12.401
12.402
12.402
12.414
12.415
12.42
12.421
12.421
12.422
12.429
12.438
12.44
12.441
12.446
12.45
12.453
12.459
12.463
12.469
12.487
12.488
12.491
12.494
12.502
12.507
12.508
12.515
12.515
12.522
12.523
12.523
12.527
12.527
12.527
12.532
12.532
12.539
12.541
12.546
12.546
12.549
12.55
12.556
12.563
12.574
12.585
12.585
12.587
12.588
12.589
12.595
12.596
12.605
12.608
12.608
12.611
12.617
12.618
12.622
12.624
12.624
12.626
12.627
12.633
12.64
12.64
12.644
12.649
12.649
12.65
12.651
12.651
12.656
12.658
12.664
12.666
12.668
12.668
12.672
12.675
12.676
12.684
12.684
12.685
12.69
12.696
12.697
12.698
12.699
12.705
12.705
12.71
12.711
12.712
12.715
12.723
12.725
12.74
12.741
12.75
12.755
12.761
12.762
12.762
12.778
12.782
12.782
12.784
12.787
12.792
12.797
12.798
12.805
12.815
12.816
12.818
12.818
12.819
12.82
12.82
12.821
12.831
12.833
12.833
12.834
12.834
12.836
12.84
12.842
12.844
12.849
12.851
12.852
12.853
12.862
12.865
12.866
12.867
12.869
12.878
12.878
12.882
12.886
12.895
12.903
12.907
12.908
12.919
12.919
12.92
12.92
12.921
12.924
12.934
12.936
12.942
12.949
12.951
12.954
12.955
12.958
12.959
12.967
12.969
12.976
12.982
12.982
12.983
12.985
12.987
12.988
12.989
12.992
12.993
12.993
12.994
12.995
12.997
13.002
13.003
13.005
13.018
13.02
13.024
13.025
13.028
13.029
13.033
13.04
13.05
13.051
13.052
13.052
13.055
13.058
13.071
13.071
13.075
13.077
13.078
13.087
13.09
13.092
13.094
13.096
13.097
13.105
13.112
13.114
13.121
13.124
13.133
13.134
13.144
13.159
13.165
13.174
13.183
13.186
13.195
13.2
13.205
13.207
13.22
13.222
13.223
13.231
13.234
13.238
13.24
13.251
13.258
13.258
13.259
13.262
13.268
13.27
13.271
13.274
13.279
13.284
13.3
13.301
13.322
13.333
13.335
13.338
13.34
13.34
13.347
13.353
13.367
13.368
13.375
13.377
13.378
13.38
13.382
13.382
13.395
13.397
13.401
13.409
13.415
13.416
13.416
13.424
13.426
13.426
13.428
13.429
13.429
13.442
13.448
13.456
13.462
13.464
13.468
13.468
13.469
13.477
13.481
13.489
13.497
13.501
13.508
13.51
13.512
13.514
13.524
13.525
13.531
13.54
13.541
13.541
13.546
13.554
13.564
13.569
13.569
13.574
13.577
13.584
13.586
13.594
13.597
13.599
13.599
13.604
13.614
13.627
13.628
13.632
13.633
13.633
13.643
13.645
13.646
13.652
13.659
13.661
13.672
13.677
13.678
13.679
13.682
13.683
13.697
13.705
13.705
13.706
13.708
13.723
13.731
13.732
13.734
13.743
13.751
13.763
13.769
13.775
13.792
13.793
13.796
13.797
13.799
13.801
13.807
13.809
13.811
13.811
13.828
13.83
13.832
13.832
13.834
13.847
13.851
13.855
13.874
13.875
13.875
13.879
13.881
13.882
13.884
13.885
13.886
13.886
13.887
13.887
13.89
13.891
13.896
13.902
13.904
13.905
13.914
13.92
13.93
13.93
13.936
13.942
13.943
13.951
13.952
13.958
13.96
13.96
13.965
13.967
13.973
13.977
13.979
13.986
13.99
14
14.011
14.012
14.016
14.021
14.037
14.041
14.05
14.051
14.056
14.065
14.068
14.07
14.073
14.075
14.085
14.087
14.087
14.091
14.093
14.096
14.099
14.099
14.103
14.11
14.133
14.145
14.149
14.149
14.155
14.162
14.165
14.168
14.175
14.196
14.2
14.208
14.215
14.217
14.221
14.228
14.229
14.236
14.24
14.242
14.244
14.245
14.249
14.253
14.255
14.255
14.26
14.268
14.274
14.276
14.313
14.314
14.32
14.32
14.321
14.34
14.345
14.347
14.356
14.36
14.38
14.387
14.396
14.398
14.403
14.406
14.414
14.417
14.419
14.425
14.431
14.432
14.435
14.436
14.44
14.445
14.449
14.451
14.453
14.454
14.463
14.479
14.479
14.482
14.487
14.492
14.492
14.493
14.497
14.498
14.5
14.501
14.502
14.509
14.509
14.511
14.512
14.522
14.525
14.531
14.537
14.544
14.55
14.558
14.561
14.564
14.581
14.584
14.586
14.589
14.59
14.595
14.597
14.599
14.6
14.602
14.609
14.613
14.616
14.616
14.63
14.639
14.647
14.649
14.651
14.655
14.658
14.678
14.68
14.69
14.697
14.698
14.704
14.706
14.717
14.72
14.724
14.729
14.73
14.745
14.746
14.751
14.76
14.776
14.779
14.779
14.784
14.786
14.789
14.792
14.795
14.798
14.802
14.804
14.807
14.813
14.813
14.819
14.825
14.825
14.83
14.846
14.849
14.85
14.855
14.858
14.866
14.87
14.875
14.88
14.888
14.892
14.897
14.903
14.908
14.913
14.914
14.927
14.936
14.942
14.947
14.952
14.954
14.962
14.964
14.968
14.985
14.99
14.994
14.997
15.014
15.027
15.032
15.033
15.036
15.042
15.048
15.054
15.061
15.067
15.074
15.079
15.08
15.084
15.086
15.094
15.096
15.106
15.119
15.129
15.137
15.141
15.145
15.149
15.149
15.172
15.176
15.176
15.181
15.182
15.194
15.195
15.195
15.196
15.196
15.196
15.197
15.199
15.201
15.201
15.205
15.208
15.215
15.221
15.226
15.242
15.249
15.257
15.26
15.264
15.267
15.268
15.269
15.269
15.286
15.288
15.292
15.295
15.3
15.301
15.302
15.306
15.307
15.308
15.334
15.335
15.339
15.344
15.348
15.351
15.355
15.362
15.37
15.376
15.377
15.388
15.401
15.407
15.41
15.419
15.422
15.425
15.433
15.461
15.464
15.466
15.467
15.478
15.481
15.495
15.503
15.506
15.507
15.52
15.528
15.528
15.529
15.537
15.544
15.545
15.559
15.563
15.577
15.577
15.59
15.598
15.599
15.599
15.613
15.614
15.618
15.622
15.627
15.628
15.629
15.642
15.655
15.657
15.662
15.671
15.677
15.677
15.68
15.694
15.698
15.702
15.704
15.722
15.724
15.725
15.749
15.755
15.758
15.761
15.768
15.77
15.77
15.772
15.777
15.781
15.782
15.786
15.789
15.794
15.798
15.804
15.813
15.817
15.825
15.828
15.83
15.84
15.851
15.855
15.857
15.859
15.878
15.914
15.921
15.927
15.934
15.938
15.953
15.97
15.971
15.976
15.986
15.989
15.992
16.009
16.009
16.012
16.02
16.021
16.027
16.035
16.036
16.041
16.045
16.053
16.053
16.055
16.06
16.081
16.081
16.082
16.099
16.114
16.128
16.131
16.14
16.145
16.151
16.153
16.155
16.158
16.17
16.194
16.195
16.203
16.205
16.207
16.212
16.217
16.218
16.242
16.243
16.25
16.251
16.257
16.26
16.269
16.282
16.287
16.29
16.296
16.298
16.308
16.313
16.319
16.323
16.329
16.34
16.341
16.347
16.348
16.349
16.356
16.368
16.369
16.38
16.38
16.39
16.4
16.408
16.416
16.416
16.454
16.459
16.47
16.471
16.479
16.487
16.498
16.506
16.519
16.519
16.521
16.534
16.543
16.545
16.547
16.55
16.562
16.576
16.577
16.583
16.598
16.605
16.61
16.61
16.615
16.642
16.656
16.66
16.663
16.668
16.678
16.68
16.688
16.688
16.697
16.703
16.706
16.717
16.721
16.742
16.753
16.755
16.769
16.773
16.782
16.784
16.785
16.788
16.794
16.8
16.802
16.806
16.81
16.811
16.831
16.851
16.872
16.883
16.9
16.919
16.928
16.932
16.934
16.94
16.943
16.946
16.952
16.967
16.983
16.983
16.986
16.993
16.996
17.019
17.02
17.031
17.064
17.07
17.071
17.088
17.107
17.124
17.137
17.142
17.164
17.166
17.176
17.179
17.18
17.192
17.193
17.222
17.222
17.243
17.258
17.272
17.276
17.277
17.308
17.31
17.323
17.328
17.341
17.345
17.354
17.365
17.414
17.418
17.426
17.434
17.439
17.446
17.455
17.458
17.461
17.465
17.489
17.514
17.522
17.528
17.528
17.531
17.542
17.552
17.553
17.566
17.576
17.579
17.588
17.589
17.593
17.599
17.599
17.604
17.608
17.616
17.616
17.623
17.63
17.633
17.654
17.66
17.701
17.711
17.712
17.719
17.726
17.727
17.741
17.744
17.747
17.755
17.768
17.771
17.781
17.811
17.811
17.813
17.849
17.853
17.856
17.857
17.875
17.876
17.894
17.909
17.914
17.929
17.929
17.931
17.938
17.999
18.076
18.082
18.084
18.095
18.099
18.107
18.108
18.109
18.121
18.125
18.128
18.143
18.145
18.163
18.174
18.186
18.205
18.225
18.236
18.241
18.252
18.257
18.261
18.263
18.266
18.283
18.286
18.307
18.337
18.343
18.343
18.345
18.373
18.386
18.455
18.461
18.47
18.482
18.488
18.513
18.516
18.523
18.532
18.538
18.554
18.558
18.568
18.572
18.577
18.581
18.588
18.599
18.613
18.639
18.657
18.673
18.691
18.701
18.701
18.735
18.746
18.786
18.808
18.819
18.827
18.835
18.843
18.858
18.868
18.883
18.886
18.891
18.892
18.899
18.907
18.909
18.944
18.95
18.959
18.968
18.993
18.998
19.016
19.024
19.039
19.074
19.091
19.099
19.107
19.112
19.115
19.155
19.185
19.188
19.206
19.22
19.231
19.237
19.243
19.247
19.262
19.278
19.294
19.321
19.334
19.341
19.348
19.361
19.375
19.403
19.41
19.411
19.427
19.435
19.488
19.514
19.53
19.543
19.565
19.576
19.59
19.628
19.639
19.643
19.656
19.674
19.677
19.697
19.699
19.704
19.706
19.714
19.722
19.727
19.734
19.78
19.856
19.874
19.883
19.891
19.891
19.895
19.901
19.904
19.955
19.969
19.985
20.019
20.024
20.099
20.105
20.122
20.151
20.18
20.203
20.206
20.217
20.229
20.245
20.274
20.312
20.313
20.343
20.345
20.409
20.537
20.583
20.603
20.609
20.687
20.689
20.735
20.781
20.784
20.815
20.821
20.823
20.841
20.849
20.857
20.859
20.903
20.936
20.949
20.954
20.986
21.052
21.114
21.126
21.157
21.158
21.199
21.225
21.264
21.29
21.311
21.312
21.325
21.352
21.451
21.473
21.505
21.517
21.526
21.564
21.585
21.594
21.626
21.633
21.666
21.686
21.689
21.808
21.831
21.874
21.904
21.948
22.014
22.022
22.031
22.082
22.102
22.219
22.227
22.343
22.39
22.417
22.425
22.457
22.487
22.554
22.557
22.665
22.681
22.707
22.792
22.825
22.847
22.875
22.899
22.972
23.034
23.045
23.051
23.122
23.178
23.207
23.279
23.496
23.499
23.598
23.655
23.71
23.823
23.846
23.863
24.077
24.099
24.315
24.362
24.417
24.465
24.579
24.64
24.771
24.854
24.857
24.86
24.983
24.996
25.052
25.172
25.3
25.332
25.356
25.532
25.668
25.697
25.902
26.017
26.1
26.195
26.315
26.351
26.514
26.858
27.169
27.537
27.559
27.898
27.988
28.449
28.478
28.879
29.696
29.831
30.881
30.971
